 146,148
 134,290
 129,884
 170,993
 139,357
 127,586
 137,310
 135,820
 133,896
 127,062
 149,898
 139,021
 118,779
 164,137
 153,398
 151,391
 157,981
 127,294
 137,335
 163,042
 147,204
 142,585
 146,335
 136,979
 166,427
 136,173
 137,720
 159,263
 126,695
 142,803
 176,505
 121,063
 138,651
 135,422
 151,733
 127,918
 139,938
 129,482
 133,154
 130,022
 141,583
 145,789
 134,487
 140,045
 124,041
 130,771
 128,306
 115,524
 160,560
 167,243
 137,901
 109,946
 94,493
 148,846
 161,530
 150,463
 149,361
 125,454
 141,875
 95,357
 136,936
 138,529
 145,224
 121,692
 135,288
 124,794
 145,365
 129,350
 144,127
 144,595
 126,445
 121,502
 160,223
 149,961
 135,701
 146,472
 143,937
 147,161
 131,335
 143,453
 147,421
 147,687
 154,697
 153,850
 114,031
 124,394
 115,557
 100,735
 99,935
 138,668
 146,493
 111,526
 126,610
 154,962
 165,665
 142,442
 168,305
 123,907
 116,669
 152,120
 146,622
 144,232
 130,406
 124,449
 135,686
 118,361
 160,801
 124,322
 164,062
 154,146
 139,416
 141,874
 137,033
 135,587
 102,980
 152,492
 145,787
 140,446
 105,944
 112,267
 139,576
 122,750
 121,043
 127,388
 139,036
 140,029
 100,499
 136,408
 107,972
 142,051
 146,316
 130,523
 125,823
 142,184
 140,497
 124,238
 109,856
 108,742
 124,391
 118,902
 144,991
 151,709
 140,256
 153,082
 152,637
 130,235
 145,771
 147,424
 136,518
 124,325
 131,635
 121,117
 105,717
 134,621
 126,557
 150,028
 107,788
 118,926
 146,645
 138,819
 135,653
 121,456
 144,728
 152,496
 134,244
 103,522
 85,341
 137,052
 128,898
 171,620
 124,006
 145,646
 107,561
 129,877
 116,257
 122,500
 161,087
 135,160
 135,529
 154,799
 129,174
 127,787
 141,139
 140,397
 115,070
 135,626
 131,774
 138,658
 139,772
 130,099
 131,636
 167,563
 103,841
 153,465
 86,574
 143,977
 136,318
 113,468
 143,448
 119,550
 137,562
 119,451
 124,648
 117,960
 123,346
 138,711
 172,040
 129,774
 132,924
 109,811
 98,077
 112,063
 111,974
 121,462
 137,732
 107,566
 112,191
 104,383
 133,171
 133,096
 125,945
 126,034
 141,409
 130,267
 129,890
 124,118
 98,739
 125,882
 103,791
 158,238
 119,509
 139,723
 85,508
 112,765
 122,760
 134,988
 126,343
 96,423
 128,265
 104,163
 93,835
 138,299
 112,944
 104,608
 87,263
 145,784
 81,912
 103,130
 131,036
 139,914
 92,856
 109,963
 131,526
 84,196
 86,063
 108,701
 110,454
 120,353
 110,767
 143,990
 97,337
 112,675
 108,506
 121,155
 101,489
 122,775
 131,591
 103,485
 120,620
 110,132
 96,037
 93,575
 125,051
 106,800
 91,249
 100,585
 116,643
 102,787
 80,172
 92,308
 95,297
 97,089
 97,145
 112,182
 117,288
 100,768
 129,373
 77,305
 121,344
 102,558
 100,749
 142,091
 98,193
 77,755
 97,479
 122,121
 127,911
 88,609
 113,684
 105,515
 116,318
 87,973
 62,575
 137,974
 113,908
 117,423
 114,241
 117,323
 111,586
 116,476
 95,816
 91,944
 116,147
 127,309
 83,944
 104,837
 85,270
 114,710
 96,084
 130,875
 93,795
 98,705
 117,730
 99,088
 67,026
 110,911
 90,322
 105,816
 101,310
 86,480
 122,979
 82,830
 131,694
 110,388
 109,957
 99,966
 102,702
 96,967
 77,483
 92,433
 103,845
 124,604
 77,790
 97,439
 80,987
 95,284
 116,852
 106,421
 87,244
 96,787
 105,021
 101,589
 120,376
 105,994
 105,683
 115,500
 97,403
 97,986
 62,606
 111,040
 78,837
 101,996
 89,707
 91,526
 96,184
 96,817
 118,528
 101,491
 88,218
 99,129
 110,678
 99,890
 104,131
 78,283
 76,170
 73,849
 88,031
 107,205
 107,565
 107,042
 126,912
 55,686
 124,377
 99,214
 106,689
 127,332
 85,433
 99,055
 104,108
 97,442
 78,342
 102,677
 91,463
 129,219
 102,679
 98,081
 83,893
 89,187
 114,723
 109,075
 97,730
 104,788
 102,014
 74,469
 96,267
 101,111
 128,718
 120,611
 95,771
 88,207
 107,667
 120,434
 104,743
 104,362
 117,915
 106,407
 123,193
 91,454
 99,712
 93,739
 108,544
 97,410
 137,851
 114,842
 86,237
 108,885
 91,554
 77,789
 90,855
 96,850
 103,217
 98,180
 105,319
 104,028
 75,952
 121,003
 105,252
 96,812
 95,985
 124,328
 75,861
 105,890
 115,895
 104,389
 106,074
 105,923
 131,838
 104,386
 128,748
 79,636
 83,875
 98,699
 84,837
 94,843
 102,661
 87,310
 104,136
 108,363
 80,887
 95,756
 96,380
 93,027
 102,299
 91,292
 70,319
 91,648
 100,135
 94,030
 107,175
 104,170
 91,655
 96,860
 81,453
 94,628
 112,685
 105,249
 88,146
 70,695
 97,985
 99,203
 86,227
 63,647
 128,818
 107,598
 96,003
 142,687
 106,145
 113,119
 87,730
 87,922
 107,118
 114,462
 89,898
 96,290
 103,337
 95,700
 102,073
 93,480
 92,825
 106,291
 100,142
 114,023
 99,995
 103,003
 101,319
 118,067
 92,341
 89,955
 120,391
 92,889
 92,013
 114,381
 95,779
 91,084
 117,245
 105,913
 109,490
 96,680
 98,118
 94,057
 133,608
 101,675
 92,415
 93,138
 88,126
 103,662
 85,350
 118,553
 109,313
 80,571
 112,656
 59,056
 107,562
 123,215
 116,239
 83,507
 112,801
 102,096
 87,914
 84,277
 108,365
 92,975
 114,238
 124,111
 80,506
 88,861
 107,243
 85,072
 69,533
 129,419
 107,359
 111,656
 95,185
 118,972
 122,219
 105,014
 129,231
 102,117
 58,898
 95,486
 88,141
 96,126
 107,961
 89,078
 120,934
 115,349
 75,177
 110,807
 109,877
 120,027
 99,229
 94,259
 93,115
 130,445
 109,997
 129,884
 85,941
 89,525
 130,710
 110,355
 115,375
 137,898
 125,685
 84,034
 104,298
 103,784
 90,310
 79,031
 110,321
 89,026
 99,891
 118,128
 85,416
 87,801
 85,866
 115,865
 82,998
 121,100
 103,651
 87,017
 109,391
 82,360
 106,122
 102,856
 99,942
 103,424
 112,319
 82,455
 102,523
 85,608
 83,237
 79,469
 104,828
 90,659
 91,627
 117,526
 114,728
 98,208
 105,835
 122,067
 124,008
 86,969
 86,407
 109,533
 106,078
 104,051
 124,070
 121,337
 127,661
 131,885
 103,909
 77,533
 79,406
 68,869
 99,950
 106,355
 116,636
 112,504
 117,029
 97,332
 117,062
 122,567
 113,504
 109,124
 122,418
 103,399
 110,348
 103,564
 106,176
 121,216
 95,585
 98,261
 108,700
 114,432
 97,514
 106,425
 113,653
 104,318
 116,166
 113,364
 108,331
 103,582
 76,810
 122,153
 93,080
 105,603
 79,986
 126,810
 91,221
 133,351
 82,513
 95,817
 119,266
 99,913
 99,054
 106,640
 76,451
 126,409
 103,565
 123,157
 78,927
 118,508
 111,908
 88,424
 107,083
 88,295
 121,440
 72,543
 108,053
 130,527
 113,098
 97,170
 93,167
 84,976
 104,464
 111,156
 115,742
 117,785
 87,886
 103,413
 95,047
 99,779
 88,193
 144,297
 96,366
 103,499
 149,896
 111,968
 100,336
 77,651
 105,718
 138,142
 95,835
 112,574
 81,612
 112,283
 67,987
 130,279
 132,570
 105,148
 120,269
 125,775
 108,710
 111,842
 84,256
 105,045
 99,622
 109,623
 111,480
 107,145
 102,504
 125,932
 110,991
 99,125
 108,569
 80,650
 108,649
 134,760
 105,248
 112,777
 102,480
 125,064
 121,328
 109,482
 112,066
 112,359
 105,096
 98,679
 108,046
 114,907
 109,173
 100,208
 112,311
 118,608
 137,404
 138,325
 110,673
 129,990
 112,524
 87,951
 109,625
 130,358
 112,846
 96,376
 147,034
 95,568
 109,465
 85,388
 147,077
 93,989
 116,531
 137,498
 127,915
 110,756
 141,135
 114,379
 94,731
 136,835
 128,932
 131,316
 115,401
 120,395
 102,543
 111,875
 98,429
 135,836
 131,322
 114,576
 120,858
 151,681
 96,958
 112,895
 108,044
 86,596
 133,429
 119,429
 130,616
 125,811
 121,691
 99,014
 132,082
 138,629
 154,301
 119,402
 104,169
 132,612
 112,673
 113,874
 109,781
 94,096
 125,818
 146,485
 112,595
 134,982
 132,008
 128,196
 131,845
 110,524
 109,282
 94,617
 105,199
 135,566
 122,850
 112,573
 123,442
 112,640
 114,444
 101,162
 106,006
 95,652
 135,826
 109,754
 134,859
 91,210
 113,575
 141,075
 135,151
 136,293
 126,764
 89,054
 136,830
 99,432
 119,752
 138,857
 155,976
 134,611
 135,743
 134,550
 110,513
 131,253
 106,110
 120,737
 117,379
 150,612
 128,061
 104,387
 151,832
 136,008
 148,536
 160,446
 127,864
 120,234
 121,613
 112,228
 125,722
 133,014
 140,222
 127,367
 157,115
 132,408
 113,072
 127,655
 96,920
 115,679
 132,415
 123,667
 142,680
 137,185
 120,572
 103,165
 141,503
 94,764
 134,933
 121,750
 129,923
 101,743
 110,185
 133,336
 143,525
 115,750
 84,986
 126,497
 128,091
 92,171
 93,465
 149,775
 131,906
 121,868
 128,533
 129,266
 137,566
 124,557
 134,331
 152,119
 148,173
 147,156
 127,302
 136,039
 117,664
 152,304
 133,210
 128,757
 107,966
 119,817
 131,620
 116,102
 97,819
 132,145
 126,500
 160,362
 121,805
 127,484
 137,331
 90,472
 96,566
 146,214
 114,204
 162,454
 143,480
 151,151
 111,625
 121,137
 139,574
 136,140
 132,215
 156,781
 143,920
 118,423
 148,901
 117,448
 123,978
 128,440
 126,390
 184,825
 101,973
 129,358
 119,855
 142,369
 115,715
 134,669
 127,715
 139,253
 160,647
 156,908
 144,289
 132,486
 151,099
 151,525
 118,915
 135,223
 123,137
 112,255
 142,863
 139,924
 114,112
 120,696
 151,729
 122,134
 148,612
 129,122
 126,725
 142,031
 125,977
 158,479
 175,323
 163,497
 147,905
 153,622
 137,309
 144,028
 111,680
 122,909
 148,663
 179,165
 147,195
 160,789
 135,669
 131,476
 140,809
 134,285
 83,565
 157,362
 136,280
 131,831
 132,279
 140,806
 136,243
 129,619
 101,116
 126,369
 119,192
 163,545
 121,663
 159,724
 178,473
 153,768
 145,051
 158,699
 137,564
 181,654
 165,615
 158,628
 168,146
 121,935
 162,104
 144,203
 149,225
 130,085
 119,521
 156,420
 147,927
 165,228
 130,780
 143,496
 150,866
 143,013
 142,934
 160,297
 150,852
 121,655
 139,222
 137,894
 146,214
 128,701
 153,680
 113,827
 140,112
 155,810
 137,606
 122,122
 146,581
 132,390
 152,497
 149,033
 167,328
 169,748
 154,077
 149,111
 162,119
 162,489
 124,671
 172,352
 116,180
 145,042
 157,034
 154,734
 147,254
 112,568
 147,995
 168,489
 120,363
 142,390
 161,974
 141,283
 161,912
 148,192
 173,891
 148,652
 138,956
 161,810
 199,687
 157,142
 145,673
 130,193
 162,578
 117,236
 155,281
 123,396
 148,211
 162,266
 139,582
 151,857
 179,775
 148,532
 152,683
 160,846
 181,661
 134,782
 144,733
 164,515
 115,570
 172,866
 145,805
 129,931
 141,345
 161,667
 147,477
 181,782
 130,253
 137,128
 139,112
 149,635
 155,808
 148,607
 144,628
 195,930
 148,408
 166,349
 176,007
 157,531
 171,125
 169,137
 135,052
 134,275
 158,884
 121,042
 160,486
 133,066
 109,781
 152,818
 151,585
 155,684
 179,918
 164,757
 129,159
 164,033
 162,884
 149,729
 133,543
 131,413
 147,887
 137,717
 136,429
 146,254
 165,076
 160,974
 163,379
 144,959
 130,230
 160,596
 147,509
 169,929
 179,651
 190,389
 128,142
 151,566
 146,664
 147,466
 169,891
 163,610
 131,791
 143,958
 191,822
 131,031
 157,711
 174,137
 154,784
 169,864
 160,463
 146,531
 164,549
 134,375
 157,062
 141,951
 163,800
 170,871
 166,661
 186,496
 175,597
 128,206
 168,335
 183,509
 152,892
 169,159
 165,025
 179,897
 158,043
 166,807
 158,287
 126,619
 131,254
 176,615
 157,480
 157,009
 175,465
 156,950
 139,180
 172,825
 116,406
 184,597
 160,502
 163,014
 158,367
 183,496
 149,525
 155,462
 148,528
 166,123
 145,494
 137,582
 163,401
 179,112
 174,452
 164,466
 123,596
 172,945
 190,355
 144,264
 146,944
 179,446
 146,416
 171,350
 156,973
 181,330
 153,591
 166,813
 210,771
 170,786
 173,017
 158,693
 170,300
 178,133
 148,283
 162,525
 140,293
 179,732
 166,160
 149,753
 163,344
 147,361
 156,421
 160,976
 165,959
 164,306
 161,392
 147,348
 151,912
 177,173
 199,417
 187,141
 156,237
 184,106
 167,770
 131,339
 183,576
 169,050
 145,746
 174,417
 165,238
 162,498
 179,542
 195,937
 193,605
 156,975
 174,220
 185,620
 155,245
 156,978
 172,896
 174,343
 175,135
 180,688
 184,121
 176,413
 159,002
 185,467
 175,459
 170,345
 148,172
 147,022
 165,894
 178,316
 188,896
 167,259
 182,649
 184,446
 154,175
 151,569
 167,966
 159,331
 187,307
 186,767
 161,269
 195,609
 175,276
 125,515
 153,469
 141,444
 193,010
 210,410
 176,282
 184,036
 185,442
 186,575
 179,229
 162,419
 169,984
 173,500
 193,827
 170,591
 179,620
 194,641
 150,163
 174,488
 183,673
 191,041
 161,764
 159,701
 210,365
 183,070
 181,997
 157,804
 190,504
 186,019
 156,907
 166,264
 206,461
 168,371
 189,859
 180,727
 160,394
 160,416
 186,352
 156,522
 144,762
 202,071
 142,911
 179,873
 213,935
 184,601
 175,013
 176,162
 173,044
 172,792
 168,035
 197,289
 201,651
 184,136
 195,958
 211,990
 188,091
 177,389
 153,121
 167,192
 210,231
 199,316
 183,596
 186,489
 188,721
 168,721
 144,706
 194,235
 170,885
 178,729
 205,310
 170,561
 171,677
 161,131
 197,080
 149,049
 172,665
 196,052
 166,011
 214,905
 172,814
 165,518
 183,636
 163,107
 211,582
 203,490
 180,214
 184,842
 175,937
 173,361
 186,281
 199,145
 197,888
 176,121
 191,767
 169,374
 177,326
 212,775
 185,889
 194,832
 207,294
 194,593
 198,232
 186,220
 200,074
 183,609
 162,412
 206,687
 196,488
 169,034
 179,545
 200,912
 195,414
 199,275
 199,772
 229,271
 166,901
 196,886
 176,772
 172,316
 178,203
 155,875
 182,433
 213,872
 183,280
 176,429
 173,741
 167,847
 184,293
 171,348
 193,258
 163,550
 183,770
 192,575
 190,120
 187,429
 194,373
 191,261
 184,228
 169,370
 212,796
 188,025
 194,929
 189,271
 171,810
 130,672
 177,771
 199,836
 187,750
 150,428
 226,271
 185,375
 190,847
 196,401
 189,535
 201,312
 165,213
 185,466
 162,000
 199,421
 207,862
 181,916
 183,938
 196,255
 174,624
 195,684
 186,964
 189,124
 213,070
 206,655
 209,075
 169,825
 160,349
 192,367
 191,082
 217,689
 176,580
 180,699
 187,415
 205,332
 199,555
 171,777
 176,015
 198,507
 198,635
 179,071
 226,196
 211,171
 189,320
 176,144
 177,780
 179,519
 174,114
 216,225
 199,834
 209,200
 216,012
 200,538
 170,150
 205,559
 222,143
 184,276
 216,761
 186,415
 222,407
 193,955
 210,882
 216,564
 182,717
 210,118
 194,892
 174,678
 214,259
 204,212
 202,853
 180,403
 204,533
 183,334
 214,670
 195,376
 183,569
 203,813
 193,513
 223,464
 178,374
 180,753
 181,279
 214,339
 231,059
 211,875
 190,621
 193,670
 173,180
 187,077
 200,444
 219,759
 208,730
 209,934
 224,810
 185,355
 222,094
 209,592
 193,526
 204,348
 221,594
 202,266
 202,952
 196,507
 218,839
 178,362
 199,052
 197,155
 211,880
 193,337
 185,843
 166,352
 193,380
 201,795
 165,439
 206,674
 166,081
 186,501
 193,404
 171,557
 235,291
 190,549
 185,789
 223,118
 226,979
 220,189
 195,302
 219,758
 209,197
 198,657
 192,761
 185,070
 206,641
 219,434
 191,506
 191,135
 226,543
 222,798
 178,382
 192,526
 199,463
 190,425
 220,520
 220,473
 189,931
 199,599
 211,721
 233,705
 222,693
 214,204
 187,768
 170,163
 187,438
 195,726
 190,185
 190,382
 185,337
 198,108
 179,237
 203,556
 214,102
 145,691
 192,964
 208,560
 197,690
 193,697
 225,261
 174,415
 218,236
 194,539
 228,039
 189,038
 239,156
 216,407
 236,611
 180,005
 203,120
 220,101
 223,090
 236,398
 211,787
 198,195
 242,335
 204,244
 245,926
 226,904
 176,246
 224,948
 209,177
 195,421
 192,649
 221,251
 222,344
 224,113
 233,492
 213,935
 194,128
 201,738
 221,510
 165,956
 231,175
 215,319
 186,123
 211,491
 231,189
 192,355
 227,306
 217,811
 251,521
 226,851
 196,800
 191,885
 212,149
 210,094
 206,308
 214,269
 232,895
 202,217
 195,042
 236,028
 219,077
 226,610
 192,829
 231,214
 195,062
 203,110
 205,085
 233,387
 206,796
 233,193
 213,770
 237,408
 222,960
 217,184
 208,759
 227,785
 186,338
 222,579
 235,215
 209,335
 185,089
 222,435
 218,172
 226,000
 181,340
 199,013
 208,774
 195,741
 232,031
 205,544
 217,041
 211,081
 194,601
 205,977
 209,720
 194,109
 231,132
 210,952
 224,724
 159,166
 201,583
 231,448
 239,080
 247,285
 230,684
 208,305
 233,585
 209,727
 227,215
 232,570
 237,450
 187,434
 101,410
 206,526
 217,186
 234,356
 223,779
 218,105
 205,842
 194,060
 243,977
 244,902
 218,419
 227,360
 243,966
 223,994
 240,304
 190,410
 212,133
 230,930
 228,822
 246,065
 183,924
 220,879
 245,399
 229,972
 202,553
 224,972
 247,257
 241,561
 272,500
 228,020
 235,966
 244,981
 279,118
 221,120
 229,322
 206,183
 233,955
 212,321
 242,657
 223,237
 232,946
 226,431
 239,318
 280,225
 209,955
 233,918
 220,457
 220,349
 226,401
 259,966
 212,556
 252,041
 250,754
 233,520
 221,812
 224,955
 200,516
 252,865
 270,727
 227,057
 236,222
 229,485
 252,654
 251,555
 269,963
 218,230
 250,709
 215,783
 249,796
 242,059
 223,845
 238,299
 225,928
 206,958
 225,597
 219,624
 223,521
 254,171
 221,248
 247,295
 239,808
 206,727
 240,805
 224,450
 224,503
 247,309
 246,267
 223,452
 236,413
 220,087
 242,328
 231,069
 220,463
 219,259
 209,390
 218,791
 247,946
 236,819
 229,750
 218,372
 219,388
 217,548
 249,748
 257,338
 295,369
 268,236
 248,530
 217,850
 193,824
 241,591
 255,450
 239,000
 213,985
 260,330
 229,837
 211,644
 213,570
 238,308
 256,181
 227,177
 242,450
 226,659
 227,970
 256,806
 239,425
 250,642
 227,770
 226,578
 233,143
 227,955
 268,679
 252,098
 226,266
 248,061
 235,630
 261,203
 257,695
 228,839
 257,383
 246,140
 235,972
 213,100
 233,919
 197,945
 238,545
 237,942
 218,217
 222,953
 239,556
 231,294
 213,045
 236,706
 225,324
 241,955
 250,389
 232,016
 227,452
 205,723
 228,870
 266,012
 248,884
 207,153
 213,266
 225,788
 244,759
 194,986
 264,512
 245,519
 246,425
 255,040
 227,896
 257,687
 242,003
 250,823
 238,932
 238,388
 254,425
 232,593
 236,303
 234,113
 226,706
 211,338
 242,366
 241,666
 220,662
 248,683
 254,840
 230,573
 270,982
 228,264
 242,874
 229,556
 230,965
 221,247
 212,755
 232,374
 252,054
 252,322
 222,270
 269,881
 247,615
 249,525
 240,031
 225,035
 231,470
 235,579
 269,618
 218,421
 236,564
 257,789
 239,531
 269,781
 242,453
 257,865
 257,892
 225,471
 255,318
 247,915
 226,483
 247,483
 253,234
 281,806
 270,254
 249,342
 231,335
 246,639
 253,288
 232,598
 252,352
 257,859
 247,679
 246,884
 261,843
 253,364
 277,127
 250,516
 249,266
 286,145
 261,931
 285,999
 214,365
 224,774
 271,668
 218,910
 205,107
 248,928
 252,414
 273,105
 242,002
 263,371
 238,284
 262,895
 258,082
 258,935
 252,335
 265,553
 239,782
 252,455
 213,071
 270,703
 231,237
 248,785
 286,918
 258,912
 219,253
 286,845
 260,028
 266,006
 248,329
 270,902
 264,483
 241,336
 253,275
 241,981
 260,819
 257,323
 254,051
 224,508
 262,410
 259,012
 252,020
 285,818
 235,723
 263,467
 280,436
 254,298
 206,351
 238,846
 252,859
 265,138
 281,675
 265,073
 282,426
 292,999
 249,717
 233,056
 298,644
 251,523
 244,929
 237,271
 243,796
 272,815
 273,136
 259,355
 266,992
 246,250
 247,489
 263,481
 284,289
 294,566
 250,480
 267,145
 246,245
 248,453
 269,457
 249,943
 263,269
 246,096
 237,185
 257,592
 256,524
 244,676
 253,286
 288,867
 277,711
 262,932
 250,638
 275,038
 257,878
 275,336
 257,773
 231,149
 286,946
 249,117
 240,039
 250,577
 253,073
 246,130
 299,089
 274,697
 260,194
 247,217
 225,105
 279,643
 280,798
 242,872
 263,972
 239,692
 258,300
 238,308
 292,691
 275,830
 229,222
 251,764
 255,422
 287,277
 287,960
 241,880
 266,330
 268,842
 260,874
 288,779
 263,992
 269,181
 264,505
 250,419
 241,996
 249,379
 275,548
 289,627
 253,354
 277,654
 289,353
 272,447
 270,089
 291,823
 275,337
 262,711
 252,863
 231,654
 251,346
 286,180
 264,852
 274,226
 256,238
 288,013
 267,268
 275,931
 267,588
 248,660
 298,989
 239,263
 253,754
 252,818
 249,715
 263,584
 270,205
 304,582
 286,779
 242,087
 276,505
 276,644
 289,064
 262,506
 249,046
 286,117
 259,271
 258,685
 256,925
 264,411
 270,621
 257,766
 288,627
 276,121
 265,781
 287,213
 264,692
 284,042
 246,436
 282,033
 274,910
 266,509
 249,119
 275,255
 242,444
 293,215
 249,877
 269,465
 317,897
 254,574
 274,738
 246,126
 271,510
 262,146
 259,898
 261,685
 256,563
 282,824
 279,057
 261,668
 274,947
 289,906
 253,338
 280,204
 287,300
 252,852
 223,155
 275,690
 270,212
 283,155
 294,142
 283,742
 287,247
 286,234
 246,887
 286,701
 266,581
 300,398
 251,231
 298,608
 246,354
 266,996
 246,546
 302,767
 275,843
 275,493
 282,384
 280,004
 234,056
 268,793
 248,793
 307,118
 264,516
 273,815
 270,857
 281,672
 274,151
 257,922
 277,779
 266,375
 278,063
 301,593
 295,815
 285,517
 326,609
 294,719
 276,284
 331,098
 298,617
 272,601
 257,496
 267,785
 303,686
 303,677
 278,079
 287,000
 274,644
 295,885
 273,804
 290,577
 298,623
 306,524
 253,323
 278,662
 266,316
 283,225
 287,142
 262,208
 265,862
 280,714
 271,322
 303,592
 326,674
 299,711
 271,105
 300,794
 292,522
 287,634
 306,416
 288,826
 288,482
 283,503
 305,998
 297,864
 328,168
 290,136
 222,076
 321,434
 297,012
 268,900
 295,196
 283,018
 252,062
 286,376
 286,573
 273,051
 262,707
 294,855
 298,769
 310,465
 273,467
 286,136
 288,754
 319,043
 302,811
 291,575
 284,053
 302,554
 293,258
 270,716
 273,260
 287,474
 238,668
 280,279
 266,692
 318,131
 301,308
 293,384
 295,463
 303,896
 301,838
 280,070
 324,123
 320,946
 295,575
 295,743
 275,972
 294,493
 311,490
 277,591
 295,604
 285,350
 286,017
 311,231
 293,469
 304,009
 289,171
 314,017
 248,888
 286,140
 305,470
 307,146
 293,228
 293,998
 279,379
 305,286
 315,279
 296,048
 311,841
 308,419
 301,920
 296,823
 286,102
 310,203
 324,368
 288,340
 271,102
 318,852
 303,790
 279,752
 312,904
 306,256
 294,040
 267,764
 307,139
 283,563
 307,092
 300,889
 280,888
 318,143
 286,191
 284,125
 304,502
 297,404
 316,225
 305,170
 297,550
 291,004
 295,643
 338,835
 297,341
 311,003
 313,491
 316,667
 313,327
 306,296
 321,765
 299,607
 317,690
 310,693
 268,348
 303,319
 287,222
 274,105
 311,000
 295,190
 311,596
 298,781
 311,762
 314,775
 269,735
 326,994
 306,580
 315,407
 308,165
 310,612
 305,666
 309,345
 311,338
 321,100
 326,159
 318,822
 329,047
 290,382
 311,969
 298,778
 281,259
 297,479
 290,083
 318,427
 331,024
 308,191
 289,283
 320,330
 316,161
 348,662
 302,428
 368,677
 300,898
 293,682
 299,300
 288,459
 301,345
 302,308
 327,712
 313,680
 296,136
 297,136
 304,171
 273,247
 307,433
 330,628
 299,829
 318,270
 288,505
 301,791
 269,349
 304,642
 334,336
 302,468
 317,890
 312,576
 300,734
 311,076
 314,450
 328,958
 341,314
 305,024
 340,843
 301,312
 316,771
 311,491
 297,818
 340,359
 318,173
 334,751
 346,213
 341,720
 319,184
 274,348
 290,102
 293,562
 311,913
 333,230
 325,237
 286,941
 299,974
 345,206
 305,600
 326,875
 295,394
 314,028
 329,689
 328,987
 323,629
 318,336
 343,672
 316,546
 346,313
 330,706
 308,403
 322,909
 316,053
 267,800
 342,414
 302,894
 286,185
 315,668
 322,450
 277,133
 208,683
 320,057
 318,568
 319,097
 314,659
 291,462
 264,146
 299,899
 334,491
 311,834
 298,234
 333,868
 321,941
 316,913
 293,195
 340,016
 297,179
 292,662
 315,002
 313,407
 316,227
 318,306
 293,456
 305,011
 284,182
 324,193
 286,790
 292,468
 327,808
 285,745
 282,098
 340,170
 338,037
 335,728
 316,303
 330,984
 332,008
 343,060
 333,276
 336,067
 325,253
 310,735
 345,699
 328,582
 323,189
 327,304
 330,565
 340,923
 334,725
 345,937
 314,970
 323,155
 335,451
 329,569
 363,497
 307,419
 307,336
 320,860
 330,079
 314,577
 331,593
 327,693
 320,408
 319,569
 331,921
 302,797
 356,820
 326,105
 325,090
 323,768
 304,744
 354,534
 331,677
 299,537
 337,993
 320,701
 334,740
 314,680
 340,591
 353,996
 320,276
 328,202
 324,225
 293,868
 344,841
 342,563
 339,498
 267,118
 349,069
 281,177
 346,050
 338,073
 346,647
 316,789
 332,665
 294,649
 313,512
 314,481
 322,250
 318,778
 319,139
 354,459
 316,330
 318,703
 322,277
 313,876
 344,783
 318,284
 340,332
 294,554
 328,768
 317,567
 338,950
 313,350
 342,169
 339,559
 334,805
 348,613
 322,441
 297,727
 333,303
 336,990
 308,808
 324,623
 300,568
 299,260
 333,247
 329,159
 335,248
 309,439
 344,095
 302,791
 270,361
 294,146
 363,612
 286,590
 317,625
 320,117
 315,806
 345,835
 330,502
 332,199
 336,408
 325,196
 339,918
 319,182
 339,297
 299,403
 351,683
 340,740
 320,558
 330,718
 327,031
 302,324
 339,711
 315,735
 341,759
 306,321
 339,744
 357,125
 342,659
 339,257
 333,309
 344,524
 330,330
 347,490
 340,946
 330,964
 329,700
 337,367
 320,532
 305,638
 314,887
 307,733
 351,183
 349,265
 324,376
 307,348
 360,658
 318,115
 333,047
 315,922
 300,539
 352,242
 330,089
 310,097
 328,972
 342,984
 331,452
 318,255
 374,957
 331,937
 335,483
 328,506
 352,537
 317,440
 334,445
 312,970
 312,361
 309,092
 272,773
 359,038
 330,131
 363,839
 328,984
 330,777
 333,806
 321,203
 351,405
 323,537
 344,774
 337,418
 346,490
 342,663
 328,524
 332,166
 321,748
 341,764
 323,618
 326,574
 343,693
 311,824
 305,699
 346,094
 303,448
 322,998
 320,784
 346,050
 354,201
 339,527
 334,133
 330,396
 328,200
 321,424
 313,095
 311,417
 344,220
 359,969
 320,513
 367,204
 329,130
 345,267
 336,000
 333,201
 347,680
 377,093
 325,370
 350,020
 325,171
 334,322
 331,244
 366,664
 340,306
 306,503
 345,553
 328,366
 330,554
 359,119
 344,264
 328,699
 333,327
 315,359
 367,686
 337,079
 320,921
 322,974
 357,690
 366,740
 318,352
 352,320
 380,370
 357,072
 335,938
 364,054
 357,145
 341,375
 313,263
 313,115
 322,966
 360,869
 310,434
 361,430
 353,420
 351,168
 319,441
 322,968
 384,087
 327,826
 347,479
 316,138
 325,169
 376,291
 357,860
 333,232
 361,211
 340,897
 355,295
 348,074
 343,475
 363,003
 369,747
 336,133
 310,091
 326,955
 354,860
 356,435
 338,589
 329,111
 341,264
 348,168
 334,300
 314,931
 347,421
 346,244
 389,965
 348,697
 324,094
 331,958
 317,526
 331,909
 310,415
 331,858
 351,198
 314,237
 342,981
 357,371
 357,250
 357,624
 326,299
 366,752
 371,138
 344,744
 375,014
 374,396
 336,395
 335,008
 323,446
 349,915
 355,913
 343,435
 359,471
 357,433
 365,290
 330,194
 345,210
 325,518
 351,381
 343,593
 348,289
 352,992
 354,287
 332,055
 353,934
 328,172
 349,089
 323,322
 439,072
 337,937
 354,278
 355,094
 318,881
 368,658
 388,505
 355,741
 323,360
 339,836
 349,614
 321,061
 360,278
 308,059
 383,553
 302,067
 388,824
 353,238
 342,305
 332,404
 336,951
 369,922
 339,203
 351,148
 333,439
 378,120
 339,442
 352,562
 355,570
 355,076
 367,243
 342,222
 377,087
 355,398
 366,275
 321,612
 346,430
 366,339
 320,875
 356,454
 331,003
 348,388
 367,431
 331,240
 368,435
 340,540
 348,533
 335,010
 373,505
 374,782
 389,128
 331,196
 345,555
 356,272
 348,543
 362,863
 345,780
 338,702
 342,534
 361,602
 359,597
 370,175
 379,618
 346,763
 318,846
 342,125
 350,740
 308,434
 349,634
 330,701
 394,207
 340,219
 335,844
 360,993
 347,637
 346,348
 351,115
 345,420
 388,342
 354,537
 373,538
 333,229
 359,276
 361,609
 355,064
 341,306
 344,720
 340,159
 366,146
 365,061
 358,398
 336,108
 395,317
 356,325
 303,827
 363,838
 357,905
 352,070
 346,227
 331,332
 336,070
 357,800
 348,882
 361,500
 318,959
 355,682
 399,177
 313,616
 361,422
 344,406
 357,588
 348,686
 351,817
 370,083
 361,039
 323,927
 365,102
 378,355
 337,691
 340,579
 356,881
 352,082
 356,779
 376,169
 303,372
 347,657
 355,565
 369,429
 315,469
 327,383
 324,070
 318,460
 371,060
 342,325
 321,047
 347,583
 378,002
 320,375
 366,175
 359,054
 347,114
 360,815
 364,656
 365,586
 312,599
 328,362
 362,259
 352,387
 350,625
 396,251
 370,131
 350,824
 357,141
 363,890
 385,744
 345,677
 339,212
 345,864
 342,230
 343,557
 326,266
 364,069
 323,799
 374,837
 352,464
 387,155
 337,541
 345,459
 347,870
 363,290
 366,548
 334,755
 303,596
 376,577
 338,013
 366,941
 343,922
 360,327
 363,464
 379,875
 360,741
 332,243
 358,082
 316,445
 359,980
 342,890
 350,423
 346,296
 333,047
 369,993
 378,684
 381,516
 312,277
 341,664
 325,098
 369,904
 376,414
 371,641
 362,018
 378,570
 346,957
 390,275
 348,610
 374,671
 331,172
 347,390
 343,069
 389,624
 347,137
 344,644
 356,323
 353,260
 349,280
 358,454
 350,347
 353,775
 355,773
 356,330
 325,818
 377,018
 352,256
 356,454
 349,641
 339,388
 341,013
 329,570
 332,128
 352,918
 367,112
 366,153
 311,173
 361,490
 364,229
 356,219
 332,174
 342,636
 348,885
 350,955
 358,484
 351,115
 384,677
 360,347
 354,887
 384,124
 356,982
 374,332
 316,495
 336,124
 306,860
 364,664
 373,594
 363,369
 378,686
 373,032
 385,060
 351,052
 374,210
 320,644
 358,690
 343,896
 358,753
 377,685
 342,771
 364,340
 376,954
 353,451
 353,724
 347,413
 345,869
 347,067
 387,908
 329,856
 361,627
 358,907
 353,345
 375,974
 361,900
 320,844
 337,613
 333,572
 329,793
 373,035
 329,869
 393,782
 365,858
 338,068
 333,702
 329,994
 340,383
 352,977
 340,099
 359,168
 350,287
 315,167
 364,534
 333,002
 326,212
 354,153
 345,110
 340,314
 331,041
 348,900
 360,131
 319,717
 312,234
 399,097
 313,105
 337,860
 331,567
 366,617
 363,076
 352,904
 357,034
 363,523
 341,189
 361,425
 338,641
 375,410
 374,297
 334,154
 317,526
 325,161
 367,277
 332,823
 332,017
 354,587
 365,348
 357,779
 358,084
 331,766
 367,435
 338,890
 322,779
 347,467
 337,325
 293,443
 338,162
 365,859
 348,479
 353,498
 329,114
 358,369
 317,026
 303,225
 337,128
 351,902
 333,193
 360,063
 341,003
 352,070
 320,600
 339,801
 361,134
 339,644
 349,093
 374,601
 345,390
 360,861
 337,772
 328,472
 317,938
 371,943
 345,157
 341,017
 312,379
 304,403
 316,966
 338,131
 324,849
 351,839
 329,837
 375,397
 330,138
 354,678
 317,295
 310,548
 335,993
 353,343
 353,155
 325,688
 336,466
 359,846
 364,634
 340,001
 327,183
 329,722
 341,541
 322,596
 327,031
 276,968
 347,327
 334,175
 352,801
 320,125
 381,537
 358,969
 355,227
 339,576
 335,992
 322,115
 319,759
 346,872
 356,881
 325,856
 339,372
 346,962
 359,953
 348,982
 344,995
 349,647
 346,006
 322,463
 328,749
 292,791
 328,123
 336,613
 350,522
 336,709
 328,037
 316,951
 314,561
 352,873
 319,856
 339,745
 344,024
 320,838
 310,051
 344,068
 332,154
 315,505
 328,263
 326,860
 343,144
 355,100
 326,894
 325,229
 329,971
 339,510
 324,506
 296,859
 369,260
 317,414
 309,113
 337,061
 329,307
 341,598
 330,957
 324,514
 334,057
 263,737
 342,511
 281,129
 290,777
 358,345
 340,233
 364,189
 269,834
 356,313
 283,470
 323,339
 317,008
 330,020
 365,407
 332,634
 311,499
 319,164
 282,886
 323,217
 341,269
 308,016
 309,816
 323,895
 327,594
 310,148
 314,704
 356,338
 321,765
 350,048
 332,617
 317,171
 314,837
 306,772
 349,964
 307,874
 317,578
 299,944
 320,345
 323,715
 317,397
 321,177
 349,923
 345,484
 327,137
 289,731
 332,562
 357,475
 268,043
 323,274
 360,635
 303,961
 313,533
 315,175
 326,591
 294,419
 334,580
 304,543
 341,092
 304,492
 354,229
 333,429
 301,631
 301,462
 342,157
 318,666
 330,849
 376,524
 326,185
 317,342
 321,300
 318,508
 322,778
 354,225
 316,206
 321,030
 333,244
 350,958
 315,138
 341,373
 323,097
 324,916
 308,891
 319,363
 293,859
 364,268
 310,095
 324,570
 309,668
 346,651
 342,502
 294,862
 318,315
 353,663
 317,046
 357,626
 333,917
 335,025
 310,913
 321,032
 313,932
 336,916
 302,496
 359,277
 329,567
 319,988
 317,318
 289,771
 345,418
 355,045
 267,224
 320,370
 317,462
 329,427
 333,111
 341,502
 324,104
 333,778
 323,725
 325,962
 296,629
 332,397
 307,439
 337,788
 352,820
 324,703
 353,921
 338,617
 321,530
 346,898
 305,241
 328,250
 332,268
 325,906
 340,990
 313,121
 319,702
 341,345
 328,910
 324,369
 343,899
 322,663
 321,597
 340,869
 344,406
 339,098
 336,266
 346,113
 306,142
 355,245
 347,939
 330,324
 352,331
 360,676
 341,794
 339,850
 334,704
 336,794
 320,369
 320,429
 350,488
 288,727
 323,392
 360,045
 313,135
 312,724
 348,786
 320,799
 341,474
 334,384
 325,096
 316,596
 351,673
 354,864
 284,390
 305,005
 312,961
 335,350
 337,127
 364,253
 336,272
 312,173
 324,852
 323,572
 291,921
 329,339
 307,322
 300,705
 329,782
 312,443
 326,553
 326,323
 326,169
 304,965
 333,190
 343,008
 322,097
 339,829
 327,692
 280,333
 282,605
 298,041
 328,884
 306,340
 319,187
 294,574
 284,188
 315,980
 296,418
 351,963
 346,042
 297,852
 329,812
 307,948
 334,392
 313,020
 312,815
 316,274
 295,950
 321,366
 321,998
 320,974
 304,487
 302,993
 350,923
 304,228
 283,000
 348,438
 324,666
 310,014
 330,872
 325,374
 312,351
 317,771
 333,745
 304,535
 320,635
 311,954
 286,255
 316,385
 317,051
 295,576
 303,802
 299,923
 316,540
 317,703
 297,038
 363,055
 306,153
 307,582
 325,055
 345,834
 312,465
 313,112
 281,461
 299,337
 323,106
 309,588
 337,042
 319,032
 325,818
 309,390
 324,511
 320,247
 290,749
 299,724
 315,872
 318,940
 320,088
 303,008
 305,899
 281,532
 279,081
 294,399
 324,852
 336,802
 246,053
 323,593
 289,098
 318,532
 306,416
 349,821
 284,038
 281,921
 296,475
 315,829
 294,360
 328,017
 287,246
 312,492
 294,836
 299,570
 298,525
 288,908
 319,466
 303,158
 338,943
 332,392
 299,672
 318,836
 297,818
 289,078
 287,137
 278,993
 302,352
 283,318
 265,229
 302,278
 299,125
 315,101
 289,299
 289,412
 322,524
 303,803
 290,640
 268,261
 280,699
 297,228
 320,198
 283,918
 335,394
 313,710
 332,414
 294,276
 294,741
 267,931
 280,702
 300,291
 287,261
 291,604
 284,119
 287,072
 312,250
 307,040
 322,010
 315,348
 286,466
 272,229
 277,212
 291,826
 282,851
 268,484
 313,300




























































































































































































































































































































































































































































































































































































































































































































































































































































































































































































































































































































































































































































































































































































































































































































































































































































































































































































































































































































































































































































































































































































































































































































































































































































































































































































































































































































































































































































































































































































































































































































































































































































































































































































































































































































































































































































































































































































































































































































































































































































































































































































































































































































































































































































































































































































































































































































































































































































































































































































































































































































































































































































































































































































































































































































































































































































































































































































































































































































































































































































































































































































































































































































































































































































































































































































































































































































































































































































































































































































































































































































































































































































































































































































































































































































































































































































































































































































































































































































































































































































































































































































































































































































































































































































































































































































































































































































































































































































































































































































































































































































































































































































































































































































































































































































































































































































































































































































































































































































































































































































































































































































































































































































































































































































































































































































































































































































































































































































































































































































































































































































































































































































































































































































































































































































































































































































































































































































































































































































































































































































































































































































































































































































































































































































































































































































































































































































































































































































































































































































































































































































































































































































































































































































































































































































































































































































































































































































































































































































































































































































































































































































































































































































































































































































































































































































































































































































































































































































































































































































































































































































































































































































































































































































































































































































































































































































































































































































































































































































































































































































































































































































































































































































































































































































































































































































































































































































































































































































































































































































































































































































































































































































































































































































































































































































































































































































































































































































































































































































































































































































































































































































































































































































































































































































































































































































































































































































































































































































































































































































































































































































































































































































































































































































































































































































































































































































































































































































































































































































































































































































































































































































































































































































































































































































































































































































































































































































































































































































































































































































































































































































































































































































































































































































































































































































































































































































































































































































































































































































































































































































































































































































































































































































































































































































































































































































































































































































































































































































































































































































































































































































































































































































































































































































































































































































































































































































































































































































































































































































































































































































































































































































































































































































































































































































































































































































































































































































































































































































































































































































































































































































































































































































































































































































































































































































































































































































































































































































































































































































































































































































































































































































































































































































































































































































































































































































































































































































































































































































































































































































































































































































































































































































































































































































































































































































































































































































































































































































































































































































































































































































































































































































































































































































































































































































































































































































































































































































































































































































































































































































































































































































































































































































































































































































































































































































































































































































































































































































































































































































































































































































































































































































































































































































































































