 622,734
 621,798
 637,053
 658,228
 641,337
 668,342
 643,660
 606,944
 661,271
 622,762
 643,140
 653,289
 649,705
 654,375
 654,832
 650,913
 652,862
 644,839
 593,167
 651,642
 640,720
 632,824
 630,839
 658,893
 635,366
 605,931
 692,675
 627,656
 673,732
 634,953
 655,275
 623,317
 643,909
 627,026
 633,780
 622,526
 606,147
 621,905
 627,761
 653,302
 618,714
 624,832
 629,095
 629,191
 627,113
 646,131
 600,795
 639,350
 680,289
 676,869
 632,782
 599,365
 608,488
 638,811
 631,835
 616,125
 650,522
 653,376
 609,722
 623,279
 620,074
 582,619
 629,728
 628,587
 619,519
 619,128
 613,212
 664,099
 657,030
 634,288
 597,842
 639,593
 660,838
 674,606
 604,094
 646,814
 633,356
 660,338
 635,773
 627,684
 594,242
 610,892
 641,932
 605,313
 603,723
 635,386
 621,633
 557,387
 630,587
 641,741
 653,934
 601,491
 628,864
 644,654
 662,730
 614,658
 648,713
 614,965
 641,587
 630,344
 622,661
 622,456
 644,401
 655,648
 637,120
 600,954
 603,526
 627,394
 652,389
 640,016
 604,805
 604,532
 642,563
 617,906
 642,644
 627,166
 625,103
 607,747
 629,223
 586,122
 618,346
 602,338
 628,485
 626,911
 641,017
 651,840
 604,118
 599,886
 600,395
 618,637
 608,702
 609,566
 634,630
 604,843
 621,998
 586,351
 621,667
 568,944
 626,645
 615,967
 596,455
 619,556
 642,783
 622,294
 657,894
 623,477
 595,869
 603,530
 593,988
 584,526
 582,551
 615,724
 593,771
 616,668
 569,828
 635,078
 606,765
 598,515
 617,223
 660,187
 582,747
 631,356
 607,933
 590,852
 648,239
 615,333
 601,248
 594,796
 595,926
 632,367
 610,421
 615,677
 572,131
 594,447
 596,665
 616,016
 595,893
 614,476
 615,391
 594,247
 586,917
 595,088
 599,975
 617,802
 590,289
 601,289
 588,972
 610,874
 574,305
 602,861
 613,409
 607,011
 614,286
 587,179
 603,574
 587,521
 597,884
 561,928
 615,391
 602,962
 581,380
 592,760
 565,734
 579,253
 565,525
 605,192
 587,732
 576,595
 588,756
 616,160
 551,178
 607,490
 573,541
 581,664
 600,118
 586,062
 586,045
 587,249
 558,693
 578,825
 581,504
 604,804
 581,130
 551,693
 596,645
 580,769
 596,077
 569,699
 549,793
 660,218
 524,824
 576,714
 534,241
 599,727
 582,415
 585,358
 608,662
 568,093
 574,539
 579,109
 557,313
 582,935
 561,676
 550,609
 555,110
 557,925
 548,667
 599,376
 608,713
 565,708
 525,204
 559,788
 531,925
 517,364
 552,544
 563,168
 558,913
 549,971
 561,684
 575,246
 541,154
 538,197
 564,338
 552,957
 551,314
 542,016
 557,932
 545,118
 549,146
 556,407
 525,654
 554,049
 549,207
 562,086
 546,808
 529,930
 531,515
 551,519
 538,735
 543,771
 544,030
 522,065
 548,881
 556,546
 537,895
 585,818
 546,702
 545,425
 558,062
 548,286
 544,020
 587,000
 546,379
 504,369
 560,138
 532,078
 533,499
 532,973
 551,767
 509,192
 539,655
 500,661
 512,946
 541,105
 519,768
 550,045
 536,213
 509,803
 539,292
 543,637
 521,064
 489,886
 519,823
 585,052
 511,650
 521,074
 530,179
 533,678
 509,045
 545,201
 522,048
 524,227
 536,152
 510,137
 530,777
 488,100
 508,744
 532,430
 516,182
 528,659
 537,032
 523,916
 538,647
 528,264
 525,648
 497,362
 499,552
 490,267
 533,861
 510,855
 536,193
 552,310
 503,039
 522,961
 551,565
 530,636
 517,251
 474,872
 526,692
 520,125
 506,513
 528,749
 512,584
 514,039
 531,204
 520,815
 540,674
 518,319
 507,242
 499,152
 502,448
 484,646
 482,188
 481,003
 527,713
 497,490
 512,647
 540,120
 525,482
 502,805
 511,896
 503,566
 509,719
 504,077
 517,256
 463,052
 501,264
 490,401
 489,396
 498,976
 513,112
 483,938
 505,115
 496,064
 502,446
 545,754
 493,752
 481,978
 509,969
 503,849
 498,402
 494,066
 462,371
 518,150
 484,510
 495,203
 501,495
 469,107
 507,750
 497,733
 504,137
 484,161
 490,671
 459,304
 495,847
 523,083
 503,176
 520,465
 539,588
 516,732
 502,878
 491,343
 499,408
 500,665
 517,495
 512,541
 530,965
 510,422
 486,732
 508,065
 510,855
 488,525
 510,125
 490,665
 492,644
 536,045
 524,448
 466,720
 502,996
 532,475
 512,628
 483,561
 517,188
 508,523
 468,160
 516,761
 508,109
 491,205
 473,447
 492,778
 459,058
 487,721
 491,719
 514,346
 494,732
 487,208
 510,939
 522,262
 505,937
 490,139
 486,186
 461,415
 462,572
 486,505
 489,134
 491,260
 481,324
 493,198
 506,409
 487,418
 476,845
 498,888
 481,127
 476,946
 503,760
 487,679
 478,689
 517,095
 488,187
 478,082
 538,476
 491,798
 491,409
 487,108
 510,627
 498,549
 512,575
 468,091
 507,123
 482,127
 486,627
 474,696
 492,626
 514,825
 498,041
 511,684
 473,777
 516,249
 481,849
 488,595
 514,617
 508,854
 493,575
 488,771
 483,803
 497,465
 482,811
 484,868
 500,598
 499,045
 528,668
 505,685
 492,749
 512,687
 479,054
 521,470
 517,044
 496,636
 491,573
 462,705
 490,774
 463,990
 485,529
 480,834
 478,869
 480,371
 503,609
 523,840
 444,178
 483,534
 523,085
 494,974
 506,194
 526,032
 446,474
 481,944
 497,491
 484,546
 490,598
 501,178
 512,509
 458,637
 486,936
 495,215
 506,535
 512,305
 476,064
 488,842
 497,325
 478,123
 497,296
 462,245
 523,922
 491,470
 487,732
 446,389
 479,790
 480,011
 489,594
 531,184
 502,570
 477,103
 496,950
 518,006
 516,611
 498,314
 502,323
 508,797
 462,575
 505,989
 504,925
 476,592
 481,873
 480,193
 491,296
 486,804
 502,064
 489,362
 490,615
 494,758
 467,407
 471,448
 498,156
 471,043
 491,282
 472,666
 511,189
 475,725
 487,419
 537,789
 514,683
 532,836
 513,796
 489,349
 488,040
 494,900
 495,352
 469,327
 511,266
 506,629
 492,099
 501,324
 491,823
 478,097
 498,281
 481,039
 505,243
 464,975
 508,966
 503,254
 468,011
 514,982
 504,337
 480,318
 499,795
 485,801
 503,435
 463,466
 510,841
 510,584
 500,840
 504,991
 513,966
 494,881
 495,577
 505,638
 484,817
 490,689
 480,566
 467,034
 497,374
 468,800
 496,910
 490,545
 497,466
 491,344
 497,709
 506,445
 467,713
 509,893
 488,744
 497,866
 495,370
 499,306
 469,220
 514,128
 463,514
 510,719
 476,196
 512,478
 513,912
 499,210
 487,143
 501,058
 528,006
 516,359
 482,895
 514,067
 486,915
 502,501
 521,926
 483,368
 503,365
 500,086
 486,172
 490,168
 524,702
 504,171
 486,255
 500,384
 495,896
 499,613
 485,947
 494,154
 512,049
 494,807
 488,851
 507,276
 504,182
 507,809
 468,986
 480,105
 478,160
 498,947
 474,332
 495,844
 477,396
 496,498
 488,946
 521,099
 504,176
 510,443
 487,185
 515,311
 469,253
 517,912
 520,201
 458,471
 488,792
 489,693
 494,929
 533,069
 512,954
 482,645
 514,148
 464,861
 484,192
 493,062
 499,209
 494,801
 484,251
 473,964
 474,120
 496,091
 479,563
 474,135
 519,166
 525,748
 499,644
 484,332
 487,822
 479,286
 483,673
 500,412
 485,834
 509,678
 495,147
 470,058
 493,921
 492,441
 520,669
 513,887
 512,933
 510,603
 448,065
 502,714
 498,110
 478,074
 521,710
 509,729
 511,369
 503,667
 499,376
 523,009
 491,219
 498,253
 496,214
 492,288
 514,386
 514,815
 491,957
 495,154
 522,000
 513,978
 499,905
 499,379
 508,227
 511,912
 501,072
 526,229
 489,093
 496,238
 520,630
 503,716
 504,762
 501,314
 482,673
 506,360
 487,528
 467,870
 482,718
 498,809
 507,512
 488,038
 523,950
 520,817
 510,138
 481,965
 525,358
 493,842
 495,085
 517,691
 516,846
 491,222
 477,910
 512,321
 482,569
 518,666
 486,187
 519,428
 509,793
 494,307
 510,589
 522,924
 490,364
 523,128
 496,496
 498,045
 538,187
 525,320
 514,015
 520,940
 466,391
 495,460
 529,186
 545,770
 470,668
 559,798
 515,810
 487,945
 536,304
 522,917
 524,937
 503,964
 481,631
 517,992
 493,685
 534,481
 488,062
 497,773
 507,376
 532,958
 485,961
 523,094
 478,886
 475,894
 503,572
 496,178
 525,520
 508,123
 500,684
 473,160
 463,448
 538,368
 490,801
 493,379
 518,394
 521,496
 484,287
 451,269
 505,369
 496,773
 536,351
 491,336
 494,860
 519,356
 504,148
 513,482
 506,137
 506,657
 506,646
 521,950
 513,871
 513,588
 500,397
 502,788
 539,693
 522,116
 487,429
 493,423
 491,491
 497,106
 520,509
 517,698
 518,630
 501,509
 530,660
 502,547
 533,643
 520,978
 542,463
 499,607
 491,429
 521,093
 502,365
 486,173
 509,492
 516,570
 513,005
 524,888
 520,026
 528,874
 486,943
 496,418
 527,353
 484,199
 529,426
 519,289
 493,119
 500,561
 517,053
 474,137
 517,857
 489,927
 519,946
 504,600
 541,441
 529,093
 487,673
 482,562
 481,017
 513,516
 527,671
 470,452
 521,718
 525,598
 533,398
 526,364
 537,125
 513,555
 525,951
 552,263
 512,339
 535,589
 540,927
 551,105
 513,229
 522,785
 506,868
 530,312
 530,060
 505,400
 522,565
 519,670
 518,640
 466,258
 510,507
 525,717
 535,910
 519,528
 537,769
 545,360
 543,738
 501,249
 540,930
 528,318
 514,603
 531,178
 525,038
 507,313
 496,733
 497,507
 525,774
 493,941
 542,718
 534,243
 534,762
 523,465
 503,425
 504,467
 511,544
 535,666
 524,331
 500,847
 516,026
 490,709
 508,786
 538,672
 479,250
 503,666
 545,318
 496,508
 512,987
 531,913
 541,412
 514,317
 521,461
 570,493
 502,384
 508,316
 560,946
 511,289
 533,432
 528,309
 522,431
 526,010
 533,287
 501,781
 509,144
 555,736
 511,287
 530,962
 528,015
 525,565
 495,714
 507,645
 512,805
 509,512
 514,498
 546,066
 531,194
 534,778
 532,132
 550,346
 486,973
 533,882
 522,688
 520,952
 566,876
 537,688
 523,560
 507,518
 525,210
 524,584
 524,214
 528,917
 542,377
 538,757
 521,449
 512,569
 496,654
 528,719
 527,797
 562,581
 545,559
 572,190
 540,536
 542,987
 546,974
 540,548
 521,504
 522,163
 545,335
 548,549
 549,396
 526,034
 524,502
 538,404
 514,460
 561,735
 523,477
 556,616
 513,430
 513,039
 534,335
 553,243
 549,342
 507,722
 527,495
 501,301
 562,286
 535,563
 547,160
 529,647
 514,485
 549,179
 535,050
 517,707
 533,363
 515,968
 522,405
 516,406
 496,099
 528,680
 515,026
 555,129
 524,440
 499,812
 510,362
 558,793
 539,544
 556,914
 512,210
 518,135
 541,049
 527,281
 508,332
 518,702
 523,819
 543,220
 515,574
 538,693
 538,617
 504,546
 538,008
 538,489
 535,788
 536,217
 521,333
 524,254
 560,765
 554,811
 535,423
 512,843
 519,014
 535,931
 542,573
 552,468
 499,186
 546,555
 515,952
 539,969
 540,307
 522,717
 515,672
 541,312
 536,458
 516,067
 567,524
 535,150
 512,693
 557,155
 530,913
 503,843
 528,638
 557,425
 528,762
 540,130
 519,457
 514,317
 524,766
 541,024
 519,071
 550,919
 517,175
 567,658
 517,132
 514,593
 521,793
 542,912
 539,030
 525,300
 540,367
 536,313
 528,154
 476,386
 524,841
 530,735
 500,623
 544,479
 516,759
 560,453
 521,336
 532,935
 513,994
 559,244
 545,261
 515,176
 529,028
 520,617
 526,168
 566,243
 531,641
 519,620
 523,969
 553,454
 538,384
 537,712
 511,242
 527,135
 514,048
 552,033
 565,032
 557,474
 493,316
 546,778
 525,491
 492,706
 523,596
 496,016
 515,807
 541,900
 522,043
 582,221
 543,092
 540,676
 539,346
 545,414
 534,375
 530,000
 549,384
 544,059
 563,742
 531,155
 567,203
 548,880
 552,315
 557,405
 566,985
 575,027
 592,492
 520,831
 539,912
 573,381
 542,761
 526,503
 543,970
 543,176
 534,384
 540,398
 540,391
 573,465
 566,071
 535,563
 557,842
 553,526
 539,033
 537,180
 495,507
 527,107
 561,994
 531,192
 565,047
 546,758
 551,290
 557,773
 560,669
 549,046
 522,683
 533,339
 524,206
 576,235
 554,917
 555,308
 554,852
 540,576
 554,983
 520,361
 533,963
 550,354
 533,436
 589,226
 523,240
 521,382
 532,965
 558,475
 564,203
 535,960
 545,291
 566,466
 540,936
 596,282
 568,071
 568,659
 548,066
 539,991
 542,530
 541,142
 593,781
 562,233
 533,610
 580,490
 528,675
 555,695
 559,880
 543,378
 529,101
 545,896
 591,351
 546,307
 530,695
 579,590
 555,609
 549,488
 566,226
 572,726
 518,839
 547,237
 562,361
 567,813
 559,462
 583,775
 549,768
 580,039
 571,342
 532,772
 560,286
 525,975
 579,849
 558,358
 585,365
 568,800
 598,720
 550,598
 547,660
 575,490
 559,201
 548,353
 526,180
 558,344
 585,408
 567,793
 538,779
 571,208
 551,373
 564,093
 566,590
 565,622
 554,439
 555,089
 543,197
 537,196
 536,274
 579,897
 571,033
 496,423
 546,496
 527,644
 565,830
 557,835
 558,113
 577,882
 564,816
 600,355
 553,687
 565,822
 514,132
 537,855
 601,053
 568,533
 540,971
 569,918
 558,754
 535,020
 579,430
 558,400
 574,725
 560,100
 589,738
 567,632
 584,854
 531,716
 543,663
 552,285
 551,573
 552,737
 610,410
 557,575
 582,613
 544,809
 551,783
 537,605
 551,253
 558,014
 549,803
 574,072
 544,130
 567,712
 623,072
 572,713
 554,387
 548,982
 554,056
 573,738
 586,730
 562,736
 546,072
 531,834
 589,531
 566,241
 547,804
 586,526
 545,875
 588,345
 535,810
 575,139
 540,305
 541,014
 615,608
 553,829
 542,921
 558,317
 556,812
 558,648
 586,595
 577,514
 567,435
 527,124
 584,373
 525,692
 568,969
 566,142
 565,045
 592,913
 583,590
 551,445
 558,368
 569,514
 573,479
 580,952
 565,322
 552,201
 522,815
 548,366
 571,662
 583,707
 578,354
 560,956
 569,775
 576,327
 585,099
 539,173
 571,270
 583,762
 588,033
 563,044
 535,553
 537,195
 556,782
 594,112
 568,000
 566,946
 572,584
 566,157
 560,284
 553,798
 589,533
 579,741
 599,080
 600,180
 540,540
 580,628
 574,987
 567,527
 558,396
 565,286
 566,722
 591,061
 607,709
 551,706
 560,760
 524,829
 572,951
 569,290
 606,219
 567,227
 541,845
 598,982
 577,959
 553,422
 569,924
 567,631
 569,336
 574,412
 579,881
 566,033
 580,583
 593,493
 554,461
 537,352
 589,639
 584,944
 572,858
 572,127
 581,341
 595,605
 595,616
 578,778
 612,053
 578,774
 539,125
 568,935
 583,972
 597,090
 570,032
 574,396
 594,987
 576,448
 588,404
 564,681
 584,906
 594,985
 589,440
 580,840
 570,972
 562,579
 567,302
 572,560
 601,039
 578,494
 585,991
 546,692
 574,434
 562,314
 552,441
 567,807
 561,122
 602,730
 609,411
 588,755
 591,370
 572,249
 580,981
 610,676
 540,496
 572,273
 580,521
 584,129
 548,351
 578,197
 624,058
 592,473
 549,251
 607,051
 578,305
 601,606
 577,566
 579,715
 598,503
 617,839
 620,839
 571,907
 570,282
 572,015
 605,941
 545,587
 602,370
 565,017
 598,883
 576,707
 589,641
 589,741
 580,117
 609,975
 570,861
 595,474
 557,594
 592,734
 571,947
 585,795
 586,867
 586,067
 587,768
 559,299
 601,397
 561,848
 576,037
 583,380
 596,747
 589,575
 559,159
 542,886
 577,150
 602,412
 561,327
 593,880
 582,184
 591,640
 585,676
 549,418
 595,159
 591,446
 570,086
 594,327
 586,344
 570,248
 605,180
 613,398
 617,645
 579,859
 587,499
 591,818
 593,964
 565,841
 603,344
 594,274
 597,080
 561,853
 622,583
 608,424
 608,307
 641,540
 598,980
 601,747
 608,809
 574,828
 561,537
 596,599
 583,877
 589,839
 578,642
 624,749
 583,987
 584,981
 580,794
 612,548
 582,331
 603,575
 588,940
 616,493
 616,551
 641,898
 570,396
 599,180
 585,906
 604,886
 594,148
 606,138
 580,795
 580,120
 579,100
 582,745
 591,131
 595,697
 553,514
 582,397
 579,364
 588,664
 579,822
 601,796
 586,537
 640,635
 611,197
 629,049
 602,996
 623,967
 597,883
 576,643
 572,459
 568,139
 622,079
 603,972
 569,017
 612,900
 600,789
 593,740
 619,940
 623,690
 602,903
 600,779
 611,605
 587,713
 629,668
 557,125
 541,693
 619,067
 614,765
 620,943
 594,414
 582,602
 615,917
 615,228
 618,873
 611,877
 569,132
 591,215
 590,780
 581,920
 617,102
 614,353
 608,368
 578,849
 604,282
 588,658
 603,130
 628,041
 633,079
 623,701
 581,362
 596,927
 587,427
 611,586
 593,055
 576,985
 622,372
 589,783
 595,988
 618,405
 582,613
 597,245
 616,986
 614,138
 585,085
 607,878
 596,474
 607,573
 622,761
 580,618
 581,129
 610,501
 602,606
 629,325
 586,767
 612,620
 589,742
 613,967
 620,596
 596,628
 583,577
 613,277
 595,907
 631,588
 589,659
 620,166
 611,904
 587,949
 617,139
 589,287
 611,433
 582,808
 602,101
 618,392
 613,669
 657,314
 620,609
 595,514
 610,378
 582,777
 598,159
 656,150
 619,273
 615,463
 626,441
 615,804
 629,070
 551,418
 637,172
 633,789
 607,539
 584,010
 507,817
 617,576
 636,973
 625,744
 574,207
 628,608
 597,503
 635,420
 616,797
 640,933
 602,162
 621,206
 631,259
 609,648
 617,493
 587,532
 608,436
 607,846
 616,388
 610,420
 612,176
 593,972
 623,407
 615,080
 607,868
 646,944
 617,892
 612,196
 622,382
 627,874
 594,314
 645,380
 638,830
 629,165
 600,776
 635,800
 593,395
 656,957
 628,857
 601,245
 615,597
 620,003
 617,872
 627,377
 627,558
 613,838
 627,683
 617,199
 623,797
 651,081
 655,827
 630,869
 650,607
 631,462
 572,787
 639,008
 645,971
 621,043
 622,521
 611,073
 609,588
 638,350
 648,138
 679,261
 638,960
 640,748
 644,555
 619,733
 605,413
 591,668
 602,399
 622,860
 652,815
 599,439
 660,130
 637,773
 607,810
 637,641
 625,470
 660,802
 651,677
 633,887
 616,629
 610,377
 617,256
 650,986
 652,128
 638,598
 610,598
 663,905
 607,502
 628,737
 573,076
 636,042
 639,827
 620,829
 644,249
 615,100
 632,061
 624,233
 646,821
 623,955
 627,756
 657,738
 673,377
 668,909
 603,327
 646,921
 631,088
 647,998
 673,599
 677,629
 654,252
 612,123
 670,105
 620,236
 633,085
 640,072
 628,728
 655,702
 644,488
 607,125
 613,078
 660,209
 649,928
 630,562
 650,015
 624,793
 628,355
 645,012
 626,481
 647,310
 637,862
 632,077
 613,365
 632,111
 656,456
 632,515
 643,856
 642,444
 610,703
 624,969
 667,905
 570,765
 674,444
 605,574
 653,023
 647,656
 649,786
 660,093
 662,050
 642,021
 630,639
 705,433
 677,549
 631,050
 648,605
 611,857
 617,801
 662,862
 645,734
 644,690
 652,714
 654,041
 636,966
 613,135
 679,931
 661,210
 622,794
 657,351
 665,160
 661,637
 647,044
 651,223
 652,166
 628,411
 628,337
 648,011
 657,183
 648,439
 607,717
 626,756
 656,692
 636,058
 608,500
 643,348
 678,451
 680,125
 672,747
 678,362
 644,912
 665,182
 676,147
 639,123
 655,753
 641,512
 631,973
 635,518
 648,611
 652,258
 618,523
 664,125
 628,143
 675,678
 684,572
 652,090
 685,309
 694,187
 673,828
 650,269
 637,746
 645,878
 655,414
 678,471
 674,402
 643,347
 660,633
 661,968
 647,090
 712,599
 633,973
 667,460
 686,492
 629,535
 674,879
 671,068
 677,172
 669,043
 695,897
 687,203
 683,578
 658,206
 685,180
 702,370
 682,988
 645,727
 669,600
 658,146
 684,176
 674,383
 686,308
 685,794
 688,725
 667,369
 675,412
 703,941
 677,117
 686,612
 685,546
 684,797
 690,566
 656,195
 682,511
 669,165
 680,315
 696,809
 671,858
 691,357
 661,803
 719,708
 648,840
 706,802
 680,764
 707,644
 673,993
 724,928
 695,926
 706,547
 696,515
 693,966
 695,466
 644,466
 695,727
 687,710
 687,706
 674,380
 693,773
 682,797
 678,920
 670,608
 683,003
 690,040
 717,223
 720,665
 715,242
 710,676
 621,496
 685,121
 684,115
 702,675
 697,367
 716,810
 725,697
 714,971
 735,041
 718,106
 702,867
 714,455
 690,112
 689,007
 692,255
 718,544
 725,145
 704,538
 685,140
 715,463
 729,536
 713,579
 703,803
 723,911
 691,293
 690,209
 707,812
 716,300
 720,647
 733,082
 759,788
 726,777
 719,505
 699,498
 736,659
 740,375
 732,875
 721,216
 698,318
 708,115
 756,988
 737,424
 721,629
 725,161
 748,558
 736,406
 723,391
 735,806
 749,938
 749,281
 748,227
 725,719
 745,637
 743,636
 757,259
 704,141
 694,591
 747,763
 775,132
 739,118
 733,457
 734,573
 742,805
 726,635
 745,246
 781,087
 704,988
 755,928
 762,864
 752,667
 773,010
 747,956
 811,728
 799,495
 775,415
 759,630
 766,246
 772,800
 779,593
 747,484
 747,254
 772,658
 746,125
 786,693
 795,749
 780,453
 781,230
 767,328
 781,354
 775,508
 742,911
 776,980
 816,284
 762,853
 772,441
 782,699
 808,612
 817,166
 778,972
 798,458
 765,426
 795,661
 798,513
 768,117
 801,243
 785,207
 796,967
 801,766
 801,940
 800,517
 852,194
 811,204
 807,328
 794,858
 817,534
 800,470
 839,923
 815,550
 829,669
 824,961
 848,360
 832,482
 808,331
 844,216
 807,008
 841,939
 832,114
 856,471
 864,427
 854,457
 856,511
 861,116
 869,658
 853,099
 848,433
 843,856
 853,227
 859,156
 916,183
 872,473
 902,317
 863,469
 914,085
 879,161
 868,742
 908,397
 887,086
 882,638
 885,578
 901,291
 874,051
 907,958
 898,729
 902,912
 860,213
 936,065
 956,295
 923,360
 915,711
 939,971
 895,529
 857,679
 939,036
 921,942
 962,693
 942,463
 948,426
 927,751
 976,059
 935,319
 956,431
 932,631
 945,724
 940,126
 976,345
 933,636
 979,267
 946,742
 976,889
 999,204
 1013,740
 1037,302
 976,336
 988,407
 1001,176
 970,208
 1013,622
 963,939
 1000,301
 1030,504
 1031,995
 1029,692
 1029,342
 1059,171
 1026,076
 1037,591
 1021,710
 1041,176
 1032,024
 1036,179
 1075,361
 1082,661
 1075,029
 1055,021
 1047,562
 1065,224
 1074,910
 1077,632
 1045,481
 1065,324
 1058,429
 1078,578
 1080,254
 1106,857
 1082,408
 1106,693
 1123,397
 1108,322
 1085,600
 1121,896
 1140,833
 1124,090
 1156,962
 1114,197
 1132,658
 1096,662
 1144,319
 1162,140
 1136,537
 1131,547
 1174,065
 1137,229
 1153,280
 1203,956
 1183,678
 1133,916
 1185,083
 1197,975
 1181,858
 1183,694
 1201,104
 1220,999
 1251,736
 1230,998
 1228,895
 1248,666
 1247,474
 1244,105
 1208,530
 1252,625
 1240,370
 1259,137
 1226,733
 1235,972
 1256,590
 1292,197
 1309,288
 1299,163
 1281,566
 1308,286
 1266,358
 1282,128
 1312,973
 1293,435
 1329,019
 1381,189
 1312,996
 1329,485
 1345,389
 1369,521
 1336,861
 1380,546
 1375,799
 1385,051
 1361,420
 1359,040
 1361,314
 1404,831
 1432,708
 1380,447
 1408,463
 1418,793
 1444,255
 1423,463
 1427,822
 1368,962
 1440,354
 1413,958
 1393,465
 1450,700
 1467,811
 1512,590
 1452,650
 1488,809
 1517,150
 1464,214
 1439,100
 1461,442
 1515,363
 1551,100
 1578,296
 1547,050
 1561,478
 1508,631
 1512,508
 1583,870
 1541,200
 1547,006
 1595,031
 1577,572
 1575,899
 1587,877
 1623,878
 1551,781
 1579,471
 1621,429
 1660,276
 1608,059
 1645,249
 1620,308
 1618,442
 1665,760
 1655,863
 1677,825
 1693,114
 1675,211
 1705,964
 1681,117
 1709,768
 1742,404
 1727,411
 1737,522
 1687,820
 1713,536
 1724,198
 1726,937
 1769,293
 1818,617
 1776,229
 1760,187
 1756,268
 1775,070
 1796,156
 1761,580
 1718,416
 1785,608
 1823,033
 1767,590
 1792,197
 1886,160
 1813,820
 1890,843
 1843,204
 1885,539
 1890,743
 1918,511
 1886,901
 1903,646
 1922,619
 1940,904
 1935,685
 1934,722
 1906,131
 1838,342
 1931,602
 1955,395
 1966,711
 1968,461
 1989,229
 1983,957
 1957,699
 1986,208
 2016,222
 2043,746
 2026,305
 2067,916
 2020,609
 2089,066
 2070,152
 2057,597
 2024,197
 2036,379
 2066,085
 2078,530
 2074,863
 2112,082
 2070,355
 2087,975
 2138,500
 2143,584
 2075,249
 2181,653
 2139,536
 2151,211
 2124,502
 2181,558
 2120,175
 2201,422
 2147,900
 2193,954
 2207,933
 2243,499
 2232,506
 2206,373
 2262,482
 2221,396
 2283,281
 2234,368
 2283,617
 2312,325
 2312,666
 2248,250
 2271,235
 2368,511
 2308,603
 2265,367
 2339,349
 2340,383
 2338,950
 2338,871
 2365,898
 2364,955
 2384,745
 2337,724
 2364,946
 2341,373
 2392,765
 2386,229
 2404,451
 2396,465
 2494,149
 2421,143
 2488,852
 2446,230
 2417,206
 2486,084
 2475,258
 2529,169
 2541,833
 2454,621
 2528,016
 2464,299
 2502,531
 2535,257
 2503,397
 2522,271
 2553,646
 2553,178
 2539,320
 2596,192
 2583,852
 2524,315
 2635,955
 2526,194
 2453,374
 2570,483
 2658,560
 2623,044
 2614,783
 2661,219
 2601,954
 2663,921
 2661,376
 2658,652
 2731,615
 2710,997
 2680,502
 2741,556
 2729,034
 2713,869
 2698,884
 2724,132
 2787,159
 2750,884
 2723,939
 2783,089
 2741,309
 2808,024
 2781,734
 2802,629
 2742,835
 2819,511
 2879,154
 2770,463
 2888,876
 2805,773
 2827,397
 2856,217
 2878,298
 2910,183
 2877,619
 2891,402
 2931,589
 2924,276
 2927,662
 2941,543
 2975,688
 2960,756
 2878,631
 3006,445
 2993,868
 3025,252
 3005,401
 2983,025
 2989,469
 2988,642
 3017,869
 3099,641
 3044,276
 3064,930
 3031,533
 3076,186
 3105,886
 3090,657
 3203,792
 3102,680
 3118,060
 3089,095
 3165,891
 3100,995
 3123,342
 3108,738
 3189,371
 3135,346
 3169,024
 3286,262
 3262,040
 3235,360
 3276,547
 3232,495
 3277,117
 3287,095
 3268,223
 3275,074
 3256,919
 3273,856
 3238,204
 3279,936
 3369,957
 3327,265
 3269,860
 3243,356
 3376,370
 3342,338
 3328,295
 3335,063
 3370,398
 3355,013
 3373,620
 3377,656
 3349,824
 3377,554
 3362,385
 3364,921
 3425,356
 3436,647
 3398,245
 3409,901
 3413,476
 3435,385
 3401,029
 3478,841
 3472,217
 3459,754
 3416,144
 3415,319
 3514,253
 3447,693
 3521,841
 3455,880
 3462,048
 3564,876
 3506,755
 3443,539
 3552,843
 3575,645
 3490,665
 3583,212
 3545,503
 3504,874
 3590,743
 3536,957
 3534,581
 3604,072
 3609,510
 3544,177
 3601,858
 3611,444
 3645,685
 3605,253
 3545,084
 3523,819
 3632,285
 3673,236
 3595,371
 3596,249
 3698,216
 3684,819
 3630,182
 3679,624
 3640,211
 3666,672
 3666,797
 3670,872
 3715,679
 3698,806
 3729,253
 3704,273
 3690,323
 3718,503
 3647,861
 3760,152
 3752,615
 3705,279
 3709,382
 3764,963
 3760,379
 3750,568
 3727,090
 3705,748
 3721,868
 3722,263
 3751,855
 3803,486
 3785,559
 3789,779
 3739,227
 3812,628
 3796,822
 3765,140
 3791,041
 3774,832
 3809,847
 3800,619
 3773,225
 3779,856
 3785,500
 3848,399
 3834,438
 3870,970
 3795,091
 3825,487
 3804,944
 3881,586
 3797,112
 3857,585
 3927,486
 3871,630
 3851,970
 3834,077
 3930,817
 3896,508
 3839,647
 3865,323
 3902,185
 3840,722
 3869,978
 3968,402
 3949,659
 3876,632
 3925,809
 3895,456
 3890,706
 3869,119
 3910,289
 3940,889
 3937,128
 3973,987
 3958,483
 3990,251
 3951,434
 3931,309
 3994,537
 3996,947
 3973,379
 3983,017
 3920,640
 3976,872
 3916,204
 4038,973
 4021,741
 3997,308
 4057,888
 4005,258
 4037,001
 3990,665
 4070,116
 3998,897
 4017,874
 4011,008
 4052,004
 4114,173
 4064,614
 4081,268
 4037,733
 4098,380
 4171,305
 4073,479
 4125,095
 4114,367
 4071,655
 4089,479
 4182,595
 4107,095
 4175,833
 4107,215
 4099,972
 4074,360
 4101,669
 4078,202
 4139,099
 4078,098
 4140,521
 4133,694
 4132,314
 4157,491
 4251,870
 4201,875
 4146,669
 4125,784
 4165,415
 4164,635
 4174,956
 4210,835
 4144,131
 4253,544
 4276,920
 4137,100
 4195,727
 4219,006
 4255,338
 4291,780
 4201,143
 4228,123
 4217,009
 4210,388
 4294,402
 4244,363
 4248,135
 4293,168
 4270,182
 4271,812
 4251,051
 4214,249
 4295,096
 4265,117
 4304,576
 4241,719
 4343,153
 4297,716
 4311,296
 4332,747
 4268,073
 4322,554
 4292,433
 4255,543
 4318,793
 4271,214
 4275,089
 4360,769
 4466,348
 4380,412
 4374,816
 4394,281
 4393,519
 4296,873
 4421,113
 4393,176
 4349,242
 4362,861
 4312,316
 4385,170
 4330,325
 4351,534
 4378,373
 4461,256
 4377,923
 4398,033
 4397,286
 4469,020
 4351,753
 4400,459
 4372,412
 4411,499
 4432,543
 4429,086
 4484,478
 4495,602
 4368,309
 4496,628
 4481,243
 4448,729
 4483,673
 4524,170
 4466,750
 4455,429
 4428,879
 4543,697
 4457,405
 4513,898
 4521,193
 4553,000
 4536,670
 4467,098
 4523,826
 4483,845
 4528,115
 4523,926
 4486,133
 4481,392
 4594,685
 4520,310
 4491,868
 4535,283
 4549,860
 4524,543
 4576,339
 4485,412
 4518,840
 4510,741
 4571,855
 4507,257
 4670,446
 4570,168
 4583,949
 4609,231
 4590,038
 4599,235
 4533,143
 4586,866
 4575,576
 4576,871
 4572,640
 4544,171
 4544,757
 4630,944
 4659,987
 4615,489
 4533,574
 4613,089
 4686,423
 4670,413
 4660,222
 4683,042
 4616,096
 4613,212
 4563,755
 4606,056
 4582,437
 4590,710
 4599,119
 4616,777
 4548,165
 4601,540
 4646,654
 4571,791
 4588,523
 4629,887
 4659,643
 4606,307
 4613,007
 4698,981
 4705,148
 4662,344
 4673,183
 4684,500
 4753,979
 4665,800
 4671,817
 4625,349
 4616,517
 4704,373
 4731,292
 4627,167
 4691,001
 4688,065
 4687,396
 4674,580
 4600,000
 4673,364
 4687,172
 4610,519
 4596,587
 4703,656
 4703,407
 4710,583
 4704,974
 4675,522
 4740,562
 4747,444
 4657,218
 4694,460
 4725,422
 4701,541
 4695,542
 4694,892
 4715,236
 4696,748
 4718,366
 4713,186
 4682,765
 4687,782
 4726,511
 4712,642
 4748,890
 4751,011
 4745,898
 4722,313
 4681,790
 4661,434
 4717,508
 4667,695
 4727,590
 4741,574
 4739,173
 4798,288
 4722,998
 4730,826
 4790,374
 4727,210
 4739,027
 4724,390
 4735,440
 4740,872
 4768,419
 4811,042
 4768,932
 4737,675
 4762,274
 4787,553
 4658,857
 4751,543
 4777,266
 4768,257
 4733,690
 4754,764
 4774,960
 4797,835
 4746,333
 4777,635
 4704,143
 4769,257
 4799,193
 4824,525
 4746,449
 4751,140
 4835,353
 4801,210
 4780,655
 4786,368
 4698,242
 4829,908
 4702,950
 4778,427
 4807,906
 4801,824
 4831,079
 4801,819
 4755,274
 4824,384
 4768,226
 4759,297
 4786,093
 4776,185
 4814,423
 4747,323
 4764,888
 4738,771
 4791,935
 4812,650
 4723,815
 4712,739
 4757,940
 4815,531
 4797,527
 4773,781
 4826,567
 4759,119
 4746,785
 4782,412
 4850,113
 4820,505
 4728,179
 4765,661
 4819,667
 4800,808
 4755,944
 4796,652
 4811,258
 4838,592
 4867,790
 4813,897
 4866,223
 4762,054
 4765,721
 4808,433
 4827,981
 4869,729
 4763,638
 4738,324
 4823,201
 4758,313
 4774,270
 4826,049
 4770,980
 4780,287
 4775,875
 4869,406
 4840,668
 4809,979
 4869,844
 4763,521
 4792,581
 4747,098
 4787,158
 4760,505
 4873,602
 4763,963
 4780,459
 4778,784
 4755,511
 4779,754
 4743,553
 4808,432
 4745,165
 4757,059
 4744,311
 4855,187
 4756,408
 4809,793
 4740,794
 4827,458
 4764,120
 4795,374
 4831,405
 4771,357
 4819,516
 4785,966
 4864,604
 4737,761
 4777,808
 4758,767
 4741,845
 4751,584
 4751,022
 4695,675
 4717,217
 4798,203
 4816,108
 4657,187
 4824,006
 4816,605
 4663,417
 4767,474
 4758,900
 4785,535
 4720,052
 4755,518
 4728,166
 4794,708
 4812,377
 4765,834
 4778,967
 4782,324
 4857,976
 4762,801
 4841,118
 4683,787
 4705,176
 4725,061
 4816,923
 4753,116
 4802,853
 4800,118
 4778,600
 4768,750
 4766,838
 4727,760
 4708,739
 4707,479
 4780,269
 4719,213
 4791,125
 4692,832
 4764,548
 4732,837
 4741,700
 4735,051
 4694,203
 4737,675
 4709,593
 4756,931
 4779,847
 4750,918
 4800,545
 4661,343
 4779,858
 4777,788
 4642,632
 4758,719
 4774,239
 4817,884
 4694,043
 4753,676
 4781,745
 4796,088
 4753,253
 4724,123
 4788,808
 4689,257
 4707,838
 4749,181
 4635,074
 4725,459
 4655,443
 4788,728
 4724,581
 4700,184
 4688,703
 4600,599
 4737,415
 4670,445
 4695,601
 4671,234
 4776,422
 4618,072
 4703,422
 4725,992
 4743,994
 4644,322
 4685,858
 4689,396
 4728,782
 4759,863
 4729,567
 4626,799
 4700,365
 4788,916
 4656,237
 4689,993
 4722,386
 4671,449
 4656,431
 4661,185
 4663,058
 4626,822
 4713,866
 4682,581
 4730,737
 4665,304
 4663,858
 4634,404
 4618,183
 4556,868
 4662,588
 4622,476
 4670,668
 4707,368
 4650,898
 4644,489
 4653,160
 4659,253
 4695,605
 4706,883
 4639,601
 4745,117
 4681,500
 4704,890
 4640,021
 4733,121
 4518,060
 4652,347
 4652,049
 4652,004
 4596,333
 4651,708
 4604,743
 4623,723
 4669,970
 4628,967
 4650,382
 4641,055
 4579,685
 4601,222
 4630,740
 4629,455
 4617,489
 4665,696
 4542,628
 4630,394
 4646,088
 4620,316
 4655,961
 4569,614
 4564,169
 4630,060
 4614,845
 4590,439
 4543,810
 4581,948
 4615,989
 4632,329
 4503,225
 4547,553
 4567,186
 4602,782
 4616,790
 4607,692
 4572,159
 4608,253
 4520,428
 4587,135
 4519,047
 4503,587
 4615,953
 4626,547
 4566,629
 4600,987
 4608,468
 4562,057
 4574,528
 4590,852
 4537,063
 4518,582
 4618,631
 4641,866
 4541,633
 4517,717
 4523,790
 4577,148
 4484,646
 4535,792
 4530,354
 4577,551
 4490,079
 4539,802
 4545,126
 4548,833
 4529,819
 4468,933
 4540,400
 4523,706
 4536,166
 4507,982
 4515,820
 4551,838
 4501,967
 4479,557
 4458,273
 4415,061
 4580,032
 4553,035
 4499,405
 4489,396
 4437,133
 4494,480
 4515,515
 4411,314
 4463,728
 4505,638
 4520,515
 4462,410
 4437,105
 4539,899
 4442,324
 4434,878
 4462,038
 4467,143
 4372,181
 4466,936
 4394,250
 4436,480
 4435,550
 4475,412
 4464,653
 4478,873
 4492,020
 4338,200
 4401,855
 4389,900
 4457,510
 4394,310
 4393,640
 4429,442
 4443,283
 4378,967
 4431,229
 4273,281
 4384,465
 4375,299
 4421,843
 4472,215
 4433,760
 4377,471
 4413,389
 4402,854
 4405,779
 4515,373
 4394,366
 4418,626
 4452,561
 4385,863
 4287,507
 4373,800
 4481,894
 4383,381
 4479,634
 4360,375
 4417,943
 4342,701
 4424,089
 4363,745
 4371,885
 4355,824
 4309,696
 4399,261
 4342,149
 4367,808
 4358,563
 4369,438
 4281,388
 4327,367
 4330,926
 4320,815
 4379,965
 4312,317
 4402,608
 4379,019
 4324,268
 4361,890
 4350,596
 4267,354
 4357,403
 4300,242
 4326,655
 4275,010
 4237,005
 4318,400
 4396,789
 4270,540
 4293,837
 4251,880
 4309,388
 4371,605
 4307,875
 4301,324
 4336,939
 4307,567
 4290,311
 4234,479
 4305,445
 4238,393
 4288,065
 4328,372
 4317,771
 4293,756
 4224,862
 4263,652
 4270,206
 4242,399
 4245,935
 4345,315
 4295,671
 4300,838
 4219,252
 4200,716
 4254,452
 4280,735
 4248,074
 4294,940
 4296,128
 4177,839
 4318,603
 4278,661
 4231,771
 4226,700
 4332,974
 4196,765
 4203,751
 4164,971
 4195,992
 4213,234
 4155,904
 4209,434
 4254,762
 4215,156
 4261,966
 4238,182
 4264,519
 4196,050
 4194,334
 4231,935
 4238,008
 4210,139
 4169,753
 4251,470
 4243,677
 4174,147
 4213,611
 4265,010
 4164,548
 4245,533
 4176,980
 4183,687
 4254,857
 4147,284
 4173,942
 4154,232
 4112,520
 4206,589
 4131,658
 4191,612
 4185,565
 4188,263
 4182,024
 4137,965
 4136,287
 4074,907
 4167,498
 4094,541
 4092,069
 4145,106
 4099,015
 4159,225
 4089,883
 4157,197
 4155,753
 4125,726
 4125,722
 4171,562
 4091,951
 4086,950
 4113,141
 4040,914
 4075,358
 4144,987
 4091,605
 4085,416
 4108,499
 4072,385
 4097,898
 4056,750
 4007,350
 4170,105
 4011,829
 4078,120
 4083,167
 4057,637
 4096,595
 4107,834
 3974,969
 4057,804
 4092,309
 4122,608
 4065,651
 4005,833
 4067,424
 4007,504
 4054,832
 4005,004
 4068,889
 4057,814
 4102,609
 4064,616
 4020,097
 4055,985
 3949,860
 3991,206
 4018,327
 4012,461
 4022,304
 3953,472
 4022,241
 3959,909
 4081,219
 3995,385
 4017,933
 3989,827
 3948,134
 3943,561
 3949,192
 3958,347
 3988,255
 3937,737
 3935,351
 3875,177
 3991,489
 3974,106
 3987,591
 3988,374
 3979,447
 3954,011
 3983,365
 3915,653
 3918,919
 3931,809
 3891,911
 3955,082
 3927,349
 3881,298
 3883,517
 3900,391
 3868,948
 3911,071
 3920,170
 3888,156
 3900,067
 3901,223
 3879,920
 3957,771
 3906,652
 3916,310
 3826,224
 3932,573
 3893,264
 3841,517
 3922,764
 3836,214
 3833,443
 3880,913
 3903,952
 3919,896
 3812,028
 3872,885
 3828,686
 3828,203
 3827,441
 3829,748
 3830,182
 3797,076
 3764,588
 3861,006
 3866,884
 3797,459
 3761,870
 3860,163
 3796,450
 3833,530
 3762,431
 3813,210
 3866,483
 3735,206
 3821,849
 3734,707
 3747,372
 3810,247
 3750,361
 3740,655
 3811,746
 3711,349
 3819,531
 3734,547
 3703,666
 3703,742
 3711,127
 3803,972
 3661,479
 3741,264
 3782,505
 3683,381
 3743,152
 3783,068
 3785,675
 3625,465
 3689,569
 3699,311
 3618,335
 3701,757
 3653,837
 3707,472
 3718,465
 3715,036
 3630,056
 3706,528
 3607,554
 3676,512
 3646,780
 3692,420
 3705,394
 3679,067
 3689,853
 3648,438
 3677,029
 3616,085
 3662,444
 3690,771
 3612,205
 3661,331
 3648,931
 3675,640
 3695,630
 3662,294
 3661,699
 3748,972
 3699,883
 3678,001
 3627,277
 3702,786
 3630,186
 3705,658
 3685,484




























































































































































































































































































































































































































































































































































































































































































































































































































































































































































































































































































































































































































































































































































































































































































































































































































































































































































































































































































































































































































































































































































































































































































































































































































































































































































































































































































































































































































































































































































































































































































































































































































































































































































































































































































































































































































































































































































































































































































































































































































































































































































































































































































































































































































































































































































































































































































































































































































































































































































































































































































































































































































































































































































































































































































































































































































































































































































































































































































































































































































































































































































































































































































































































































































































































































































































































































































































































































































































































































































































































































































































































































































































































































































































































































































































































































































































































































































































































































































































































































































































































































































































































































































































































































































































































































































































































































































































































































































































































































































































































































































































































































































































































































































































































































































































































































































































































































































































































































































































































































































































































































































































































































































































































































































































































































































































































































































































































































































































































































































































































































































































































































































































































































































































































































































































































































































































































































































































































































































































































































































































































































































































































































































































































































































































































































































































































































































































































































































































































































































































































































































































































































































































































































































































































































































































































































































































































































































































































































































































































































































































































































































































































































































































































































































































































































































































































































































































































































































































































































































































































































































































































































































































































































































































































































































































































































































































































































































































































































































































































































































































































































































































































































































































































































































































































































































































































































































































































































































































































































































































































































































































































































































































































































































































































































































































































































































































































































































































































































































































































































































































































































































































































































































































































































































































































































































































































































































































































































































































































































































































































































































































































































































































































































































































































































































































































































































































































































































































































































































































































































































































































































































































































































































































































































































































































































































































































































































































































































































































































































































































































































































































































































































































































































































































































































































































































































































































































































































































































































































































































































































































































































































































































































































































































































































































































































































































































































































































































































































































































































































































































































































































































































































































































































































































































































































































































































































































































































































































































































































































































































































































































































































































































































































































































































































































































































































































































































































































































































































































































































































































































































































































































































































































































































































































































































































































































































































































































































































































































































































































































































































































































































































































































































































































































































































































































































































































































































































































































































































































































































































































































































































































































































































































































































































































































































































































































































































































































































































































































































































































































































































































































































































































































































































































































































































































































































































































































































































































































































































































































































































































































































































































































































































































































































































































































































































































































































































































































































































































































































































































































































































































































































































































































































































































































































