 386,450
 408,452
 350,252
 390,815
 344,979
 364,065
 373,789
 349,634
 393,039
 352,345
 371,085
 378,777
 356,623
 351,464
 381,958
 353,190
 361,692
 365,957
 377,910
 400,340
 388,871
 349,573
 377,898
 354,889
 361,946
 349,168
 341,158
 346,043
 366,724
 386,927
 384,312
 365,188
 374,857
 349,237
 379,474
 379,689
 349,930
 342,477
 342,872
 373,054
 378,335
 381,722
 345,298
 369,424
 384,276
 338,578
 339,935
 346,542
 365,636
 399,898
 385,576
 307,103
 334,522
 393,517
 379,440
 344,616
 399,766
 364,390
 372,620
 345,763
 355,392
 358,350
 347,023
 392,850
 325,618
 377,110
 363,822
 363,918
 367,498
 359,229
 383,677
 350,061
 388,510
 384,529
 381,464
 390,870
 369,766
 373,810
 373,821
 337,060
 370,520
 368,328
 382,437
 377,222
 346,414
 367,700
 366,235
 369,709
 355,255
 377,878
 373,687
 371,215
 348,070
 367,684
 351,627
 382,744
 370,104
 360,386
 379,363
 394,880
 374,636
 370,335
 332,205
 366,389
 372,165
 355,932
 357,412
 333,767
 387,706
 395,814
 355,688
 372,072
 348,116
 361,689
 373,046
 396,344
 378,170
 356,445
 324,673
 338,916
 356,121
 374,520
 351,242
 389,262
 361,316
 393,984
 322,505
 372,613
 347,727
 392,184
 354,669
 363,725
 351,379
 328,691
 375,065
 336,414
 347,973
 347,406
 364,420
 361,661
 332,045
 349,139
 351,886
 358,431
 384,474
 346,507
 327,090
 349,770
 350,332
 323,940
 333,980
 339,300
 337,281
 339,151
 341,464
 331,621
 333,891
 370,970
 374,386
 329,696
 337,998
 377,323
 344,616
 347,196
 361,165
 303,956
 343,938
 341,309
 369,200
 387,619
 342,735
 379,667
 334,482
 313,654
 344,817
 307,369
 377,086
 362,355
 336,236
 347,860
 355,822
 345,698
 357,138
 350,389
 342,810
 342,341
 347,500
 345,099
 363,963
 332,718
 339,716
 328,402
 381,280
 324,135
 323,873
 328,573
 349,040
 322,368
 341,697
 368,863
 319,974
 333,539
 332,181
 299,279
 315,862
 335,595
 325,780
 309,182
 351,108
 338,098
 303,426
 320,689
 357,464
 346,473
 337,347
 329,572
 332,012
 327,209
 330,601
 346,091
 328,290
 311,723
 330,374
 332,339
 316,398
 308,168
 316,649
 324,950
 294,122
 373,691
 298,644
 313,670
 305,603
 328,764
 331,659
 333,510
 339,065
 329,898
 331,702
 292,582
 305,192
 327,810
 322,389
 318,422
 321,011
 338,026
 281,527
 297,830
 329,012
 298,568
 294,928
 279,541
 307,111
 328,594
 310,800
 312,412
 318,533
 321,606
 301,371
 309,745
 321,801
 309,559
 318,770
 308,209
 298,919
 310,375
 318,645
 312,111
 300,574
 290,359
 282,544
 285,271
 290,533
 333,722
 323,086
 286,001
 292,774
 326,432
 265,314
 295,199
 308,019
 305,442
 285,837
 313,163
 304,615
 323,867
 318,884
 300,676
 287,372
 278,962
 245,204
 307,026
 278,966
 290,478
 319,212
 281,049
 319,061
 294,232
 295,549
 301,034
 299,549
 284,038
 291,135
 268,776
 269,559
 307,208
 322,868
 299,461
 265,325
 277,862
 282,050
 260,702
 307,843
 311,905
 299,396
 291,618
 292,804
 318,694
 268,119
 311,648
 317,167
 295,862
 276,658
 309,080
 284,390
 303,700
 282,018
 308,161
 310,209
 279,542
 268,253
 300,194
 279,426
 294,439
 315,306
 288,112
 302,863
 255,349
 298,943
 305,155
 272,603
 336,507
 279,317
 312,892
 294,528
 271,142
 288,341
 286,102
 317,442
 255,715
 272,960
 294,104
 305,792
 298,782
 293,555
 293,816
 278,176
 307,158
 279,970
 271,060
 283,914
 277,854
 304,614
 282,130
 271,223
 316,639
 290,563
 291,276
 283,464
 277,991
 291,178
 277,386
 280,262
 287,182
 241,105
 243,972
 254,331
 258,760
 285,334
 310,480
 281,744
 245,197
 276,205
 272,068
 268,347
 312,474
 253,099
 261,260
 299,627
 273,027
 251,742
 269,797
 240,833
 304,258
 279,084
 292,507
 305,626
 286,344
 284,301
 260,084
 252,288
 276,550
 281,421
 276,815
 286,871
 279,153
 301,026
 299,746
 315,320
 313,490
 286,529
 261,886
 285,790
 304,523
 291,042
 301,106
 310,520
 287,519
 302,877
 287,073
 304,609
 238,588
 281,487
 271,312
 284,487
 286,928
 291,988
 238,902
 275,451
 287,181
 296,825
 304,348
 285,000
 278,794
 261,641
 293,039
 306,778
 270,759
 259,282
 290,901
 254,996
 281,748
 261,716
 311,376
 290,943
 287,515
 310,154
 279,152
 308,429
 268,328
 285,675
 269,642
 268,887
 272,613
 279,884
 283,102
 308,939
 276,848
 300,982
 275,711
 262,680
 274,620
 263,958
 259,504
 283,041
 296,178
 261,247
 284,634
 281,395
 292,043
 296,185
 272,991
 318,204
 273,489
 322,130
 306,776
 291,856
 269,764
 299,511
 252,943
 320,522
 297,668
 282,284
 290,829
 302,991
 339,845
 333,067
 325,022
 270,688
 318,667
 309,463
 282,674
 316,000
 288,259
 316,333
 290,127
 308,514
 287,360
 302,271
 314,644
 310,134
 307,084
 322,002
 326,374
 284,550
 316,043
 315,440
 284,382
 309,084
 296,326
 309,924
 299,523
 302,493
 299,164
 295,833
 304,162
 321,666
 300,664
 302,922
 297,768
 307,828
 302,655
 303,771
 310,229
 304,125
 284,709
 313,910
 333,186
 313,570
 285,920
 307,902
 274,236
 316,735
 315,184
 333,876
 323,536
 337,265
 319,460
 334,770
 321,302
 311,530
 283,305
 317,403
 339,837
 310,704
 297,487
 303,035
 306,259
 301,916
 313,742
 306,155
 311,544
 328,660
 320,771
 305,723
 327,566
 308,638
 331,496
 266,705
 304,385
 328,716
 306,118
 320,410
 340,029
 293,788
 335,444
 331,317
 347,559
 350,998
 331,657
 303,486
 335,107
 288,087
 343,713
 342,926
 351,890
 342,626
 321,362
 315,853
 331,269
 334,924
 395,403
 348,783
 345,362
 292,717
 326,610
 350,273
 347,731
 338,607
 348,715
 329,271
 353,241
 309,879
 332,198
 335,179
 347,428
 303,912
 333,003
 322,927
 340,699
 317,471
 330,035
 339,597
 329,777
 327,137
 357,106
 332,414
 309,376
 314,426
 334,102
 345,930
 341,616
 350,318
 324,134
 348,859
 336,529
 353,118
 341,241
 327,841
 337,793
 356,118
 297,780
 335,447
 310,514
 320,985
 323,873
 354,814
 337,336
 325,091
 355,530
 306,254
 328,211
 309,331
 325,555
 342,163
 313,070
 287,851
 364,821
 331,936
 341,184
 318,862
 361,777
 321,584
 348,060
 335,140
 355,442
 314,605
 347,143
 316,168
 357,695
 319,775
 324,363
 345,998
 364,837
 344,097
 301,944
 355,593
 347,896
 325,611
 335,371
 324,330
 330,230
 337,318
 341,156
 367,243
 311,499
 327,934
 348,543
 356,918
 313,032
 344,660
 323,011
 325,708
 351,956
 307,134
 347,215
 349,247
 354,422
 368,443
 363,185
 339,163
 342,972
 335,552
 359,583
 332,093
 365,733
 355,188
 339,060
 331,698
 353,079
 349,576
 349,487
 311,896
 346,577
 335,482
 325,243
 321,637
 346,072
 351,672
 342,076
 331,253
 349,365
 332,045
 376,680
 327,657
 334,790
 361,799
 365,104
 348,011
 333,245
 338,374
 318,369
 361,259
 322,565
 353,862
 346,304
 332,318
 356,654
 351,845
 344,631
 379,959
 320,748
 347,101
 343,406
 313,089
 355,451
 345,385
 345,283
 347,139
 362,465
 374,208
 340,293
 318,525
 349,804
 357,063
 365,735
 345,401
 345,844
 383,233
 352,532
 321,209
 381,750
 362,995
 338,042
 381,040
 346,108
 332,837
 381,033
 349,986
 347,289
 373,232
 391,027
 331,860
 368,741
 349,580
 338,213
 356,436
 351,996
 389,690
 305,588
 320,982
 359,737
 361,067
 347,601
 367,129
 344,881
 327,649
 304,391
 389,290
 362,143
 341,814
 370,700
 329,168
 388,468
 310,713
 401,376
 347,320
 378,229
 347,935
 359,876
 348,330
 342,401
 330,830
 372,384
 339,550
 377,230
 339,129
 358,700
 378,090
 387,887
 361,017
 336,266
 354,899
 348,470
 398,579
 378,026
 315,758
 369,116
 347,247
 366,076
 362,826
 371,285
 358,831
 344,139
 372,870
 371,275
 371,817
 400,324
 370,836
 353,513
 358,474
 371,495
 329,140
 386,753
 348,553
 372,867
 344,840
 377,040
 363,237
 357,310
 373,354
 357,845
 376,532
 385,916
 339,987
 369,872
 363,211
 339,825
 326,920
 346,877
 403,981
 357,156
 380,349
 365,372
 366,438
 396,122
 372,995
 337,000
 316,548
 373,593
 333,714
 360,760
 352,408
 352,671
 380,440
 389,112
 366,761
 368,571
 335,523
 379,201
 347,504
 388,618
 360,685
 374,257
 383,655
 367,626
 369,743
 359,379
 395,118
 338,488
 374,446
 332,683
 337,066
 359,629
 367,116
 368,128
 348,575
 376,406
 339,800
 374,621
 378,496
 374,784
 347,325
 346,969
 365,617
 329,562
 360,590
 360,829
 328,652
 343,467
 385,354
 321,412
 363,493
 344,848
 395,346
 365,255
 394,451
 384,833
 378,366
 350,590
 325,015
 366,253
 383,684
 313,358
 355,339
 371,235
 345,994
 351,520
 343,167
 353,184
 364,215
 352,570
 362,891
 368,391
 380,829
 345,405
 365,692
 387,810
 356,600
 376,495
 358,766
 336,291
 380,490
 335,269
 378,476
 357,496
 351,228
 366,712
 367,621
 343,047
 335,346
 335,564
 383,367
 367,092
 387,932
 350,744
 336,210
 360,977
 378,320
 382,987
 380,325
 360,620
 378,510
 373,984
 361,867
 348,203
 370,569
 357,360
 375,823
 363,484
 352,265
 382,668
 322,181
 373,517
 343,094
 318,596
 355,242
 345,533
 287,750
 350,122
 350,814
 326,579
 333,775
 354,885
 382,133
 323,363
 352,079
 394,284
 316,072
 353,134
 350,877
 352,011
 333,193
 335,716
 350,045
 353,351
 358,170
 354,790
 363,245
 339,387
 384,503
 348,200
 359,725
 342,256
 357,462
 353,554
 382,745
 378,359
 347,027
 354,839
 348,705
 360,208
 341,178
 349,288
 345,444
 373,784
 335,556
 351,570
 396,129
 357,384
 315,129
 334,586
 324,972
 341,549
 320,152
 336,324
 348,419
 349,714
 352,613
 348,375
 358,948
 353,056
 333,020
 413,952
 330,028
 327,715
 364,600
 367,325
 371,585
 359,970
 380,248
 368,346
 358,204
 356,502
 330,862
 355,560
 320,714
 342,261
 334,701
 363,681
 354,095
 338,082
 341,864
 349,118
 374,510
 336,347
 357,022
 333,698
 354,836
 349,122
 369,966
 345,701
 349,652
 340,877
 350,291
 353,309
 361,572
 328,391
 347,324
 303,988
 339,642
 351,392
 384,607
 335,814
 348,102
 366,905
 344,954
 343,810
 347,807
 364,562
 344,493
 347,118
 314,429
 327,454
 350,095
 298,098
 330,757
 325,290
 330,134
 360,185
 338,000
 336,816
 375,243
 328,064
 366,988
 351,084
 342,376
 323,691
 338,025
 342,583
 345,508
 375,325
 329,723
 315,335
 350,178
 339,242
 366,364
 326,288
 335,538
 320,102
 302,879
 382,601
 337,611
 329,305
 314,614
 343,258
 323,113
 322,928
 319,226
 340,373
 309,178
 337,256
 325,213
 336,099
 327,580
 352,271
 338,900
 325,145
 344,341
 336,743
 324,528
 342,423
 331,120
 337,573
 311,748
 336,563
 318,532
 311,897
 300,528
 322,466
 331,418
 327,519
 332,482
 321,602
 329,553
 293,896
 314,499
 321,758
 294,377
 349,156
 358,027
 350,384
 348,677
 314,128
 336,147
 340,983
 332,462
 329,410
 326,878
 326,659
 321,834
 312,483
 357,070
 306,002
 349,399
 334,101
 311,658
 331,739
 347,867
 359,665
 332,105
 325,307
 338,306
 381,539
 310,007
 324,694
 346,824
 296,836
 330,184
 334,553
 318,845
 341,661
 353,207
 359,864
 311,178
 338,253
 326,273
 344,084
 324,306
 291,259
 348,053
 342,182
 336,197
 330,916
 321,636
 336,899
 310,570
 347,609
 335,890
 314,987
 368,496
 338,887
 336,942
 341,740
 334,057
 351,113
 325,709
 331,742
 337,149
 307,392
 328,957
 342,097
 333,338
 347,886
 347,227
 311,782
 317,222
 354,963
 286,803
 374,928
 333,083
 333,411
 345,420
 352,800
 326,202
 323,948
 341,862
 355,361
 282,577
 303,063
 313,591
 313,464
 298,700
 347,424
 328,126
 350,441
 320,338
 299,642
 323,621
 323,355
 332,651
 342,020
 287,502
 296,295
 305,692
 302,258
 341,846
 309,234
 360,071
 293,864
 318,852
 327,777
 334,245
 325,003
 314,513
 317,907
 310,342
 335,169
 331,010
 322,946
 344,567
 348,303
 284,746
 349,175
 349,538
 285,249
 298,279
 340,197
 389,474
 357,537
 342,471
 358,598
 350,182
 322,489
 332,127
 353,373
 323,789
 315,050
 333,450
 314,599
 324,271
 307,624
 361,817
 290,781
 321,679
 336,356
 299,700
 323,825
 305,609
 319,344
 360,550
 320,775
 360,252
 323,872
 331,583
 326,373
 365,789
 300,328
 300,546
 311,957
 329,191
 323,590
 351,101
 331,102
 333,931
 340,097
 342,321
 334,253
 317,609
 331,366
 357,703
 344,057
 335,762
 343,614
 343,761
 303,011
 315,128
 323,309
 341,562
 331,382
 297,253
 343,783
 337,544
 313,281
 293,101
 314,247
 293,414
 324,236
 381,427
 316,139
 318,068
 358,757
 291,614
 312,936
 303,552
 326,485
 358,102
 321,359
 332,156
 356,471
 303,515
 313,455
 350,797
 329,382
 309,828
 307,442
 392,968
 375,359
 340,595
 328,732
 326,968
 317,706
 307,597
 332,107
 359,395
 338,335
 328,873
 327,332
 355,932
 319,772
 327,661
 300,410
 318,046
 350,835
 332,424
 316,895
 349,110
 314,938
 372,362
 334,600
 324,627
 323,756
 305,223
 344,142
 314,272
 347,048
 329,144
 299,815
 330,173
 347,583
 314,010
 326,676
 308,787
 324,276
 336,112
 325,119
 324,324
 307,224
 351,093
 312,073
 329,955
 335,319
 316,201
 337,515
 346,487
 314,615
 341,472
 323,947
 353,580
 324,462
 314,020
 315,371
 316,842
 374,887
 328,279
 335,408
 336,063
 304,193
 349,603
 316,560
 326,697
 321,458
 347,274
 337,376
 346,835
 344,510
 339,137
 350,882
 344,802
 320,418
 336,358
 323,836
 332,478
 371,926
 310,347
 307,685
 358,165
 346,462
 320,744
 365,535
 258,654
 303,658
 352,084
 348,720
 304,910
 327,091
 328,254
 306,172
 340,843
 335,357
 322,019
 273,253
 296,254
 312,253
 323,787
 358,523
 318,941
 344,131
 336,487
 306,489
 312,068
 337,082
 346,979
 357,517
 320,933
 328,111
 340,750
 350,929
 318,177
 308,714
 337,791
 334,188
 342,582
 318,913
 331,132
 354,134
 318,919
 343,314
 341,090
 332,933
 277,447
 325,825
 320,928
 308,105
 308,353
 331,559
 326,482
 334,976
 351,028
 339,047
 325,685
 328,118
 323,392
 319,162
 317,212
 303,085
 294,974
 302,689
 314,785
 314,358
 291,544
 327,885
 318,217
 339,410
 339,914
 327,974
 288,794
 314,564
 337,083
 333,630
 332,149
 338,697
 332,683
 328,791
 307,216
 308,409
 342,599
 307,159
 325,994
 359,936
 354,460
 355,643
 292,214
 351,926
 367,963
 336,378
 301,961
 334,693
 358,670
 322,027
 336,496
 360,746
 319,800
 328,359
 315,044
 305,480
 328,950
 329,826
 330,105
 302,194
 311,305
 343,081
 328,815
 361,950
 319,013
 354,548
 303,289
 325,321
 344,948
 333,128
 312,355
 338,861
 318,170
 343,769
 356,922
 348,502
 344,395
 353,924
 344,626
 331,992
 322,329
 345,378
 344,416
 344,010
 344,977
 313,906
 335,797
 349,076
 324,543
 309,857
 316,004
 338,778
 335,441
 352,582
 330,400
 314,303
 348,143
 343,254
 331,937
 329,922
 338,928
 344,065
 327,644
 304,708
 321,186
 355,533
 339,771
 313,828
 338,240
 328,997
 332,975
 351,463
 311,360
 327,781
 375,256
 297,585
 320,065
 345,843
 349,778
 345,909
 334,166
 323,476
 301,282
 306,645
 336,046
 310,729
 281,877
 363,469
 349,926
 325,050
 331,115
 338,714
 303,803
 360,985
 330,781
 352,765
 319,089
 317,426
 330,858
 349,298
 330,801
 302,225
 338,736
 273,670
 306,854
 337,648
 304,851
 331,628
 319,782
 335,475
 359,264
 333,081
 330,676
 367,098
 377,635
 325,151
 358,869
 329,437
 327,984
 298,541
 361,220
 352,124
 358,675
 356,955
 306,889
 351,996
 327,132
 338,528
 323,748
 334,185
 326,716
 333,134
 365,259
 360,163
 297,764
 375,957
 340,252
 367,730
 328,094
 316,554
 325,567
 325,970
 303,947
 356,205
 324,384
 316,157
 322,821
 354,648
 352,693
 340,387
 324,571
 327,547
 362,810
 358,655
 359,474
 315,299
 352,558
 371,033
 320,229
 313,676
 338,582
 353,184
 370,698
 346,709
 356,051
 328,650
 358,612
 361,369
 369,267
 326,009
 325,270
 343,175
 338,152
 368,864
 339,437
 369,651
 346,063
 338,600
 325,185
 332,711
 352,397
 344,709
 342,838
 304,793
 323,967
 333,720
 360,556
 349,968
 352,209
 330,300
 337,778
 323,488
 321,153
 331,727
 324,831
 332,550
 360,648
 316,958
 340,197
 373,558
 344,245
 345,517
 332,876
 367,509
 372,857
 315,813
 362,352
 354,685
 303,167
 379,999
 328,376
 380,272
 348,105
 338,561
 319,604
 311,311
 356,652
 359,276
 336,030
 337,077
 271,806
 351,528
 380,210
 351,504
 340,108
 322,692
 344,836
 349,438
 350,749
 332,013
 317,273
 347,786
 344,731
 300,456
 359,910
 313,020
 309,347
 337,429
 362,628
 336,453
 325,922
 358,508
 372,924
 334,286
 367,762
 351,132
 341,741
 335,226
 347,596
 345,169
 372,776
 348,203
 358,583
 382,505
 328,721
 352,276
 333,901
 329,743
 349,976
 352,127
 338,353
 335,660
 354,009
 362,148
 313,178
 361,990
 373,104
 359,343
 335,904
 348,716
 369,572
 363,729
 376,640
 368,418
 344,969
 354,938
 348,794
 362,368
 335,447
 352,398
 380,677
 350,457
 367,072
 377,169
 321,849
 358,316
 384,514
 345,220
 340,731
 370,404
 347,820
 337,971
 376,663
 300,897
 344,930
 348,787
 345,312
 366,405
 350,685
 350,244
 364,603
 342,991
 349,216
 338,049
 313,799
 339,063
 341,843
 353,435
 319,428
 396,491
 317,424
 317,634
 334,881
 339,957
 345,926
 364,339
 345,160
 332,668
 315,223
 338,798
 328,072
 349,442
 342,048
 365,203
 364,731
 401,496
 367,590
 356,844
 355,483
 377,581
 361,403
 359,972
 357,894
 336,245
 355,724
 344,631
 356,387
 376,209
 358,038
 362,894
 386,632
 368,111
 337,200
 349,924
 341,555
 386,905
 356,661
 369,395
 342,100
 350,565
 390,197
 359,963
 381,371
 362,479
 350,867
 340,668
 371,567
 350,083
 395,285
 361,105
 377,423
 284,920
 351,614
 327,109
 378,905
 353,726
 337,550
 351,298
 395,480
 391,314
 371,426
 339,109
 343,838
 364,565
 365,899
 360,087
 373,546
 331,337
 351,480
 366,777
 366,033
 348,332
 348,437
 349,764
 364,365
 328,245
 368,554
 394,617
 348,555
 363,724
 358,971
 363,094
 365,705
 355,684
 379,837
 353,352
 339,352
 373,226
 358,094
 365,734
 370,888
 332,582
 375,899
 383,937
 324,157
 338,798
 364,343
 386,771
 352,359
 341,317
 386,510
 345,340
 339,375
 344,676
 368,679
 348,704
 376,302
 377,936
 365,360
 354,808
 330,084
 371,589
 379,025
 373,313
 369,099
 337,163
 355,637
 364,515
 357,809
 361,557
 344,392
 387,203
 336,391
 376,106
 352,649
 348,627
 360,998
 392,917
 370,119
 379,104
 380,486
 372,194
 369,654
 382,329
 365,960
 357,507
 395,286
 370,500
 346,837
 384,018
 381,758
 342,461
 385,545
 397,000
 325,736
 349,096
 344,023
 371,072
 394,918
 372,564
 388,858
 369,502
 368,064
 378,111
 336,183
 351,604
 374,751
 368,408
 371,985
 373,966
 359,802
 351,372
 350,927
 357,516
 377,130
 395,262
 394,341
 360,320
 333,496
 413,793
 372,143
 402,525
 371,845
 383,160
 369,170
 405,359
 379,361
 381,243
 379,131
 359,379
 398,835
 345,104
 390,904
 347,388
 346,019
 372,834
 358,366
 368,963
 360,990
 337,659
 413,406
 367,741
 349,322
 340,748
 404,685
 328,029
 323,500
 337,426
 374,104
 382,287
 378,344
 385,772
 400,120
 407,963
 377,516
 373,142
 380,840
 362,391
 389,931
 356,058
 423,750
 387,506
 368,440
 360,666
 396,974
 384,425
 374,742
 399,472
 386,692
 422,638
 399,031
 362,449
 371,859
 376,252
 403,536
 377,742
 355,023
 364,337
 357,611
 356,718
 368,758
 404,423
 367,704
 375,160
 370,011
 365,881
 423,493
 370,614
 372,842
 396,581
 375,468
 347,205
 356,854
 391,388
 382,856
 354,072
 374,864
 380,209
 403,949
 370,819
 376,250
 385,665
 365,738
 402,253
 387,024
 411,903
 389,859
 384,694
 384,733
 384,948
 396,459
 370,041
 350,466
 442,913
 359,737
 364,832
 383,809
 365,582
 399,863
 387,902
 360,273
 394,459
 368,307
 423,740
 393,942
 339,169
 387,817
 362,432
 380,408
 346,974
 393,168
 368,315
 360,900
 398,334
 372,219
 395,319
 349,342
 389,964
 384,212
 370,648
 364,672
 447,566
 391,012
 401,478
 346,353
 351,913
 362,571
 406,187
 372,448
 378,370
 398,116
 380,441
 392,748
 404,919
 396,082
 356,430
 386,808
 383,501
 379,625
 368,247
 409,492
 350,921
 395,836
 363,817
 359,368
 396,439
 379,424
 375,014
 377,897
 396,306
 358,006
 401,948
 357,716
 380,709
 367,092
 386,067
 400,955
 406,106
 374,507
 384,982
 414,723
 358,809
 403,132
 379,297
 399,733
 371,315
 400,339
 397,809
 415,384
 399,575
 372,499
 406,419
 398,216
 393,221
 359,025
 385,114
 374,804
 381,131
 354,972
 411,858
 383,084
 399,136
 418,273
 396,534
 384,515
 412,872
 365,152
 384,373
 411,391
 402,761
 371,696
 402,802
 369,990
 423,043
 424,111
 366,713
 364,342
 381,502
 356,092
 404,834
 389,990
 383,599
 426,227
 384,417
 417,841
 399,196
 365,672
 381,588
 361,855
 398,503
 394,614
 401,056
 428,086
 367,480
 382,271
 397,728
 376,281
 392,274
 393,562
 384,070
 379,920
 422,838
 398,491
 449,087
 407,440
 419,241
 415,278
 421,759
 414,400
 408,319
 413,966
 440,366
 392,435
 381,231
 397,140
 387,492
 402,169
 438,156
 389,042
 389,976
 399,934
 443,606
 401,328
 400,726
 395,753
 373,340
 408,660
 398,745
 405,675
 388,578
 381,917
 395,619
 395,490
 424,233
 420,476
 399,921
 416,771
 375,838
 422,199
 409,798
 433,756
 397,102
 427,789
 421,566
 395,619
 419,026
 394,384
 412,095
 385,761
 408,713
 405,245
 420,101
 392,421
 401,613
 424,748
 420,783
 387,502
 417,465
 413,733
 375,731
 380,239
 396,731
 413,549
 456,671
 401,119
 418,828
 417,859
 412,603
 407,130
 427,186
 393,412
 424,556
 422,991
 414,904
 422,889
 417,803
 394,700
 440,297
 437,734
 427,325
 419,806
 415,241
 435,264
 434,545
 438,938
 402,515
 392,848
 405,908
 435,739
 411,670
 434,325
 414,241
 402,073
 438,756
 431,098
 382,655
 424,616
 453,830
 395,801
 401,377
 463,305
 406,273
 416,930
 392,851
 426,019
 416,154
 413,859
 418,112
 415,337
 343,648
 410,331
 404,141
 403,523
 446,193
 412,025
 420,780
 415,285
 446,924
 415,750
 422,842
 419,403
 428,866
 461,979
 427,784
 442,037
 407,538
 427,517
 429,233
 415,513
 384,774
 412,897
 402,366
 438,854
 448,960
 443,204
 449,352
 389,303
 420,714
 457,028
 433,319
 449,169
 436,344
 427,909
 428,627
 435,937
 420,441
 415,430
 437,782
 445,488
 422,927
 411,438
 410,637
 402,187
 439,859
 442,621
 431,453
 422,191
 431,494
 415,531
 426,736
 394,803
 426,940
 421,271
 421,087
 405,106
 453,702
 476,882
 431,136
 416,199
 444,256
 443,854
 413,033
 441,826
 419,273
 446,868
 450,607
 408,238
 427,189
 433,173
 447,317
 427,965
 422,063
 421,723
 442,940
 418,564
 452,703
 417,119
 429,028
 407,124
 403,185
 426,825
 391,135
 438,155
 452,225
 438,853
 419,906
 436,768
 442,137
 460,641
 415,791
 444,789
 438,766
 408,512
 446,615
 403,196
 443,516
 432,100
 464,116
 430,731
 447,743
 400,360
 421,260
 442,458
 467,819
 461,090
 442,830
 436,891
 453,029
 407,474
 437,030
 407,705
 389,591
 410,871
 461,603
 429,587
 444,800
 403,833
 479,895
 408,207
 411,704
 429,642
 421,087
 445,992
 457,479
 423,271
 410,916
 455,352
 464,266
 455,243
 468,054
 407,355
 397,043
 478,241
 421,832
 434,770
 425,382
 450,990
 426,595
 415,129
 442,940
 474,158
 447,157
 421,187
 401,059
 439,356
 455,268
 432,006
 432,816
 451,887
 441,523
 322,554
 445,124
 455,923
 426,142
 433,173
 414,072
 418,159
 457,734
 437,440
 463,935
 454,705
 494,707
 449,193
 427,508
 431,916
 446,242
 463,479
 451,590
 435,974
 416,629
 417,811
 446,377
 469,314
 463,666
 459,221
 420,588
 430,699
 416,170
 440,314
 444,127
 472,974
 391,510
 453,002
 465,984
 487,246
 438,302
 462,264
 483,146
 444,963
 504,825
 478,446
 451,367
 501,623
 453,923
 470,921
 445,272
 504,238
 452,337
 478,088
 455,986
 479,905
 438,938
 500,387
 508,976
 495,118
 508,126
 481,556
 535,767
 528,329
 510,096
 488,882
 542,053
 491,351
 496,246
 508,871
 475,105
 527,217
 488,309
 543,001
 534,852
 537,126
 502,813
 526,923
 486,044
 523,681
 534,788
 504,317
 535,867
 506,892
 536,408
 545,013
 534,917
 559,339
 514,236
 536,810
 527,432
 554,677
 500,866
 533,392
 532,947
 523,001
 505,192
 537,250
 529,785
 516,442
 565,261
 538,795
 528,842
 549,445
 522,216
 503,735
 528,679
 489,458
 566,650
 510,969
 554,724
 522,552
 516,806
 506,905
 522,295
 496,981
 513,086
 519,177
 539,998
 503,828
 512,140
 482,810
 564,065
 546,905
 465,393
 508,888
 501,652
 512,519
 540,076
 508,375
 510,617
 526,581
 536,146
 525,579
 550,833
 523,776
 501,314
 494,825
 498,403
 529,367
 510,508
 520,517
 517,002
 516,240
 520,055
 521,652
 495,223
 489,056
 526,995
 523,968
 520,708
 524,439
 500,929
 528,634
 501,306
 480,851
 513,676
 508,897
 515,319
 501,097
 538,834
 490,856
 520,681
 531,440
 525,064
 498,037
 509,654
 500,702
 486,249
 479,427
 509,968
 519,261
 472,143
 505,831
 508,856
 460,618
 488,869
 507,675
 486,049
 478,981
 482,252
 480,027
 475,560
 504,840
 482,505
 508,359
 487,411
 537,291
 485,229
 447,511
 495,239
 512,749
 496,177
 462,527
 481,825
 500,025
 455,367
 475,024
 483,884
 443,744
 457,527
 479,446
 455,241
 489,857
 454,913
 446,992
 463,352
 471,583
 485,629
 500,473
 450,930
 494,372
 465,931
 490,946
 477,550
 450,454
 482,146
 492,311
 510,875
 496,463
 442,488
 452,004
 470,108
 464,524
 441,811
 469,034
 464,199
 552,009
 468,158
 466,199
 446,154
 446,671
 498,424
 506,029
 478,248
 492,242
 476,762
 493,408
 458,780
 488,953
 441,127
 490,587
 496,232
 481,079
 498,279
 515,911
 497,642
 520,323
 455,811
 492,955
 477,858
 520,616
 484,918
 492,291
 497,892
 451,123
 473,982
 474,658
 467,888
 500,658
 488,113
 459,445
 469,168
 464,144
 488,719
 488,705
 478,383
 448,517
 475,527
 493,502
 464,425
 467,193
 484,162
 502,948
 441,069
 475,400
 484,870
 458,002
 494,583
 449,717
 495,661
 480,929
 511,637
 491,725
 520,070
 445,605
 479,398
 452,546
 462,309
 467,174
 488,177
 466,283
 491,669
 517,057
 486,808
 456,790
 450,568
 509,415
 455,842
 466,344
 451,492
 525,419
 496,352
 456,801
 463,495
 506,283
 466,389
 474,753
 480,148
 478,289
 486,964
 524,550
 495,685
 482,716
 478,151
 492,135
 428,530
 500,614
 462,847
 461,785
 468,849
 459,811
 493,344
 466,897
 510,771
 484,908
 466,483
 482,819
 478,353
 490,440
 489,539
 490,237
 495,525
 488,504
 489,908
 507,948
 477,457
 489,978
 500,829
 487,677
 487,382
 476,913
 520,038
 505,830
 516,016
 474,162
 503,254
 523,126
 525,986
 462,632
 472,158
 478,087
 476,580
 487,829
 521,204
 509,392
 483,064
 494,567
 487,373
 480,164
 485,799
 590,900
 479,662
 546,247
 483,439
 477,809
 512,840
 487,358
 483,812
 510,960
 496,034
 491,612
 524,226
 510,467
 498,390
 489,233
 483,113
 491,227
 497,147
 465,188
 480,955
 486,595
 513,285
 471,644
 502,976
 481,718
 489,261
 493,728
 520,501
 506,033
 498,712
 503,780
 452,271
 513,897
 534,259
 504,723
 520,408
 469,859
 507,245
 492,364
 503,913
 508,499
 480,282
 532,093
 524,301
 492,137
 493,187
 485,888
 516,330
 524,241
 545,179
 528,395
 484,389
 490,829
 544,145
 506,378
 493,938
 508,531
 498,995
 511,019
 483,120
 505,418
 530,468
 548,376
 483,299
 498,800
 504,602
 503,661
 483,472
 485,351
 499,459
 508,079
 483,036
 499,414
 517,737
 499,465
 497,630
 500,485
 512,813
 498,664
 481,516
 551,580
 506,356
 471,509
 537,740
 514,265
 496,957
 537,235
 532,401
 510,328
 508,697
 523,606
 484,932
 509,462
 523,172
 517,914
 479,895
 535,402
 499,256
 522,631
 503,367
 510,562
 516,728
 479,138
 516,059
 505,740
 536,182
 487,381
 496,300
 535,914
 527,091
 527,712
 557,858
 519,483
 486,413
 551,643
 486,678
 492,081
 525,814
 518,737
 522,171
 537,381
 497,356
 539,191
 523,082
 508,722
 521,877
 504,662
 541,738
 499,793
 549,663
 495,013
 489,130
 505,412
 525,829
 522,300
 500,231
 512,081
 530,367
 551,590
 544,470
 503,038
 541,315
 533,961
 547,178
 533,786
 505,039
 509,718
 496,842
 514,195
 543,983
 540,254
 544,159
 515,796
 528,552
 537,845
 522,628
 475,749
 557,494
 546,760
 504,397
 528,338
 523,270
 503,207
 549,875
 502,108
 545,263
 503,841
 504,659
 510,894
 506,926
 564,251
 512,525
 514,952
 498,368
 530,528
 543,891
 525,787
 513,793
 545,876
 524,877
 488,539
 478,064
 522,471
 526,163
 502,251
 528,579
 535,292
 546,457
 488,971
 535,747
 516,040
 507,949
 499,877
 509,330
 485,665
 477,495
 507,489
 534,665
 494,731
 544,051
 492,777
 485,851
 545,222
 538,241
 474,808
 510,141
 549,511
 512,507
 538,287
 513,129
 500,778
 544,956
 496,193
 533,766
 518,559
 532,910
 492,036
 534,645
 515,329
 511,916
 538,217
 521,662
 500,650
 518,796
 495,026
 526,181
 504,982
 509,388
 539,693
 515,251
 520,618
 515,503
 520,153
 538,357
 503,663
 536,243
 520,374
 553,574
 536,527
 538,442
 519,575
 517,909
 508,081
 533,495
 504,168
 527,252
 522,391
 525,908
 488,999
 523,319
 514,773
 537,862
 521,230
 552,713
 515,043
 501,788
 571,913
 497,594
 468,739
 497,363
 550,176
 509,852
 514,533
 524,633
 513,218
 508,010
 531,220
 467,293
 532,376
 518,009
 547,382
 514,452
 545,677
 495,990
 538,214
 534,083
 533,662
 536,024
 516,475
 528,272
 482,987
 540,155
 536,310
 525,676
 512,225
 492,353
 528,948
 515,409
 506,683
 503,713
 495,477
 545,675
 514,404
 541,815
 555,684
 514,868
 502,617
 479,494
 521,514
 488,865
 531,202
 503,732
 483,014
 477,007
 517,583
 556,660
 526,646
 508,530
 473,292
 510,526
 506,986
 524,939
 484,013
 513,986
 508,309
 517,350
 479,819
 486,278
 502,915
 512,196
 490,654
 504,569
 508,182
 513,869
 508,149
 507,508
 525,368
 513,157
 504,997
 507,351
 526,090
 492,356
 525,671
 467,346
 529,567
 493,604
 487,805
 543,902
 537,991
 455,082
 485,311
 511,835
 495,887
 515,401
 542,204
 475,331
 497,582
 508,888
 519,592
 512,090
 491,543
 544,331
 527,162
 504,033
 493,822
 522,334
 505,684
 489,479
 496,427
 531,910
 477,139
 510,391
 520,469
 551,554
 517,182
 520,675
 507,843
 532,284
 517,091
 491,107
 501,053
 499,918
 512,823
 523,710
 475,950
 472,753
 475,260
 529,201
 492,968
 489,531
 492,663
 504,301
 512,640
 489,371
 501,129
 458,886
 480,535
 529,310
 543,030
 458,561
 520,727
 504,845
 518,828
 496,256
 472,198
 526,635
 479,476
 468,740
 524,957
 529,648
 512,821
 489,143
 475,668
 473,042
 495,569
 520,636
 445,426
 490,161
 509,657
 491,917
 502,477
 487,944
 512,526
 476,022
 500,705
 496,633
 491,701
 475,430
 541,032
 489,805
 486,050
 490,229
 478,237
 503,315
 522,886
 486,320
 487,820
 448,929
 522,758
 487,540
 493,744
 532,482
 532,109
 452,042
 492,921
 509,279
 474,972
 501,441
 489,714
 516,680
 485,862
 492,453
 465,038
 474,962
 468,847
 452,739
 493,708
 473,612
 494,077
 495,846
 488,605
 468,729
 448,886
 465,117
 486,873
 462,770
 462,076
 472,096
 477,350
 460,967
 505,700
 479,936
 453,338
 488,285
 451,039
 522,602
 471,032
 460,300
 470,979
 481,416
 468,471
 498,661
 467,680
 492,013
 470,901
 448,365
 494,892
 498,872
 430,652
 508,594
 511,721
 460,785
 495,511
 503,666
 509,274
 486,724
 467,804
 488,105
 469,498
 490,754
 485,914
 492,943
 486,338
 477,057
 510,331
 447,590
 471,481
 477,832
 544,958
 495,111
 474,645
 481,749
 493,984
 498,403
 481,493
 492,416
 499,201
 453,862
 488,308
 490,991
 460,832
 506,811
 472,959
 496,708
 478,581
 497,222
 502,589
 492,927
 479,409
 494,913
 481,706
 520,526
 505,444
 500,984
 476,334
 495,686
 454,678
 458,522
 486,940
 477,836
 460,446
 497,133
 469,171
 523,469
 515,445
 493,874
 510,375
 517,321
 501,976
 457,886
 498,815
 490,472
 484,985
 475,594
 514,145
 498,595
 485,952
 475,864
 509,724
 508,132
 493,372
 540,051
 495,868
 513,050
 525,671
 452,795
 492,878
 530,084
 464,654
 481,210
 483,490
 512,931
 480,843
 503,706
 536,826
 471,953
 460,262
 482,159
 465,114
 526,823
 497,223
 485,793
 476,523
 508,207
 476,531
 501,914
 513,226
 514,564
 468,811
 501,924
 505,942
 522,244
 485,172
 510,825
 538,978
 560,620
 532,620
 474,832
 524,672
 531,016
 482,983
 529,834
 536,921
 496,934
 515,401
 529,343
 486,369
 535,472
 502,771
 491,164
 508,255
 522,335
 498,265
 546,019
 501,824
 485,618
 470,286
 494,103
 525,254
 510,733
 488,327
 521,158
 525,857
 530,362
 500,887
 531,610
 535,627
 550,656
 537,818
 524,130
 477,286
 493,311
 465,709
 522,369
 499,196
 510,935
 573,606
 519,358
 505,576
 495,404
 524,740
 504,345
 449,756
 507,927
 511,033
 521,892
 527,212
 514,516
 489,030
 497,812
 508,580
 505,945
 547,823
 486,098
 515,977
 514,868
 533,041
 508,893
 506,249
 498,475
 548,706
 501,313
 518,801
 511,938
 526,128
 502,487
 514,055
 518,810
 536,646
 488,455
 506,490
 507,016
 497,142
 541,307
 504,784
 545,107
 516,045
 522,619
 537,997
 505,024
 522,124
 494,689
 507,666
 549,991
 459,677
 520,473
 501,070
 471,672
 571,446
 510,243
 513,604
 493,902
 535,545
 502,512
 503,866
 499,553
 435,080
 504,258
 464,783
 474,984
 523,897
 493,530
 522,163
 537,798
 522,048
 542,463
 543,724
 556,349
 547,880
 529,611
 512,626
 521,465
 484,353
 527,897
 486,949
 538,695
 529,011
 539,673
 482,561
 546,961
 489,719
 470,164
 499,375
 499,612
 495,553
 525,927
 526,803
 504,261
 495,957
 461,213
 501,633
 499,475
 507,810
 499,279
 460,687
 503,820
 487,348
 516,782
 502,207
 545,613
 488,568
 512,939
 508,104
 502,609
 494,794
 541,285
 459,827
 484,527
 533,500
 536,049
 519,985
 484,153
 489,044
 509,054
 489,133
 493,231
 455,869
 499,882
 528,016
 478,317
 468,729
 483,250
 498,964
 510,786
 475,767
 473,767
 517,036
 490,412
 458,057
 521,522
 496,197
 500,414
 485,339
 474,703
 507,348
 528,246
 553,400
 470,972
 500,330
 507,863
 546,502
 516,555
 497,087
 495,671
 514,723
 491,987
 506,264
 477,566
 501,210
 498,156
 485,924
 496,551
 490,222
 507,863
 507,926
 515,808
 504,133
 480,518
 504,311
 504,144
 498,169






































































































































































































































































































































































































































































































































































































































































































































































































































































































































































































































































































































































































































































































































































































































































































































































































































































































































































































































































































































































































































































































































































































































































































































































































































































































































































































































































































































































































































































































































































































































































































































































































































































































































































































































































































































































































































































































































































































































































































































































































































































































































































































































































































































































































































































































































































































































































































































































































































































































































































































































































































































































































































































































































































































































































































































































































































































































































































































































































































































































































































































































































































































































































































































































































































































































































































































































































































































































































































































































































































































































































































































































































































































































































































































































































































































































































































































































































































































































































































































































































































































































































































































































































































































































































































































































































































































































































































































































































































































































































































































































































































































































































































































































































































































































































































































































































































































































































































































































































































































































































































































































































































































































































































































































































































































































































































































































































































































































































































































































































































































































































































































































































































































































































































































































































































































































































































































































































































































































































































































































































































































































































































































































































































































































































































































































































































































































































































































































































































































































































































































































































































































































































































































































































































































































































































































































































































































































































































































































































































































































































































































































































































































































































































































































































































































































































































































































































































































































































































































































































































































































































































































































































































































































































































































































































































































































































































































































































































































































































































































































































































































































































































































































































































































































































































































































































































































































































































































































































































































































































































































































































































































































































































































































































































































































































































































































































































































































































































































































































































































































































































































































































































































































































































































































































































































































































































































































































































































































































































































































































































































































































































































































































































































































































































































































































































































































































































































































































































































































































































































































































































































































































































































































































































































































































































































































































































































































































































































































































































































































































































































































































































































































































































































































































































































































































































































































































































































































































































































































































































































































































































































































































































































































































































































































































































































































































































































































































































































































































































































































































































































































































































































































































































































































































































































































































































































































































































































































































































































































































































































































































































































































































































































































































































































































































































































































































































































































































































































































































































































































































































































































































































































































































































































































































































































































































































































































































































































































































































































































































































































































































































































































































































































































































































































































































































































































































































































































































































































































































































































































































































































































































































































































































































































































































































































































































































































































































































































































































































































































































































































































































































































































































































































































































































































































































































































































































































































































































































































































































































































































































































































































































































































































































































































































































































































































































































































































































































































































































































































































































































































































































































































































































































































































































































































































































































































































































































































































































































































































































































































































































































































































































































































































































































































































































































































































































































































































































































































































































































































































































































































































































































































































































































































































































































































































































































































































































































































































































































































































































































































































































































































































































































































































































































































































































































































































































































































































































































































































































































































































































































































































































































































































































































































































































































































































































































































































































































































































































































































































































































































































































































































































































































































































































































































































































































































































































































































































































































































































































































































































































































































































































































































































































































































































































































































































































































































































































































































































































































































































































































































































































































































































































































































































































































































































































































































































































































































































































































































































































































































































































































































































































































































































































































































































































































































































































































































































































































































































































































































































































































































































































































































































































































































































































































