 378,234
 376,752
 327,836
 401,167
 370,896
 370,048
 380,319
 365,448
 367,893
 342,217
 388,537
 369,195
 365,883
 399,499
 376,199
 391,395
 391,705
 335,077
 391,539
 376,559
 382,840
 374,671
 364,767
 373,434
 371,752
 387,373
 415,954
 372,507
 379,534
 401,649
 420,606
 361,887
 405,416
 387,988
 387,369
 351,266
 359,736
 371,398
 355,136
 408,529
 404,798
 407,366
 354,558
 381,961
 374,968
 360,672
 342,642
 357,986
 387,730
 352,634
 407,397
 337,935
 351,701
 362,636
 399,077
 385,006
 363,424
 385,119
 377,511
 321,982
 367,110
 335,389
 369,391
 351,320
 372,835
 377,359
 389,193
 387,377
 368,566
 383,781
 420,517
 364,783
 414,427
 429,287
 373,248
 380,742
 359,365
 373,786
 366,971
 371,989
 347,285
 378,954
 355,926
 367,367
 340,655
 369,860
 351,466
 347,566
 362,331
 381,949
 382,674
 372,283
 373,714
 374,759
 362,798
 332,749
 397,114
 404,599
 358,585
 371,372
 379,800
 389,425
 372,595
 338,785
 380,333
 386,764
 377,322
 385,352
 402,974
 382,682
 373,686
 345,014
 371,849
 375,864
 400,055
 438,645
 362,581
 409,122
 344,856
 327,423
 369,204
 374,769
 334,287
 380,500
 352,827
 388,225
 378,460
 338,729
 338,146
 396,528
 323,516
 370,801
 357,909
 366,077
 375,859
 317,275
 380,171
 337,824
 370,130
 366,552
 388,819
 394,717
 358,962
 381,071
 397,830
 342,113
 340,992
 334,727
 357,407
 362,145
 353,617
 396,893
 359,921
 360,426
 330,790
 400,409
 346,155
 370,400
 378,731
 374,727
 331,147
 361,461
 344,591
 382,670
 353,222
 351,718
 342,003
 354,392
 333,404
 394,148
 352,268
 333,221
 327,631
 350,494
 352,166
 358,955
 366,139
 337,482
 331,843
 345,651
 345,421
 323,555
 368,583
 357,191
 356,985
 351,874
 320,988
 358,455
 364,758
 346,074
 365,087
 377,257
 382,621
 325,749
 292,992
 353,671
 363,488
 331,081
 323,651
 390,412
 328,961
 324,776
 325,057
 308,539
 343,963
 338,847
 348,147
 321,446
 334,699
 366,472
 321,970
 343,876
 332,045
 338,529
 372,002
 341,290
 357,110
 294,143
 315,012
 341,152
 351,750
 339,825
 304,955
 342,145
 341,769
 317,974
 347,482
 313,457
 331,235
 399,608
 320,465
 355,698
 299,844
 352,496
 340,919
 336,763
 356,244
 356,089
 344,239
 319,318
 329,471
 330,790
 300,520
 314,029
 307,879
 328,717
 277,134
 321,289
 327,896
 320,663
 313,473
 301,908
 308,725
 283,787
 290,842
 326,314
 317,690
 340,970
 366,063
 319,824
 350,449
 286,871
 345,506
 344,775
 319,102
 312,262
 331,455
 305,260
 306,558
 314,911
 287,708
 326,207
 312,081
 304,479
 332,892
 329,940
 300,123
 300,193
 291,231
 307,463
 310,999
 296,953
 316,942
 295,116
 306,775
 338,861
 330,056
 303,656
 332,130
 324,540
 274,125
 329,393
 325,636
 292,911
 320,827
 277,475
 346,889
 308,953
 270,949
 285,718
 305,532
 328,797
 293,569
 312,989
 310,221
 358,247
 326,120
 304,079
 334,387
 309,787
 272,469
 286,073
 291,981
 349,564
 312,479
 313,439
 294,691
 307,474
 306,051
 337,838
 281,917
 316,864
 302,848
 301,137
 331,333
 321,971
 318,039
 302,676
 350,599
 304,913
 325,300
 296,893
 290,324
 311,071
 313,097
 305,291
 298,470
 294,920
 301,649
 310,593
 282,682
 307,811
 283,662
 327,067
 319,353
 306,889
 310,708
 258,225
 306,495
 306,481
 273,482
 310,736
 312,321
 312,138
 288,889
 297,069
 296,721
 311,503
 282,403
 285,236
 295,085
 278,922
 305,955
 322,793
 292,771
 318,253
 297,093
 288,248
 319,212
 285,886
 303,715
 292,654
 283,788
 281,696
 282,860
 278,081
 296,633
 265,562
 336,646
 328,478
 353,809
 270,568
 322,056
 293,616
 306,553
 310,811
 281,474
 297,554
 273,661
 294,029
 311,520
 294,622
 303,614
 328,537
 288,071
 300,402
 303,690
 327,280
 297,111
 300,474
 286,944
 303,559
 325,088
 295,905
 309,238
 275,306
 307,282
 319,929
 296,727
 308,278
 295,516
 268,688
 313,072
 318,425
 319,690
 269,953
 291,654
 316,166
 296,299
 306,709
 311,138
 285,805
 312,866
 304,875
 306,035
 283,900
 319,543
 302,502
 286,076
 297,806
 261,575
 326,442
 290,437
 311,264
 291,108
 317,863
 287,912
 320,979
 283,014
 281,866
 279,275
 330,876
 293,641
 334,836
 326,964
 295,410
 279,273
 307,254
 307,039
 296,429
 297,665
 289,825
 294,258
 309,179
 307,986
 302,465
 336,767
 290,478
 288,397
 324,838
 314,539
 323,748
 312,267
 290,883
 274,552
 276,767
 292,080
 292,802
 316,869
 293,111
 318,006
 294,539
 330,195
 308,418
 325,382
 318,493
 292,924
 281,208
 323,790
 286,506
 309,848
 270,064
 324,858
 321,935
 275,660
 337,636
 308,194
 294,687
 295,513
 295,705
 341,388
 303,949
 322,530
 283,866
 303,747
 346,355
 317,774
 309,454
 311,531
 323,904
 323,217
 314,160
 321,431
 320,343
 307,190
 299,635
 317,873
 307,842
 282,845
 312,413
 339,937
 325,713
 341,245
 320,439
 291,167
 334,176
 337,753
 320,301
 288,698
 338,158
 302,888
 343,044
 328,050
 305,563
 286,898
 324,552
 322,078
 304,490
 342,491
 336,413
 333,819
 263,016
 310,976
 318,163
 362,524
 353,003
 331,507
 333,089
 313,173
 346,127
 330,347
 340,079
 317,106
 343,636
 332,799
 322,312
 341,514
 334,907
 345,583
 318,906
 352,006
 311,793
 380,245
 361,434
 377,242
 331,092
 323,360
 358,505
 297,537
 332,487
 319,680
 326,847
 368,445
 360,485
 371,588
 334,600
 338,392
 380,303
 341,689
 338,732
 329,130
 352,286
 338,854
 349,423
 359,832
 329,747
 342,056
 330,895
 321,290
 362,921
 363,299
 375,991
 346,575
 352,438
 338,841
 342,970
 360,625
 384,025
 357,425
 351,422
 338,804
 374,243
 331,428
 348,012
 335,428
 358,327
 341,571
 354,278
 333,826
 351,324
 337,654
 374,247
 366,607
 370,986
 359,334
 368,004
 361,335
 345,124
 380,484
 359,200
 355,190
 361,799
 375,416
 371,077
 367,404
 387,295
 374,666
 357,327
 380,792
 328,757
 374,116
 378,856
 365,187
 333,973
 362,193
 394,300
 404,488
 371,172
 372,580
 374,347
 365,759
 340,202
 380,577
 385,060
 351,423
 372,847
 358,825
 368,074
 364,679
 345,529
 366,624
 394,521
 402,114
 377,527
 394,098
 411,670
 332,876
 388,079
 386,322
 378,151
 350,062
 373,764
 350,342
 393,212
 391,313
 386,024
 399,260
 403,578
 361,359
 364,838
 400,218
 407,211
 364,328
 406,121
 410,363
 357,896
 372,146
 383,472
 384,474
 388,920
 350,097
 365,039
 369,920
 413,918
 413,060
 393,612
 397,829
 404,643
 386,714
 427,059
 407,132
 406,299
 414,444
 404,887
 406,889
 418,411
 408,412
 358,423
 417,416
 396,746
 401,981
 431,110
 389,696
 418,642
 409,185
 407,685
 419,644
 417,318
 405,715
 425,337
 416,698
 399,312
 400,834
 422,531
 426,483
 418,870
 429,769
 456,284
 423,626
 375,819
 419,451
 427,025
 428,409
 422,483
 422,651
 435,846
 453,809
 386,395
 410,530
 428,984
 426,356
 420,666
 436,369
 458,889
 449,599
 428,608
 417,724
 382,396
 419,205
 453,372
 452,554
 441,030
 437,558
 461,464
 443,054
 429,608
 414,735
 430,743
 454,207
 422,686
 477,106
 460,369
 449,806
 430,315
 472,493
 467,325
 458,697
 442,449
 416,044
 450,484
 460,316
 436,058
 435,874
 483,404
 448,406
 484,552
 468,369
 449,184
 480,597
 408,510
 415,985
 477,132
 450,336
 442,058
 474,420
 488,490
 466,888
 450,184
 453,983
 440,489
 435,452
 456,692
 457,758
 475,552
 463,060
 464,976
 481,645
 492,893
 477,617
 493,928
 454,529
 460,342
 470,343
 472,848
 472,237
 516,196
 487,653
 482,102
 470,908
 479,340
 486,603
 500,628
 465,467
 464,772
 478,018
 530,646
 474,113
 509,722
 497,683
 496,851
 463,017
 512,709
 498,617
 496,213
 486,168
 496,588
 463,816
 517,172
 466,931
 466,538
 495,530
 500,358
 496,506
 500,051
 491,069
 500,638
 499,372
 514,915
 528,146
 470,335
 530,616
 494,900
 502,665
 528,979
 510,357
 526,588
 513,647
 522,756
 485,820
 502,773
 528,202
 508,683
 517,131
 514,169
 524,792
 527,989
 554,560
 517,200
 507,124
 527,851
 509,272
 537,956
 503,390
 554,716
 542,344
 560,847
 562,526
 542,491
 552,041
 531,001
 526,884
 552,980
 560,272
 527,423
 540,917
 560,387
 552,673
 523,741
 597,709
 544,357
 511,775
 560,123
 578,978
 561,948
 557,419
 531,124
 593,492
 535,580
 567,513
 553,455
 582,180
 528,496
 531,075
 540,276
 581,588
 557,003
 589,123
 575,436
 539,708
 580,464
 597,503
 551,857
 615,509
 590,857
 582,373
 597,338
 585,300
 633,027
 582,596
 567,108
 560,647
 589,051
 597,744
 570,836
 565,849
 609,325
 643,612
 590,975
 625,493
 618,035
 586,740
 627,524
 581,593
 631,057
 634,757
 650,943
 625,901
 606,785
 615,170
 647,626
 645,189
 663,674
 625,133
 602,031
 604,551
 616,066
 619,628
 615,178
 641,482
 631,108
 635,968
 601,779
 632,380
 607,640
 627,660
 657,101
 587,953
 651,496
 660,920
 656,849
 635,345
 657,965
 651,826
 653,307
 626,718
 610,050
 620,400
 624,122
 682,998
 669,840
 629,404
 691,209
 626,900
 624,441
 627,878
 606,930
 652,587
 654,348
 580,999
 654,567
 654,713
 643,859
 652,965
 677,352
 694,224
 699,351
 651,609
 703,917
 684,142
 675,601
 703,109
 633,791
 652,384
 665,556
 666,778
 681,553
 731,974
 713,849
 702,916
 723,294
 691,406
 690,055
 683,831
 672,097
 695,767
 721,078
 694,017
 719,395
 744,042
 745,846
 674,176
 721,724
 718,532
 750,672
 682,930
 720,827
 677,958
 733,020
 730,338
 662,921
 688,660
 698,832
 725,536
 697,058
 711,979
 708,217
 709,662
 703,584
 691,738
 701,699
 702,714
 726,587
 736,861
 754,988
 701,375
 706,707
 694,713
 765,978
 739,108
 775,553
 726,746
 723,855
 765,595
 757,067
 734,704
 708,338
 732,474
 764,398
 722,978
 749,227
 730,903
 757,761
 735,602
 748,590
 721,827
 725,989
 736,833
 752,831
 700,787
 721,834
 748,412
 759,373
 765,235
 743,353
 766,694
 754,693
 785,893
 769,369
 780,657
 707,010
 757,956
 760,149
 769,061
 732,828
 736,924
 790,134
 779,106
 743,556
 774,859
 811,821
 757,346
 782,635
 747,489
 756,964
 770,047
 778,125
 773,101
 733,500
 785,585
 774,403
 781,709
 802,917
 804,752
 798,534
 787,213
 778,136
 797,008
 783,511
 745,689
 823,430
 795,498
 811,935
 822,857
 782,801
 801,806
 762,471
 851,853
 782,558
 744,022
 767,907
 766,249
 844,333
 769,305
 791,856
 764,604
 831,204
 814,062
 784,932
 765,939
 771,794
 769,271
 794,618
 813,432
 775,439
 830,817
 789,973
 817,288
 793,704
 801,976
 757,515
 802,370
 874,879
 815,243
 813,231
 853,761
 826,693
 816,035
 793,835
 838,992
 843,999
 806,803
 836,764
 831,624
 869,896
 846,717
 793,584
 861,154
 844,930
 813,180
 853,486
 819,485
 867,002
 874,579
 842,761
 823,274
 870,162
 848,807
 809,164
 826,019
 844,369
 825,344
 810,532
 831,090
 787,940
 841,168
 893,590
 853,398
 849,996
 874,042
 851,434
 854,184
 836,737
 870,762
 866,208
 815,429
 878,995
 857,708
 871,891
 855,541
 832,602
 854,031
 861,556
 885,117
 871,839
 880,771
 897,196
 898,050
 909,580
 840,924
 875,052
 858,391
 836,408
 876,299
 864,464
 873,206
 877,820
 884,259
 899,179
 897,837
 847,989
 907,779
 900,834
 878,955
 926,625
 887,539
 934,360
 895,575
 910,346
 851,036
 869,339
 887,354
 926,435
 921,499
 896,999
 877,772
 877,005
 885,450
 910,903
 877,968
 914,483
 900,764
 928,399
 919,382
 881,979
 931,021
 941,600
 925,108
 934,239
 878,384
 881,667
 941,074
 924,836
 917,445
 970,811
 899,084
 911,842
 900,853
 889,988
 927,347
 942,919
 967,780
 959,399
 896,963
 916,405
 952,290
 917,726
 962,229
 935,352
 958,609
 896,771
 952,342
 953,621
 955,993
 933,098
 990,056
 950,851
 944,652
 953,368
 989,350
 948,790
 957,851
 974,967
 976,127
 956,451
 975,929
 951,235
 952,249
 948,838
 1001,392
 1009,050
 971,593
 973,793
 998,691
 967,448
 984,186
 977,579
 944,172
 964,651
 968,033
 970,481
 969,230
 1010,473
 1016,334
 972,877
 991,760
 951,551
 988,623
 953,765
 961,491
 1014,002
 1025,443
 976,384
 1060,644
 979,481
 989,104
 1002,461
 1024,948
 957,302
 986,738
 1010,984
 977,700
 969,096
 997,699
 1007,464
 990,359
 1053,050
 1024,691
 1025,088
 1002,436
 1018,105
 1003,755
 974,543
 1044,073
 1013,422
 1042,515
 1000,672
 998,589
 1015,236
 1012,462
 1005,013
 1002,287
 1022,876
 1037,389
 1041,252
 1014,519
 1015,185
 980,425
 1050,296
 1047,139
 1028,272
 1065,427
 1118,131
 1022,863
 1053,469
 1068,661
 1026,604
 1069,690
 1034,039
 1055,212
 1069,970
 1041,316
 1037,331
 1077,676
 1040,969
 1050,907
 1044,425
 1091,995
 1018,953
 1032,522
 1066,807
 1063,951
 1052,777
 1059,871
 1073,732
 1029,750
 1085,694
 993,220
 1082,610
 1097,011
 1046,378
 1031,329
 1058,146
 1076,874
 1096,283
 1076,507
 1076,816
 1087,458
 1044,002
 1109,345
 1058,475
 1089,736
 1106,067
 1080,981
 1073,206
 1077,197
 1121,987
 1069,130
 1076,665
 1093,916
 1104,772
 1075,296
 1104,891
 1108,029
 1060,713
 1108,047
 1094,324
 1049,838
 1060,864
 1114,563
 1085,101
 1101,071
 1079,675
 1095,236
 1110,269
 1175,766
 1094,470
 1060,978
 1081,955
 1095,205
 1143,365
 1047,180
 1117,344
 1136,291
 1096,851
 1108,133
 1061,195
 1077,688
 1087,870
 1092,593
 1083,853
 1101,090
 1061,172
 1144,878
 1120,233
 1098,017
 1089,411
 1092,231
 1105,341
 1097,623
 1129,491
 1109,932
 1114,886
 1103,048
 1099,351
 1094,843
 1121,126
 1139,657
 1111,570
 1125,720
 1152,489
 1056,531
 1090,066
 1122,108
 1105,636
 1113,982
 1112,953
 1084,078
 1122,344
 1116,328
 1131,049
 1099,962
 1094,341
 1131,268
 1114,499
 1142,417
 1144,931
 1134,567
 1168,768
 1109,242
 1140,956
 1087,007
 1148,066
 1136,390
 1144,743
 1143,932
 1118,888
 1190,236
 1119,588
 1093,662
 1106,045
 1133,210
 1167,836
 1123,802
 1130,443
 1140,477
 1168,667
 1144,648
 1117,434
 1127,771
 1164,943
 1058,666
 1120,698
 1128,908
 1127,554
 1105,411
 1164,661
 1109,340
 1124,661
 1132,794
 1175,426
 1145,953
 1140,467
 1155,675
 1204,693
 1181,717
 1108,334
 1114,423
 1114,492
 1144,883
 1148,553
 1150,861
 1142,419
 1193,372
 1106,704
 1137,518
 1165,718
 1158,760
 1120,632
 1170,731
 1140,244
 1163,613
 1165,791
 1157,320
 1173,362
 1152,606
 1152,707
 1120,542
 1155,280
 1159,916
 1156,447
 1185,651
 1182,465
 1161,088
 1234,454
 1161,198
 1137,531
 1120,045
 1143,219
 1165,012
 1142,022
 1208,374
 1137,050
 1139,248
 1156,000
 1162,073
 1147,048
 1123,277
 1198,973
 1157,200
 1148,677
 1191,648
 1186,833
 1133,245
 1136,343
 1132,455
 1140,137
 1127,380
 1190,098
 1215,460
 1164,318
 1154,468
 1114,073
 1169,022
 1206,089
 1190,024
 1158,667
 1148,553
 1159,719
 1204,762
 1145,980
 1177,823
 1172,200
 1189,261
 1132,056
 1143,400
 1139,636
 1141,593
 1123,469
 1246,665
 1189,381
 1195,801
 1183,076
 1142,329
 1165,750
 1159,679
 1177,443
 1195,172
 1184,275
 1184,154
 1172,036
 1196,606
 1102,893
 1075,549
 1088,112
 1194,975
 1139,483
 1172,600
 1156,761
 1196,192
 1144,349
 1165,804
 1145,516
 1189,791
 1164,433
 1189,790
 1130,141
 1134,326
 1172,664
 1187,795
 1186,930
 1156,346
 1127,360
 1153,772
 1200,095
 1206,558
 1166,495
 1163,858
 1212,409
 1188,217
 1174,810
 1199,716
 1215,507
 1134,174
 1195,179
 1204,024
 1180,679
 1198,885
 1152,167
 1175,429
 1147,993
 1135,778
 1160,176
 1157,639
 1143,090
 1118,384
 1180,034
 1111,193
 1190,671
 1213,232
 1118,606
 1127,650
 1199,771
 1187,535
 1238,975
 1218,930
 1164,807
 1191,971
 1191,758
 1193,581
 1140,654
 1126,601
 1147,270
 1166,928
 1184,596
 1176,582
 1145,230
 1163,237
 1155,792
 1175,692
 1156,911
 1160,364
 1175,248
 1177,062
 1209,376
 1137,693
 1170,829
 1159,974
 1129,015
 1160,377
 1157,029
 1155,938
 1174,091
 1184,563
 1149,713
 1158,851
 1157,997
 1168,485
 1194,304
 1196,991
 1137,444
 1181,430
 1172,391
 1222,400
 1164,997
 1163,358
 1213,937
 1236,451
 1198,674
 1172,719
 1135,583
 1151,477
 1159,253
 1175,947
 1157,147
 1173,588
 1134,446
 1149,116
 1138,765
 1201,004
 1156,108
 1186,498
 1146,513
 1138,760
 1220,535
 1169,536
 1170,258
 1184,627
 1149,038
 1168,663
 1174,552
 1202,975
 1191,738
 1177,852
 1149,637
 1151,608
 1155,627
 1196,935
 1172,693
 1176,846
 1131,453
 1158,592
 1160,413
 1148,248
 1158,821
 1183,055
 1184,221
 1173,271
 1139,684
 1161,285
 1158,328
 1179,258
 1160,051
 1150,414
 1166,205
 1214,151
 1190,421
 1162,686
 1191,610
 1158,387
 1168,592
 1176,224
 1180,606
 1152,536
 1129,338
 1184,109
 1201,484
 1193,304
 1168,622
 1181,420
 1146,423
 1102,997
 1142,851
 1189,009
 1173,684
 1148,635
 1157,433
 1139,709
 1172,164
 1109,031
 1167,846
 1176,316
 1180,888
 1122,401
 1155,403
 1155,329
 1132,469
 1102,582
 1146,229
 1178,254
 1131,053
 1183,600
 1127,985
 1177,627
 1180,223
 1112,936
 1149,828
 1180,031
 1174,062
 1193,259
 1162,980
 1186,217
 1199,055
 1182,947
 1175,194
 1165,646
 1176,641
 1149,254
 1163,118
 1187,174
 1177,584
 1194,666
 1180,777
 1142,601
 1190,881
 1097,674
 1171,062
 1179,173
 1170,873
 1149,891
 1114,097
 1222,608
 1112,453
 1137,926
 1208,347
 1177,798
 1180,667
 1089,326
 1173,352
 1135,508
 1156,828
 1155,070
 1168,540
 1145,560
 1184,603
 1162,324
 1146,908
 1107,025
 1135,451
 1173,560
 1145,343
 1130,951
 1135,028
 1154,060
 1129,630
 1164,106
 1159,771
 1138,546
 1180,119
 1124,531
 1150,851
 1131,077
 1137,317
 1141,358
 1144,118
 1122,598
 1127,655
 1103,675
 1149,673
 1099,282
 1126,374
 1107,655
 1159,747
 1106,543
 1121,996
 1101,478
 1131,359
 1127,745
 1129,452
 1068,317
 1096,807
 1122,398
 1071,679
 1125,452
 1130,857
 1159,331
 1177,254
 1069,074
 1147,894
 1146,259
 1169,177
 1109,582
 1125,626
 1160,959
 1122,107
 1131,482
 1137,319
 1110,573
 1102,269
 1125,331
 1140,017
 1078,559
 1119,566
 1111,593
 1166,916
 1105,025
 1102,589
 1099,651
 1149,795
 1089,459
 1094,101
 1140,833
 1121,795
 1083,128
 1068,605
 1096,042
 1082,839
 1103,635
 1095,531
 1106,053
 1166,354
 1108,672
 1044,567
 1118,907
 1051,531
 1074,108
 1061,490
 1116,312
 1079,269
 1142,021
 1043,373
 1105,405
 1074,726
 1044,503
 1092,263
 1079,944
 1068,671
 1090,595
 1101,361
 1047,503
 1071,538
 1060,417
 1039,439
 1052,925
 1105,588
 1113,909
 1023,449
 1105,537
 1114,669
 996,518
 1099,068
 1089,673
 1081,235
 1066,643
 1044,334
 1080,229
 1106,719
 1023,906
 1053,137
 1047,017
 1047,284
 1065,272
 1013,313
 1074,106
 1082,144
 1044,756
 1047,655
 1081,119
 1081,974
 1110,368
 1043,074
 1041,573
 1055,835
 1070,897
 1026,227
 1054,052
 1007,862
 1058,672
 1011,426
 1053,737
 1026,801
 1039,214
 1038,940
 1032,177
 1063,328
 1056,930
 1053,393
 1066,132
 1009,747
 1042,090
 1022,354
 1043,418
 1080,222
 1033,779
 1048,918
 1030,923
 1004,509
 999,950
 1038,422
 1032,282
 1050,005
 998,139
 1046,918
 1034,274
 1025,377
 1010,919
 1013,116
 1039,153
 1004,264
 1024,291
 1003,582
 1037,367
 1017,457
 1032,689
 1023,391
 1034,047
 998,424
 1049,057
 1035,419
 1046,977
 1008,512
 998,045
 1035,215
 1035,141
 1017,882
 995,068
 1012,675
 1005,511
 1025,656
 1022,679
 980,423
 1023,875
 1003,704
 1000,256
 1017,220
 1011,167
 1008,273
 1011,448
 1027,124
 950,330
 1052,744
 985,972
 1022,089
 963,283
 948,657
 987,915
 1010,997
 991,826
 968,313
 988,319
 1029,733
 1020,857
 957,568
 1005,007
 963,675
 1004,086
 980,110
 950,077
 974,054
 975,639
 988,625
 984,637
 996,043
 963,971
 984,069
 971,547
 980,634
 969,278
 1026,622
 1013,328
 939,319
 957,221
 970,383
 942,407
 973,187
 987,249
 962,396
 992,485
 954,103
 962,800
 1008,390
 1005,904
 975,941
 988,277
 979,957
 910,589
 969,310
 949,250
 973,980
 935,531
 1012,984
 953,605
 977,371
 976,131
 981,070
 952,922
 978,737
 978,410
 936,387
 939,492
 968,090
 982,587
 927,321
 912,175
 931,645
 942,607
 923,459
 966,325
 955,772
 954,996
 974,639
 916,935
 944,924
 931,909
 986,922
 968,287
 920,388
 988,694
 958,540
 979,550
 921,024
 967,415
 894,091
 965,368
 966,384
 988,019
 932,617
 937,606
 1008,900
 938,215
 895,558
 943,934
 916,423
 891,933
 920,483
 943,802
 936,063
 950,398
 952,378
 996,763
 950,942
 927,409
 935,653
 964,114
 1009,444
 947,697
 992,866
 948,126
 917,825
 915,595
 940,597
 974,775
 1012,182
 940,596
 950,177
 906,313
 966,550
 876,336
 942,899
 903,014
 911,296
 909,962
 926,228
 927,564
 964,790
 880,174
 944,444
 932,710
 933,455
 942,861
 894,715
 976,173
 944,846
 898,989
 960,585
 870,921
 930,665
 948,482
 983,404
 939,387
 926,644
 947,682
 928,979
 967,340
 926,310
 928,960
 967,397
 922,529
 950,888
 891,511
 947,330
 938,248
 951,607
 946,151
 950,574
 926,582
 883,297
 952,526
 929,551
 908,874
 878,116
 906,765
 922,121
 920,023
 948,343
 933,008
 891,756
 937,984
 926,988
 959,309
 873,322
 906,866
 937,237
 910,738
 911,205
 927,525
 936,412
 952,589
 943,352
 905,450
 910,726
 904,891
 928,588
 943,356
 912,605
 886,660
 940,413
 890,508
 887,338
 919,544
 878,146
 922,448
 925,701
 901,353
 896,517
 909,053
 940,948
 859,661
 905,220
 913,397
 869,296
 906,062
 920,970
 942,572
 901,308
 935,551
 915,541
 949,738
 899,298
 879,019
 903,106
 931,985
 933,239
 901,833
 912,497
 912,815
 927,453
 913,652
 909,165
 897,346
 903,145
 859,128
 944,098
 958,527
 933,210
 935,253
 903,637
 976,952
 914,347
 911,630
 933,675
 941,507
 900,186
 909,326
 861,258
 950,622
 936,059
 919,060
 941,393
 890,095
 895,125
 890,610
 917,353
 869,886
 896,591
 902,813
 913,168
 913,809
 890,787
 865,495
 923,765
 905,362
 943,912
 906,646
 906,444
 901,049
 881,859
 894,886
 894,640
 923,799
 901,294
 896,580
 942,938
 924,473
 907,601
 907,321
 920,079
 889,157
 892,395
 926,682
 891,471
 912,033
 902,039
 862,618
 885,190
 950,923
 911,733
 917,227
 869,912
 900,860
 906,002
 933,994
 930,006
 917,879
 955,540
 926,202
 922,884
 909,901
 915,568
 900,811
 917,863
 910,030
 921,240
 928,686
 914,046
 925,854
 920,768
 890,019
 917,593
 935,237
 905,714
 922,770
 913,837
 951,609
 899,553
 884,285
 892,918
 917,384
 920,887
 902,932
 894,427
 926,367
 899,729
 911,592
 946,636
 881,633
 927,399
 902,185
 948,056
 887,570
 901,338
 924,218
 877,835
 913,341
 874,517
 925,434
 886,897
 907,812
 936,915
 888,810
 889,757
 934,867
 901,918
 902,938
 922,670
 896,148
 923,472
 947,194
 926,132
 838,160
 922,257
 898,884
 871,756
 918,795
 891,973
 907,318
 932,075
 908,090
 850,005
 860,588
 895,385
 845,137
 870,105
 914,512
 927,894
 933,061
 907,534
 902,917
 849,950
 916,848
 894,505
 923,462
 885,787
 885,818
 911,931
 907,772
 898,284
 891,088
 922,451
 941,626
 926,711
 878,904
 867,726
 918,805
 868,004
 930,567
 906,838
 927,886
 879,573
 891,735
 862,253
 830,320
 902,598
 856,789
 912,036
 918,448
 884,850
 892,465
 892,868
 922,440
 872,400
 872,545
 904,529
 913,661
 897,388
 885,661
 917,799
 850,036
 887,828
 900,912
 872,185
 904,989
 933,219
 905,573
 883,372
 901,322
 912,796
 863,012
 883,933
 863,940
 855,906
 865,073
 858,055
 854,830
 915,595
 893,211
 908,671
 826,683
 853,351
 919,915
 855,677
 897,782
 870,733
 869,424
 888,139
 826,971
 880,398
 894,105
 865,773
 898,743
 852,130
 958,211
 860,327
 870,056
 888,864
 898,518
 899,919
 865,035
 881,446
 892,689
 859,713
 870,256
 842,039
 878,883
 896,574
 828,513
 904,620
 880,037
 859,160
 849,732
 868,520
 894,651
 862,066
 862,122
 851,763
 868,072
 841,245
 920,088
 880,395
 913,425
 850,323
 844,783
 902,465
 818,731
 893,121
 882,848
 855,710
 900,980
 885,323
 901,163
 897,299
 857,519
 873,663
 904,218
 824,288
 891,530
 890,785
 853,050
 848,946
 880,577
 894,789
 773,909
 818,655
 899,360
 859,475
 889,716
 878,807
 833,469
 903,082
 835,820
 853,577
 892,406
 875,611
 851,669
 843,092
 889,825
 882,852
 841,379
 857,616
 854,834
 844,500
 856,605
 845,030
 817,449
 875,972
 853,232
 854,740
 824,983
 872,714
 900,954
 889,748
 878,181
 837,403
 862,851
 866,549
 880,437
 878,462
 882,489
 879,615
 895,772
 900,474
 894,030
 865,585
 929,221
 883,159
 891,420
 854,302
 895,792
 911,884
 904,594
 868,565
 892,485
 871,998
 902,043
 943,401
 891,314
 886,572
 918,985
 938,243
 905,137
 886,904
 941,056
 926,507
 889,458
 886,161
 901,244
 955,405
 947,988
 907,169
 981,795
 866,057
 867,240
 928,226
 906,189
 917,465
 944,180
 953,648
 907,067
 950,085
 930,667
 949,533
 902,160
 892,610
 914,301
 916,712
 944,747
 919,258
 922,474
 884,774
 953,072
 894,463
 927,934
 885,823
 903,682
 922,430
 924,107
 942,069
 882,289
 912,749
 929,529
 913,769
 917,680
 916,136
 916,510
 885,295
 909,349
 891,664
 916,563
 917,371
 917,846
 938,970
 923,487
 917,200
 935,579
 941,382
 911,219
 947,111
 940,992
 977,464
 961,123
 889,714
 949,594
 932,254
 916,633
 870,462
 904,297
 915,551
 894,924
 917,596
 921,228
 867,839
 953,559
 943,658
 894,570
 883,949
 881,326
 873,390
 838,342
 940,777
 896,325
 928,811
 858,045
 884,046
 892,078
 886,054
 877,838
 892,600
 927,189
 907,774
 904,076
 864,461
 872,677
 894,034
 879,970
 842,702
 891,285
 849,833
 866,299
 884,655
 909,340
 936,278
 860,099
 922,234
 870,683
 840,938
 912,487
 947,669
 870,674
 887,453
 865,436
 869,006
 887,944
 849,839
 846,800
 881,971
 850,601
 849,229
 884,415
 840,626
 878,371
 874,058
 876,974
 886,337
 864,674
 863,129
 851,079
 873,686
 866,346
 876,535
 859,542
 863,275
 842,972
 822,617
 862,754
 827,924
 837,482
 836,246
 833,043
 836,145
 818,605
 818,613
 843,461
 861,732
 839,379
 835,130
 861,716
 849,037
 864,354
 856,392
 834,166
 858,181
 815,793
 868,784
 875,399
 846,449
 866,990
 825,303
 820,620
 832,171
 857,716
 836,095
 869,325
 786,120
 851,265
 834,043
 840,003
 810,674
 851,332
 848,744
 863,176
 850,141
 849,935
 795,953
 813,145
 832,038
 844,734
 834,592
 849,646
 803,681
 841,230
 856,792
 883,435
 771,230
 855,352
 849,276
 880,412
 878,696
 845,541
 827,046
 838,789
 889,172
 835,577
 842,871
 858,293
 800,186
 846,610
 817,954
 823,692
 842,426
 850,236
 801,903
 820,457
 884,135
 840,616
 863,530
 878,229
 870,724
 816,148
 844,313
 826,781
 822,519
 838,281
 877,789
 822,248
 829,065
 838,267
 811,575
 829,065
 802,156
 776,236
 866,568
 867,196
 849,106
 833,450
 854,408
 825,959
 833,855
 840,633
 860,285
 868,196
 807,910
 824,860
 865,059
 815,498
 855,314
 824,311
 850,964
 851,710
 819,639
 815,313
 857,233
 826,020
 808,790
 798,859
 828,011
 823,421
 809,432
 832,545
 861,024
 878,912
 785,600
 835,083
 800,422
 872,234
 817,810
 814,836
 839,376
 807,401
 874,520
 774,345
 820,950
 830,313
 836,191
 826,313
 827,581
 900,289
 850,782
 784,851
 858,953
 814,248
 834,494
 839,153
 846,619
 842,756
 863,165
 803,591
 816,677
 821,225
 855,067
 826,386
 859,783
 865,442
 849,205
 882,731
 831,523
 876,577
 867,261
 847,249
 845,196
 853,714
 849,133
 847,424
 828,196
 853,352
 876,196
 824,204
 820,828
 912,549
 843,363
 884,006
 832,667
 864,993
 820,016
 816,652
 843,690
 823,051
 866,015
 840,567
 863,350
 820,374
 809,389
 846,927
 847,633
 880,322
 859,482
 853,738
 821,172
 828,177
 845,310
 845,994
 878,419
 835,042
 852,142
 877,089
 843,241
 841,881
 855,586
 878,676
 826,075
 861,760
 869,288
 812,991
 840,145
 831,102
 818,243
 825,208
 853,141
 828,236
 818,587
 890,332
 831,204
 835,358
 788,894
 844,128
 835,521
 872,104
 857,543
 862,878
 872,393
 858,626
 846,951
 848,234
 861,462
 848,201
 863,242
 874,993
 807,499
 865,295
 840,102
 863,198
 841,539
 832,191
 866,665
 837,870
 819,320
 817,103
 811,004
 840,650
 840,183
 849,188
 845,119
 838,589
 863,515
 854,356
 864,499
 845,707
 808,079
 816,977
 866,234
 831,933
 858,296
 839,736
 837,447
 824,204
 879,171
 820,234
 862,295
 842,251
 829,245
 875,620
 842,636
 870,965
 865,167
 829,197
 812,440
 892,885
 840,034
 838,218
 848,480
 841,746
 870,202
 903,028
 911,898
 832,786
 808,937
 854,559
 877,138
 861,648
 853,292
 859,972
 817,072
 869,742
 816,791
 845,952
 876,680
 862,777
 845,185
 883,059
 818,731
 830,256
 844,730
 819,993
 869,740
 910,415
 905,438
 861,582
 842,093
 834,957
 830,712
 851,636
 851,300
 859,786
 862,839
 841,102
 861,026
 868,323
 878,133
 816,768
 882,624
 873,632
 862,546
 842,873
 840,067
 846,112
 860,270
 854,685
 859,897
 854,257
 875,637
 843,451
 844,466
 860,312
 868,579
 869,487
 859,754
 850,112
 831,507
 863,640
 869,221
 856,258
 848,859
 858,436
 824,586
 854,435
 865,083
 866,129
 859,431
 882,077
 855,199
 858,173
 885,552
 911,432
 835,775
 831,325
 877,221
 873,532
 837,241
 862,343
 842,311
 867,057
 837,162
 858,032
 864,426
 896,262
 849,810
 829,188
 881,426
 857,076
 875,200
 819,341
 875,216
 835,985
 828,908
 820,399
 837,745
 840,956
 848,223
 855,113
 880,135
 831,644
 866,716
 853,254
 838,889
 867,336
 890,681
 849,286
 837,781
 818,058
 839,844
 855,525
 867,156
 808,258
 852,373
 864,475
 889,062
 837,796
 813,084
 886,899
 873,894
 829,398
 832,798
 877,022
 839,911
 843,014
 807,279
 867,076
 811,777
 855,646
 830,871
 874,843
 847,171
 814,934
 848,334
 879,433
 897,613
 864,455
 872,924
 911,948
 833,004
 829,183
 862,243
 879,610
 904,606
 843,220
 877,048
 831,127
 848,244
 849,802
 889,547
 856,532
 825,483
 895,673
 806,506
 830,756
 849,007
 837,355
 873,078
 843,698
 863,995
 855,569
 851,196
 893,848
 870,618
 885,090
 808,602
 845,013
 884,987
 862,750
 844,292
 843,568
 858,052
 857,678
 858,189
 860,225
 880,337
 858,877
 914,091
 870,990
 909,863
 809,080
 892,108
 869,645
 857,146
 854,146
 880,475
 845,535
 868,233
 847,162
 888,896
 831,410
 827,965
 862,041
 846,620
 855,121
 813,703
 894,772
 878,780
 879,611
 862,518
 849,445
 832,242
 824,485
 878,854
 819,896
 809,425
 811,324
 859,754
 857,306
 847,133
 823,410
 869,495
 843,884
 842,821
 832,870
 854,621
 872,350
 851,594
 858,177
 887,111
 842,392
 794,284
 856,284
 858,101
 856,027
 886,961
 843,575
 820,534
 852,107
 851,688
 841,585
 809,201
 841,931
 807,607
 843,041
 868,554
 855,270
 836,532
 818,155
 888,370
 823,543
 854,525
 858,118
 813,637
 856,094
 857,023
 821,306
 858,314
 825,480
 857,514
 891,135
 842,338
 836,769
 868,831
 840,166
 851,268
 845,382
 851,647
 812,441
 855,523
 852,221
 845,350
 828,727
 878,641
 827,580
 870,590
 867,411
 800,194
 862,842
 870,446
 812,626
 853,277
 879,792
 836,181
 810,562
 834,739
 791,679
 844,493
 837,522
 838,784
 828,007
 868,637
 833,427
 837,605
 860,892
 867,889
 877,239
 811,885
 878,147
 854,619
 849,215
 859,683
 824,976
 868,218
 818,600
 849,098
 877,735
 849,931
 828,461
 851,479
 843,464
 808,071
 841,794
 828,085
 820,050
 861,507
 876,088
 858,895
 843,513
 843,726
 853,016
 811,324
 834,641
 839,854
 848,028
 862,342
 835,920
 838,487
 839,101
 852,564
 818,454
 847,901
 868,018
 863,401
 817,934
 818,910
 831,299
 844,687
 881,475
 797,333
 862,496
 831,307
 841,876
 846,492
 827,477
 817,901
 800,167
 871,370
 849,563
 815,194
 815,085
 825,283
 860,127
 791,045
 815,083
 856,154
 780,227
 825,687
 822,541
 821,507
 822,143
 811,888
 796,506
 793,702
 784,817
 835,251
 758,858
 807,192
 807,961
 804,588
 828,234
 873,831
 810,916
 841,793
 842,379
 808,162
 786,347
 816,445
 820,157
 802,833
 824,281
 828,953
 792,277
 806,604
 816,540
 844,824
 820,020
 793,379
 801,694
 800,456
 807,602
 837,329
 812,354
 800,181
 815,394
 810,299
 790,873
 793,834
 801,828
 822,238
 787,233
 772,218
 820,784
 803,099
 800,502
 822,145
 849,949
 791,910
 860,191
 800,939
 772,215
 809,129
 787,031
 815,702
 810,746
 786,160
 809,683
 811,001
 801,322
 789,411
 773,035
 825,183
 867,677
 823,786
 869,293
 785,084
 828,910
 770,413
 800,897
 816,779
 847,299
 760,373
 801,260
 782,928
 792,437
 806,658
 803,673
 835,529
 802,575
 819,327
 753,409
 871,878
 817,432
 800,231
 841,581
 828,320
 813,794
 750,862
 787,149
 825,501
 817,556
 803,250
 810,398
 824,339
 803,232
 820,723
 817,992
 816,673
 788,533
 846,680
 847,280
 839,886
 813,186
 788,643
 798,142
 828,522
 772,649
 823,338
 789,574
 821,199
 783,377
 815,797
 843,728
 808,347
 826,966
 816,641
 791,405
 796,862
 798,938
 779,589
 827,389
 795,176
 848,150
 828,478
 856,447
 794,433
 790,733
 816,472
 841,243
 819,043
 788,525
 793,424
 796,456
 828,474
 814,128
 783,646
 831,029
 810,066
 825,384
 817,896
 842,731
 807,386
 812,746
 832,150
 809,109
 825,172
 804,758
 839,026
 782,663
 834,152
 793,972
 814,146
 813,095
 819,008
 843,544
 816,843
 819,595
 780,772
 820,898
 786,008
 784,700
 834,534
 846,292
 787,176
 822,596
 834,894
 826,972
 826,117
 791,562
 842,813
 780,531
 802,238
 786,984
 835,587
 817,157
 827,353
 808,110
 778,550
 792,868
 807,425
 821,649
 824,933
 804,283
 809,407
 794,247
 803,669
 811,771
 803,349
 787,630
 795,645
 790,555
 820,308
 837,352
 793,645
 817,006
 786,031
 748,162
 793,635
 797,991
 826,784
 810,686
 826,759
 827,569
 786,179
 799,931
 754,988
 818,973
 789,078
 827,592
 789,070
 779,469
 785,131
 772,911
 809,958
 763,146
 783,100
 804,213
 797,181
 791,890
 769,370
 774,975
 796,819
 748,285
 794,061
 817,257
 812,435
 802,710
 783,832
 821,326
 821,558
 787,015
 801,496
 797,389
 768,773
 737,886
 748,355
 768,682
 824,485
 758,983
 782,957
 791,382
 770,973
 810,928
 817,144
 747,680
 757,302
 772,317
 801,834
 770,377
 825,364
 768,045
 793,020
 739,785
 769,139
 803,965
 749,091
 772,261
 776,040
 758,119
 797,000
 784,433
 769,651
 759,038
 779,036
 739,771
 787,134
 759,169
 783,954
 729,893
 759,956
 797,509
 756,757
 709,699
 761,571
 721,615
 745,587
 752,312
 798,995
 763,522
 727,818
 775,412
 788,486
 769,202
 774,460
 731,231
 718,794
 768,586
 751,201
 753,160
 733,985
 728,226
 712,464
 793,032
 740,332
 718,808
 754,629
 749,449
 730,879
 719,653
 748,373
 747,430
 742,868
 741,437
 744,625
 706,520
 756,082
 737,380
 775,450
 787,262
 738,504
 716,330
 692,040
 737,245
 761,148
 732,235
 734,184
 745,792
 746,226
 779,950
 731,981
 758,934
 755,880
 742,437
 699,493
 766,745
 747,604
 736,297
 714,127
 752,140
 732,183
 743,604
 750,322
 693,041
 743,794
 724,201
 731,989
 728,748
 753,429
 714,687




























































































































































































































































































































































































































































































































































































































































































































































































































































































































































































































































































































































































































































































































































































































































































































































































































































































































































































































































































































































































































































































































































































































































































































































































































































































































































































































































































































































































































































































































































































































































































































































































































































































































































































































































































































































































































































































































































































































































































































































































































































































































































































































































































































































































































































































































































































































































































































































































































































































































































































































































































































































































































































































































































































































































































































































































































































































































































































































































































































































































































































































































































































































































































































































































































































































































































































































































































































































































































































































































































































































































































































































































































































































































































































































































































































































































































































































































































































































































































































































































































































































































































































































































































































































































































































































































































































































































































































































































































































































































































































































































































































































































































































































































































































































































































































































































































































































































































































































































































































































































































































































































































































































































































































































































































































































































































































































































































































































































































































































































































































































































































































































































































































































































































































































































































































































































































































































































































































































































































































































































































































































































































































































































































































































































































































































































































































































































































































































































































































































































































































































































































































































































































































































































































































































































































































































































































































































































































































































































































































































































































































































































































































































































































































































































































































































































































































































































































































































































































































































































































































































































































































































































































































































































































































































































































































































































































































































































































































































































































































































































































































































































































































































































































































































































































































































































































































































































































































































































































































































































































































































































































































































































































































































































































































































































































































































































































































































































































































































































































































































































































































































































































































































































































































































































































































































































































































































































































































































































































































































































































































































































































































































































































































































































































































































































































































































































































































































































































































































































































































































































































































































































































































































































































































































































































































































































































































































































































































































































































































































































































































































































































































































































































































































































































































































































































































































































































































































































































































































































































































































































































































































































































































































































































































































































































































































































































































































































































































































































































































































































































































































































































































































































































































































































































































































































































































































































































































































































































































































































































































































































































































































































































































































































































































































































































































































































































































































































































































































































































































































































































































































































































































































































































































































































































































































































































































































































































































































































































































































































































































































































































































































































































































































































































































































































































































































































































































































































































































































































































































































































































































































































































































































































































































































































































































































































































































































































































































































































































































































































































































































































































































































































































































































































































































































































































































































































































































































































































































































































































































































































































































































































































































































































































































































































































































































































































































































































































































































































































































































































































































































































































































































































































































































































































































































































