 655,228
 639,547
 652,890
 663,962
 657,994
 667,523
 620,176
 614,044
 638,880
 606,378
 632,490
 614,787
 620,213
 664,206
 693,061
 636,987
 630,470
 638,013
 669,080
 657,649
 633,620
 639,377
 625,104
 632,952
 624,717
 638,699
 644,616
 611,545
 665,813
 628,672
 649,267
 630,962
 624,521
 657,883
 637,876
 611,603
 599,047
 630,370
 599,635
 630,091
 634,825
 637,939
 636,195
 647,487
 601,991
 623,467
 628,375
 619,143
 655,440
 633,178
 638,790
 593,631
 635,249
 642,088
 641,938
 634,148
 637,415
 650,099
 628,291
 594,061
 632,635
 605,556
 646,385
 598,550
 614,331
 611,482
 627,412
 642,526
 653,753
 602,885
 626,241
 626,486
 652,373
 684,163
 608,190
 638,076
 621,341
 635,488
 583,617
 606,385
 622,095
 615,807
 606,979
 627,978
 611,642
 642,213
 632,829
 613,911
 600,550
 635,187
 636,185
 640,540
 619,306
 650,662
 605,386
 621,758
 680,389
 624,249
 613,188
 616,691
 622,388
 633,106
 607,810
 609,226
 647,770
 629,626
 621,821
 609,645
 628,086
 609,706
 623,647
 603,167
 658,128
 628,010
 631,448
 629,077
 612,815
 601,466
 596,728
 573,288
 632,272
 603,431
 620,566
 631,553
 650,847
 623,714
 590,464
 612,447
 599,848
 636,113
 604,879
 615,300
 607,324
 635,972
 629,097
 581,709
 606,102
 590,516
 611,353
 592,210
 605,466
 628,567
 608,377
 574,508
 655,164
 595,624
 604,607
 621,006
 618,291
 621,664
 593,474
 588,418
 563,734
 606,838
 595,496
 617,056
 602,669
 603,977
 616,404
 632,061
 609,507
 605,141
 607,386
 607,509
 614,379
 567,819
 583,499
 583,054
 600,295
 688,619
 617,794
 609,670
 590,426
 587,621
 597,212
 593,078
 623,473
 600,004
 583,442
 609,811
 614,770
 612,838
 605,710
 599,233
 579,094
 589,274
 561,119
 611,693
 616,903
 569,547
 588,560
 601,277
 580,426
 536,388
 596,747
 604,451
 600,615
 576,673
 582,623
 601,324
 579,195
 579,653
 584,576
 542,389
 545,591
 584,985
 605,208
 581,511
 586,299
 577,658
 549,267
 581,549
 579,275
 573,745
 588,922
 558,756
 569,388
 566,223
 578,080
 593,024
 581,777
 563,571
 552,185
 571,080
 561,965
 600,430
 571,501
 568,060
 562,627
 625,266
 543,938
 555,961
 523,591
 596,450
 568,488
 562,148
 606,751
 542,971
 562,798
 554,260
 567,144
 587,851
 561,949
 567,813
 536,541
 567,210
 518,357
 543,671
 554,373
 561,066
 553,603
 547,500
 565,786
 532,655
 531,245
 552,791
 551,813
 554,886
 545,027
 539,747
 542,246
 561,681
 549,865
 554,869
 537,387
 539,832
 550,013
 516,446
 547,507
 543,846
 501,078
 503,805
 566,957
 561,540
 540,254
 537,030
 556,364
 544,693
 520,712
 546,501
 515,358
 538,995
 533,043
 557,092
 540,625
 566,158
 570,186
 539,690
 546,593
 524,803
 516,713
 535,937
 533,818
 509,285
 535,016
 530,712
 546,606
 498,566
 522,821
 521,207
 537,470
 551,997
 538,614
 516,256
 533,695
 517,004
 547,682
 520,180
 522,635
 517,149
 524,341
 509,547
 511,358
 547,096
 512,469
 526,536
 535,095
 516,202
 521,060
 530,182
 536,793
 523,135
 511,030
 504,949
 555,080
 526,330
 537,416
 527,242
 537,208
 516,098
 540,582
 499,067
 519,532
 533,726
 528,925
 493,812
 526,312
 479,618
 522,665
 516,044
 514,621
 545,757
 513,416
 516,680
 522,074
 491,587
 513,155
 513,921
 550,722
 523,674
 520,712
 517,553
 502,481
 520,320
 496,525
 498,970
 530,571
 530,061
 490,312
 515,809
 497,532
 519,599
 491,745
 494,657
 496,583
 499,128
 517,563
 489,876
 526,847
 472,495
 487,047
 520,224
 512,723
 505,716
 507,699
 483,532
 451,839
 481,663
 515,064
 518,637
 516,662
 477,112
 520,953
 526,374
 501,354
 507,797
 477,368
 474,333
 498,773
 508,492
 480,653
 477,136
 486,401
 511,869
 480,414
 499,026
 490,573
 501,601
 489,728
 495,275
 514,240
 479,246
 490,398
 472,957
 469,087
 485,673
 498,534
 475,955
 502,178
 497,072
 473,660
 513,461
 474,832
 498,481
 539,614
 524,283
 479,902
 494,857
 523,869
 498,507
 479,452
 484,975
 476,811
 492,031
 496,467
 513,927
 472,292
 493,481
 483,335
 489,331
 506,074
 498,579
 495,069
 481,490
 455,599
 495,735
 480,256
 499,670
 471,262
 512,985
 468,342
 548,615
 497,726
 516,530
 499,374
 480,927
 511,212
 493,590
 469,892
 495,054
 481,271
 499,645
 464,757
 491,420
 485,857
 483,614
 470,402
 488,283
 494,121
 471,853
 484,218
 494,246
 486,588
 469,027
 456,792
 466,107
 444,829
 483,234
 471,530
 491,462
 535,199
 498,625
 487,860
 467,447
 484,685
 479,161
 519,129
 472,460
 472,989
 463,285
 460,413
 442,474
 475,969
 516,463
 487,664
 480,555
 446,470
 494,950
 469,288
 448,181
 495,776
 511,857
 485,929
 488,771
 476,703
 470,978
 495,372
 453,192
 489,402
 472,011
 508,188
 473,463
 483,465
 479,646
 466,493
 505,632
 478,268
 490,355
 482,835
 470,624
 485,040
 489,658
 459,860
 484,384
 455,112
 498,940
 469,749
 469,773
 479,676
 479,711
 497,690
 505,351
 477,522
 466,777
 494,806
 480,305
 467,454
 512,399
 505,344
 498,993
 483,564
 427,507
 512,058
 487,296
 485,509
 491,825
 469,237
 478,465
 458,550
 495,873
 497,842
 486,821
 480,778
 474,813
 476,264
 480,249
 506,005
 475,095
 448,907
 495,412
 470,348
 462,085
 485,208
 502,714
 506,235
 507,325
 504,508
 504,974
 435,268
 500,528
 480,895
 487,515
 519,556
 462,171
 489,112
 487,350
 492,234
 486,085
 474,504
 484,928
 448,838
 464,075
 458,562
 473,773
 486,093
 454,644
 467,772
 468,352
 480,593
 479,898
 484,645
 526,010
 498,778
 500,272
 478,756
 487,527
 494,533
 483,799
 511,539
 503,625
 469,981
 495,317
 464,516
 473,182
 511,934
 492,507
 447,626
 474,259
 495,586
 472,125
 442,343
 470,199
 463,104
 491,240
 474,946
 481,432
 466,025
 456,367
 513,845
 501,846
 488,006
 476,319
 507,685
 474,947
 478,647
 487,069
 487,547
 465,021
 486,574
 452,289
 485,359
 471,804
 494,180
 460,508
 450,499
 472,502
 502,351
 458,931
 460,067
 485,590
 448,876
 471,106
 487,451
 478,280
 466,216
 488,187
 454,776
 462,660
 472,919
 498,551
 461,483
 472,450
 473,217
 488,770
 465,474
 487,141
 500,917
 468,465
 474,354
 497,313
 445,194
 471,354
 505,003
 498,175
 478,253
 468,869
 510,503
 500,348
 469,871
 470,619
 480,059
 481,863
 469,017
 498,523
 489,111
 486,615
 467,005
 487,615
 499,813
 484,052
 473,628
 448,430
 478,160
 525,981
 455,490
 492,840
 473,300
 479,568
 481,300
 473,858
 467,585
 517,815
 478,174
 518,042
 475,534
 502,347
 499,721
 447,275
 478,415
 471,944
 452,603
 488,286
 484,282
 505,309
 493,668
 481,791
 469,447
 474,221
 474,906
 442,645
 456,671
 471,234
 481,220
 482,164
 467,275
 482,327
 508,244
 497,895
 475,614
 439,003
 514,856
 449,249
 451,178
 488,943
 466,174
 503,944
 476,305
 513,749
 481,360
 461,857
 497,458
 496,683
 466,238
 466,912
 437,142
 492,611
 468,892
 471,248
 470,373
 498,533
 463,582
 468,988
 504,837
 515,909
 467,189
 476,135
 501,402
 457,882
 469,057
 474,401
 475,300
 496,792
 478,583
 476,568
 488,436
 458,146
 475,732
 484,333
 499,161
 505,476
 488,547
 481,219
 480,489
 458,660
 492,748
 491,211
 473,389
 488,883
 466,775
 421,449
 490,637
 496,898
 468,190
 474,385
 481,898
 484,226
 472,455
 468,585
 526,724
 481,281
 487,712
 513,595
 455,406
 478,934
 465,349
 533,894
 493,219
 497,094
 490,283
 481,471
 476,479
 480,654
 454,610
 486,880
 449,404
 476,980
 497,042
 499,684
 499,958
 507,844
 469,232
 488,991
 484,413
 421,459
 479,215
 487,334
 458,653
 497,539
 494,238
 489,856
 496,710
 490,695
 471,962
 485,122
 460,878
 507,616
 472,932
 521,373
 476,321
 478,658
 489,354
 487,356
 502,618
 511,898
 484,894
 484,359
 484,731
 501,366
 478,279
 468,256
 453,716
 455,411
 505,774
 502,050
 483,428
 483,275
 474,976
 482,720
 462,715
 458,369
 516,838
 482,847
 509,044
 490,790
 495,406
 523,179
 491,860
 493,821
 491,391
 473,889
 486,439
 497,101
 486,018
 517,684
 497,120
 537,468
 515,390
 503,274
 506,816
 488,508
 484,937
 513,763
 503,306
 503,771
 496,512
 478,572
 483,419
 492,170
 528,182
 474,010
 494,676
 488,139
 482,691
 514,539
 478,608
 500,100
 491,743
 499,094
 487,337
 512,327
 509,922
 532,424
 443,253
 502,698
 524,076
 502,494
 533,522
 516,285
 481,104
 495,100
 499,031
 452,292
 503,930
 513,684
 509,569
 517,980
 520,961
 509,159
 477,297
 473,824
 465,179
 490,852
 536,682
 460,076
 495,503
 518,499
 509,368
 507,795
 485,242
 532,670
 500,829
 492,188
 499,505
 506,370
 522,632
 528,714
 481,553
 484,283
 524,344
 490,718
 474,627
 522,330
 505,362
 505,744
 512,086
 489,468
 520,610
 513,156
 498,500
 526,355
 482,610
 507,949
 505,782
 476,946
 496,420
 494,185
 482,655
 559,577
 529,134
 525,882
 516,940
 505,972
 506,386
 501,587
 517,323
 545,165
 528,209
 512,542
 494,414
 499,006
 477,957
 501,532
 505,217
 531,431
 471,789
 490,709
 515,613
 531,026
 450,851
 486,463
 493,163
 506,338
 517,629
 494,776
 533,220
 503,941
 495,247
 538,544
 506,753
 518,693
 538,282
 502,824
 535,616
 490,898
 554,926
 491,877
 520,453
 501,781
 524,162
 534,437
 500,091
 523,316
 511,358
 527,203
 496,533
 537,955
 493,691
 514,973
 535,251
 516,029
 497,607
 521,125
 526,671
 523,313
 526,841
 540,708
 512,311
 526,414
 534,108
 480,891
 495,161
 518,440
 506,369
 533,869
 498,273
 524,002
 480,664
 511,996
 509,707
 514,753
 512,765
 529,538
 517,147
 570,500
 542,009
 546,249
 527,975
 524,146
 537,690
 573,862
 518,228
 527,352
 543,151
 515,508
 544,208
 532,042
 518,768
 514,647
 534,394
 552,178
 535,765
 552,247
 545,652
 545,261
 526,689
 552,970
 548,795
 559,605
 514,388
 519,324
 549,725
 552,766
 553,714
 560,230
 550,530
 554,640
 552,253
 536,002
 542,648
 535,902
 563,638
 562,008
 563,000
 529,499
 535,779
 559,225
 529,355
 546,233
 516,916
 561,797
 573,677
 554,730
 525,863
 541,892
 541,868
 536,019
 539,461
 502,044
 524,365
 579,538
 522,128
 570,642
 542,986
 536,768
 533,093
 565,522
 518,585
 562,978
 545,363
 559,752
 528,817
 540,065
 569,556
 525,677
 562,705
 551,495
 580,256
 578,409
 559,807
 563,485
 541,074
 566,729
 525,834
 577,058
 564,278
 568,618
 578,238
 531,359
 576,262
 567,372
 544,096
 570,262
 554,670
 582,213
 557,310
 571,351
 580,098
 589,828
 587,997
 570,569
 555,896
 595,091
 573,138
 569,760
 591,176
 614,079
 555,088
 589,686
 582,960
 585,783
 582,721
 604,489
 573,681
 569,627
 592,324
 570,048
 594,200
 597,910
 563,702
 565,232
 568,096
 596,225
 615,271
 596,833
 580,896
 607,031
 602,332
 594,092
 594,837
 623,290
 613,550
 609,387
 578,062
 600,175
 582,679
 629,367
 605,558
 612,806
 612,823
 615,336
 621,090
 586,439
 657,602
 657,144
 602,269
 618,321
 630,075
 582,545
 624,085
 645,929
 623,122
 647,030
 671,411
 669,329
 638,939
 634,338
 654,034
 671,025
 631,587
 628,031
 658,338
 634,171
 632,009
 655,400
 651,308
 653,737
 657,992
 661,716
 680,581
 677,154
 713,733
 668,287
 667,434
 706,092
 636,149
 677,236
 662,754
 678,071
 699,589
 652,902
 684,571
 712,729
 709,978
 678,104
 703,933
 729,927
 701,781
 724,776
 673,819
 707,877
 696,342
 707,593
 701,307
 730,805
 715,403
 737,451
 710,310
 753,846
 662,766
 723,667
 716,172
 754,548
 718,484
 748,639
 742,176
 755,753
 760,056
 719,699
 749,140
 773,176
 743,151
 804,129
 750,704
 760,316
 767,802
 745,525
 753,984
 798,104
 764,290
 825,060
 805,810
 822,654
 821,477
 799,127
 807,479
 805,958
 814,504
 819,124
 790,116
 822,465
 855,283
 820,516
 818,126
 845,145
 855,884
 828,460
 789,880
 842,993
 944,699
 856,511
 910,258
 876,960
 909,503
 861,057
 897,729
 886,480
 854,165
 884,474
 916,255
 892,762
 918,271
 910,090
 899,566
 859,660
 915,679
 912,608
 911,996
 910,999
 919,271
 932,187
 976,943
 964,474
 971,183
 948,457
 951,799
 981,267
 998,019
 935,835
 980,563
 955,929
 1002,927
 1004,973
 967,766
 1004,292
 1054,362
 1057,251
 1038,449
 1033,112
 1040,498
 1032,136
 1038,266
 1056,022
 1087,595
 1058,037
 1057,365
 997,227
 1071,057
 1066,950
 1125,617
 1126,087
 1051,271
 1093,978
 1117,230
 1143,757
 1094,905
 1084,103
 1074,738
 1101,464
 1166,847
 1117,124
 1129,703
 1174,215
 1137,110
 1121,841
 1155,328
 1129,655
 1191,309
 1195,253
 1219,976
 1219,988
 1207,719
 1169,327
 1209,945
 1193,992
 1208,298
 1252,880
 1281,062
 1220,854
 1242,342
 1265,978
 1233,903
 1227,645
 1269,146
 1311,951
 1279,164
 1317,359
 1224,885
 1291,065
 1313,658
 1323,100
 1298,220
 1305,649
 1287,786
 1333,410
 1331,929
 1326,776
 1355,714
 1353,219
 1374,870
 1342,024
 1341,062
 1386,612
 1370,810
 1422,290
 1377,129
 1391,336
 1402,922
 1374,413
 1452,284
 1444,026
 1403,081
 1412,196
 1439,637
 1456,492
 1434,740
 1448,870
 1433,602
 1475,757
 1474,297
 1422,716
 1527,979
 1484,738
 1494,564
 1533,081
 1542,600
 1559,334
 1509,732
 1561,565
 1539,316
 1575,734
 1553,277
 1525,684
 1551,457
 1561,716
 1577,367
 1575,485
 1593,889
 1577,310
 1595,960
 1632,003
 1587,526
 1637,994
 1584,893
 1587,009
 1643,163
 1626,912
 1665,503
 1652,672
 1702,570
 1626,031
 1695,219
 1677,781
 1711,818
 1716,041
 1729,555
 1677,195
 1727,948
 1697,949
 1729,303
 1738,048
 1689,877
 1755,634
 1809,794
 1747,994
 1742,413
 1793,267
 1804,806
 1744,768
 1780,804
 1772,860
 1760,888
 1794,589
 1786,186
 1802,186
 1828,466
 1759,982
 1800,955
 1825,598
 1854,273
 1837,927
 1848,149
 1865,790
 1881,421
 1831,884
 1856,195
 1825,416
 1904,683
 1897,933
 1860,812
 1869,098
 1892,441
 1861,531
 1911,704
 1921,349
 1987,635
 1990,157
 1885,310
 1962,953
 1948,441
 1943,288
 1955,795
 1939,457
 1964,324
 1990,549
 1926,627
 1974,682
 1987,900
 1998,306
 2050,676
 1958,959
 1998,572
 2049,884
 2029,594
 2058,131
 1986,823
 1976,518
 1995,987
 2067,054
 2037,916
 2043,497
 2051,813
 2089,246
 2056,367
 2108,144
 2107,555
 2080,597
 2109,137
 2038,515
 2114,008
 2101,817
 2109,074
 2148,390
 2097,593
 2118,004
 2183,538
 2115,645
 2156,934
 2167,097
 2158,898
 2187,925
 2231,328
 2189,366
 2128,122
 2150,970
 2149,258
 2164,640
 2196,579
 2188,077
 2212,327
 2199,441
 2170,765
 2252,359
 2209,502
 2182,289
 2251,441
 2196,821
 2206,910
 2244,104
 2248,479
 2277,639
 2272,823
 2242,614
 2266,850
 2302,989
 2325,861
 2281,661
 2270,542
 2285,201
 2279,433
 2274,439
 2262,131
 2326,321
 2305,084
 2293,819
 2314,891
 2319,578
 2343,051
 2347,664
 2316,794
 2352,493
 2337,915
 2366,698
 2369,560
 2371,884
 2346,363
 2365,264
 2351,383
 2375,312
 2407,304
 2346,196
 2400,403
 2387,951
 2379,426
 2368,987
 2426,267
 2424,916
 2404,962
 2438,302
 2421,251
 2413,502
 2436,980
 2419,180
 2406,581
 2410,133
 2395,481
 2448,942
 2461,852
 2437,002
 2488,175
 2448,894
 2442,222
 2448,422
 2490,513
 2460,239
 2493,242
 2480,015
 2549,189
 2517,896
 2523,742
 2469,356
 2522,057
 2508,636
 2492,723
 2507,916
 2558,889
 2426,257
 2411,605
 2562,282
 2535,632
 2503,384
 2547,951
 2586,406
 2537,023
 2547,783
 2554,990
 2569,601
 2581,800
 2590,241
 2560,255
 2588,798
 2538,899
 2532,987
 2565,403
 2606,014
 2561,101
 2609,097
 2573,570
 2582,324
 2585,224
 2613,751
 2617,607
 2582,958
 2587,926
 2675,957
 2635,158
 2621,449
 2608,200
 2682,807
 2623,463
 2649,999
 2655,607
 2667,537
 2687,469
 2622,124
 2651,793
 2720,657
 2616,603
 2674,967
 2658,822
 2635,126
 2693,738
 2641,174
 2694,871
 2675,576
 2629,834
 2698,469
 2693,349
 2691,608
 2673,271
 2672,927
 2709,792
 2729,856
 2740,328
 2660,423
 2706,971
 2694,375
 2710,051
 2725,221
 2677,663
 2734,170
 2719,993
 2716,961
 2711,538
 2749,708
 2725,950
 2708,536
 2851,199
 2730,956
 2779,822
 2791,837
 2794,625
 2795,300
 2792,880
 2774,626
 2845,681
 2783,873
 2814,928
 2767,986
 2779,161
 2763,756
 2793,873
 2813,416
 2792,283
 2797,600
 2786,195
 2834,704
 2879,657
 2880,385
 2751,190
 2799,130
 2847,488
 2789,010
 2808,711
 2808,622
 2845,818
 2844,376
 2805,949
 2867,450
 2850,304
 2828,667
 2824,950
 2881,384
 2886,422
 2838,286
 2876,992
 2894,543
 2876,219
 2911,173
 2875,702
 2886,945
 2848,074
 2889,214
 2937,467
 2896,187
 2865,490
 2878,078
 2898,676
 2971,018
 2854,236
 2949,364
 2919,586
 2954,825
 2961,161
 2889,357
 2881,597
 2924,094
 2958,785
 2993,631
 2971,750
 2892,789
 2868,478
 2968,953
 2977,974
 2960,464
 2950,160
 2933,837
 2960,076
 2937,918
 2965,716
 2972,103
 2909,029
 2895,579
 2999,293
 2958,567
 3005,461
 2967,035
 2928,684
 3045,785
 3052,962
 2962,343
 2975,295
 3007,062
 3010,829
 3005,505
 2976,175
 3038,735
 3053,920
 3052,866
 3051,583
 3000,550
 3048,637
 3047,275
 3076,769
 3044,167
 3057,284
 3045,614
 2998,839
 3059,398
 3127,964
 3068,675
 3035,240
 3081,153
 3085,029
 3097,811
 3002,419
 3090,553
 3118,870
 3071,795
 3074,024
 3072,910
 3088,578
 3089,288
 3091,823
 3119,645
 3095,104
 3100,704
 3049,231
 3124,518
 3088,586
 3100,349
 3137,093
 3088,031
 3095,088
 3111,193
 3167,831
 3093,433
 3071,571
 3127,304
 3125,272
 3110,708
 3124,989
 3117,870
 3184,689
 3115,202
 3111,176
 3175,381
 3149,241
 3152,858
 3143,964
 3129,324
 3172,355
 3135,724
 3201,205
 3178,569
 3209,751
 3215,628
 3198,747
 3210,886
 3194,901
 3210,524
 3174,874
 3164,161
 3183,593
 3136,514
 3204,469
 3189,840
 3174,212
 3207,595
 3181,957
 3161,569
 3247,781
 3195,151
 3250,835
 3266,890
 3235,015
 3304,548
 3210,568
 3246,516
 3224,675
 3314,494
 3284,390
 3279,681
 3180,392
 3257,866
 3221,093
 3285,093
 3307,499
 3263,970
 3270,648
 3321,925
 3293,235
 3256,691
 3246,533
 3299,125
 3318,609
 3293,508
 3300,400
 3283,097
 3279,013
 3288,843
 3300,349
 3206,218
 3300,535
 3302,669
 3276,857
 3343,936
 3309,845
 3300,650
 3280,315
 3307,302
 3298,771
 3278,358
 3287,707
 3270,302
 3365,789
 3275,074
 3324,707
 3287,118
 3343,589
 3274,979
 3331,277
 3303,055
 3352,840
 3335,338
 3341,587
 3338,506
 3314,282
 3274,257
 3292,489
 3347,654
 3294,208
 3353,784
 3343,513
 3407,372
 3407,228
 3292,465
 3390,937
 3367,574
 3390,871
 3422,970
 3369,339
 3354,620
 3343,578
 3359,771
 3377,644
 3339,144
 3433,824
 3376,494
 3402,595
 3391,939
 3361,322
 3398,382
 3357,868
 3383,655
 3348,178
 3376,199
 3421,132
 3443,014
 3406,417
 3399,198
 3424,458
 3408,136
 3409,818
 3392,181
 3385,601
 3414,777
 3381,208
 3436,909
 3441,810
 3405,317
 3417,184
 3443,397
 3480,324
 3426,279
 3446,368
 3411,156
 3497,623
 3447,792
 3447,912
 3487,159
 3430,945
 3487,682
 3471,004
 3429,618
 3471,970
 3461,395
 3461,478
 3452,983
 3507,736
 3523,547
 3515,919
 3457,928
 3445,831
 3463,694
 3409,642
 3528,984
 3491,124
 3517,947
 3517,221
 3533,923
 3488,245
 3478,166
 3528,897
 3578,581
 3478,098
 3511,016
 3573,117
 3486,297
 3544,004
 3585,274
 3552,689
 3562,006
 3540,906
 3531,292
 3535,512
 3491,679
 3529,025
 3546,712
 3612,821
 3545,170
 3548,755
 3563,536
 3575,652
 3532,542
 3563,626
 3608,792
 3518,851
 3539,443
 3498,146
 3625,410
 3575,569
 3474,059
 3552,060
 3579,213
 3567,134
 3588,851
 3580,876
 3522,410
 3588,565
 3528,944
 3519,795
 3538,700
 3569,481
 3573,751
 3562,279
 3542,945
 3514,005
 3590,684
 3618,210
 3582,317
 3575,052
 3576,355
 3571,589
 3569,843
 3609,476
 3582,791
 3474,770
 3597,923
 3570,430
 3641,965
 3613,173
 3638,623
 3652,152
 3581,352
 3596,779
 3536,154
 3633,691
 3632,992
 3652,066
 3582,967
 3620,895
 3658,653
 3650,509
 3669,496
 3602,858
 3682,059
 3613,666
 3601,805
 3640,362
 3719,452
 3609,010
 3607,927
 3633,448
 3630,468
 3658,025
 3635,508
 3611,423
 3653,233
 3674,086
 3649,164
 3647,823
 3697,141
 3692,645
 3711,296
 3653,718
 3694,372
 3691,362
 3654,049
 3707,340
 3685,750
 3684,844
 3665,319
 3660,223
 3655,435
 3672,844
 3735,811
 3699,804
 3697,503
 3751,554
 3725,251
 3659,685
 3707,874
 3720,715
 3731,562
 3749,647
 3734,932
 3713,707
 3704,173
 3671,445
 3702,516
 3799,224
 3714,915
 3713,090
 3732,355
 3723,999
 3719,263
 3727,318
 3766,162
 3693,947
 3753,803
 3702,690
 3782,478
 3696,524
 3793,736
 3767,488
 3678,582
 3702,927
 3707,852
 3753,955
 3771,038
 3772,175
 3749,507
 3760,114
 3766,419
 3774,438
 3840,136
 3692,578
 3726,100
 3789,707
 3745,560
 3738,218
 3742,469
 3798,419
 3814,619
 3812,742
 3827,313
 3741,033
 3839,808
 3790,778
 3774,854
 3808,526
 3790,305
 3730,522
 3797,034
 3817,961
 3812,716
 3890,880
 3812,753
 3782,116
 3777,838
 3880,250
 3819,495
 3840,926
 3820,103
 3777,424
 3782,819
 3857,555
 3849,322
 3853,570
 3826,377
 3892,661
 3845,673
 3839,124
 3788,388
 3924,686
 3875,939
 3874,717
 3790,029
 3826,150
 3795,666
 3843,975
 3831,478
 3878,259
 3813,191
 3892,337
 3869,380
 3797,097
 3824,877
 3864,297
 3849,307
 3884,217
 3846,321
 3901,196
 3863,706
 3852,720
 3926,870
 3884,884
 3852,436
 3893,997
 3868,963
 3869,407
 3961,371
 3946,102
 3829,609
 3908,521
 3948,893
 3853,933
 3898,822
 3911,367
 3907,380
 3906,625
 3888,033
 3914,203
 3957,426
 3920,810
 3923,214
 3944,873
 3925,442
 3932,254
 3887,061
 3956,594
 3954,299
 3975,901
 3911,427
 3894,334
 3979,727
 3992,351
 3973,314
 3949,485
 3989,956
 3950,569
 3945,816
 3938,439
 3969,856
 3954,610
 3979,624
 4036,274
 3997,654
 4000,035
 4056,351
 3952,259
 3997,634
 3977,657
 4003,131
 4027,292
 4012,606
 4043,596
 3983,449
 4033,160
 4012,060
 4014,704
 4026,358
 3999,727
 3938,278
 3976,032
 3981,676
 4045,779
 3980,184
 4021,182
 4065,261
 4018,148
 4053,628
 4008,347
 4078,195
 3971,915
 4039,614
 4049,812
 4028,701
 4033,446
 4079,974
 4043,822
 4085,649
 4057,941
 4092,691
 4039,509
 4078,210
 4111,990
 4074,607
 4057,344
 4065,695
 4032,037
 4127,546
 4080,955
 4076,917
 4129,067
 4087,211
 4092,607
 4054,885
 3989,230
 4146,531
 4075,342
 4127,608
 4108,666
 4121,135
 4060,984
 4105,626
 4087,363
 4109,407
 4147,454
 4104,537
 4144,270
 4100,415
 4144,266
 4141,514
 4221,675
 4111,589
 4169,330
 4095,807
 4125,287
 4229,721
 4192,396
 4167,562
 4144,424
 4095,105
 4197,297
 4243,821
 4187,131
 4254,027
 4215,419
 4193,814
 4226,163
 4194,565
 4268,928
 4133,041
 4239,560
 4208,326
 4184,186
 4209,534
 4236,088
 4177,340
 4182,791
 4200,118
 4215,803
 4216,988
 4218,340
 4221,780
 4218,139
 4309,612
 4136,349
 4233,675
 4243,994
 4219,456
 4207,176
 4257,099
 4205,342
 4205,308
 4347,465
 4269,798
 4252,550
 4205,983
 4209,042
 4294,603
 4307,365
 4355,496
 4299,483
 4321,345
 4254,956
 4376,161
 4326,146
 4256,506
 4279,281
 4234,677
 4339,060
 4232,502
 4345,332
 4252,125
 4356,754
 4290,476
 4323,178
 4278,785
 4355,787
 4379,390
 4294,090
 4300,099
 4326,839
 4357,017
 4305,160
 4343,670
 4412,753
 4331,154
 4383,322
 4396,983
 4285,876
 4434,869
 4361,624
 4270,762
 4272,577
 4317,321
 4325,300
 4384,386
 4280,874
 4397,218
 4375,387
 4300,010
 4380,869
 4403,562
 4329,856
 4296,561
 4339,853
 4378,637
 4391,760
 4318,493
 4409,218
 4378,176
 4368,204
 4484,247
 4337,306
 4416,898
 4386,669
 4402,165
 4418,147
 4391,149
 4418,031
 4438,076
 4442,460
 4463,129
 4370,517
 4363,526
 4424,124
 4460,932
 4379,321
 4449,331
 4449,810
 4436,894
 4498,807
 4410,066
 4425,545
 4374,103
 4438,488
 4366,009
 4420,779
 4422,226
 4403,983
 4415,869
 4431,714
 4527,456
 4421,164
 4436,091
 4473,710
 4389,811
 4427,274
 4423,708
 4400,008
 4492,451
 4396,058
 4405,794
 4465,649
 4510,771
 4495,409
 4421,216
 4420,801
 4491,945
 4453,342
 4519,936
 4417,360
 4526,076
 4457,605
 4503,781
 4497,547
 4542,668
 4526,723
 4452,631
 4507,225
 4520,820
 4469,143
 4536,239
 4447,485
 4555,223
 4506,473
 4505,600
 4503,878
 4505,153
 4505,209
 4535,810
 4488,495
 4521,469
 4520,031
 4469,962
 4569,893
 4570,688
 4545,761
 4557,021
 4553,841
 4519,005
 4463,949
 4418,243
 4536,967
 4445,671
 4461,784
 4534,378
 4523,817
 4650,007
 4507,711
 4583,975
 4449,694
 4487,452
 4535,186
 4540,912
 4586,470
 4559,995
 4385,594
 4544,755
 4515,140
 4456,687
 4649,130
 4510,699
 4572,949
 4559,823
 4570,112
 4510,864
 4584,100
 4549,009
 4539,813
 4499,832
 4555,577
 4596,390
 4570,210
 4562,417
 4570,011
 4566,777
 4563,863
 4568,126
 4554,199
 4646,582
 4525,538
 4589,032
 4531,695
 4563,588
 4579,813
 4511,263
 4621,211
 4581,252
 4566,013
 4628,147
 4574,588
 4514,722
 4628,796
 4574,585
 4648,086
 4663,438
 4681,569
 4612,438
 4648,221
 4576,491
 4553,076
 4615,081
 4724,837
 4573,267
 4662,096
 4617,602
 4680,571
 4623,765
 4621,043
 4717,288
 4638,439
 4591,100
 4660,649
 4694,653
 4699,776
 4656,694
 4710,028
 4658,341
 4698,023
 4645,029
 4668,577
 4675,770
 4690,199
 4698,532
 4673,488
 4717,495
 4671,437
 4733,515
 4730,592
 4714,835
 4783,602
 4711,424
 4683,137
 4769,301
 4674,516
 4704,578
 4688,881
 4749,508
 4722,048
 4728,828
 4670,847
 4769,057
 4738,959
 4731,023
 4744,980
 4697,841
 4803,947
 4729,068
 4707,332
 4786,975
 4722,023
 4784,222
 4721,984
 4754,902
 4784,517
 4717,420
 4667,810
 4760,474
 4751,290
 4766,223
 4825,776
 4775,050
 4761,174
 4702,180
 4766,826
 4713,130
 4826,260
 4745,154
 4752,883
 4729,194
 4787,232
 4772,607
 4846,223
 4800,775
 4699,237
 4762,178
 4731,945
 4802,533
 4848,898
 4717,804
 4698,936
 4787,195
 4771,483
 4842,215
 4734,982
 4761,601
 4789,704
 4809,294
 4873,529
 4807,203
 4766,077
 4754,591
 4735,108
 4711,659
 4791,726
 4881,556
 4832,636
 4757,329
 4735,869
 4862,556
 4754,124
 4786,363
 4820,951
 4745,558
 4753,329
 4814,748
 4771,628
 4735,094
 4746,972
 4834,496
 4844,303
 4772,267
 4747,773
 4793,163
 4765,692
 4739,656
 4777,618
 4712,777
 4748,061
 4809,248
 4760,374
 4758,420
 4749,145
 4733,975
 4759,471
 4793,899
 4746,481
 4740,324
 4758,585
 4748,973
 4744,636
 4783,132
 4695,165
 4790,367
 4718,067
 4729,591
 4829,719
 4750,335
 4705,189
 4712,382
 4762,591
 4767,721
 4835,475
 4809,346
 4797,541
 4819,297
 4773,599
 4792,292
 4784,643
 4759,097
 4745,991
 4726,732
 4837,944
 4801,451
 4698,714
 4752,790
 4808,767
 4740,476
 4783,659
 4802,621
 4756,844
 4794,682
 4718,795
 4791,934
 4748,409
 4737,198
 4759,526
 4749,713
 4802,749
 4771,888
 4824,104
 4791,428
 4797,940
 4833,521
 4785,338
 4797,851
 4714,209
 4745,146
 4803,737
 4763,577
 4753,427
 4818,578
 4807,627
 4752,337
 4842,681
 4799,882
 4855,109
 4809,592
 4871,840
 4806,901
 4858,100
 4718,524
 4802,391
 4877,395
 4760,387
 4776,496
 4831,264
 4818,183
 4876,090
 4836,427
 4771,990
 4875,131
 4775,348
 4819,659
 4899,668
 4809,695
 4832,013
 4737,453
 4867,289
 4804,541
 4856,426
 4797,186
 4839,242
 4890,198
 4824,280
 4818,272
 4883,794
 4869,102
 4929,075
 4881,811
 4860,738
 4890,917
 4866,377
 4918,845
 4872,641
 4853,088
 4930,563
 4989,732
 4880,397
 4884,757
 4949,117
 4926,521
 4870,011
 4882,423
 4870,156
 4870,922
 4873,462
 4887,321
 4898,425
 4891,531
 4962,478
 4863,878
 4869,837
 4938,640
 4962,936
 4880,259
 4994,693
 4894,536
 4992,977
 4929,574
 4947,722
 4897,371
 4945,357
 4959,162
 5011,906
 4935,589
 5040,909
 4954,593
 4890,049
 4932,854
 4937,002
 4956,873
 5021,220
 4959,313
 4882,993
 4925,122
 4939,380
 4961,517
 4955,231
 4953,782
 5042,832
 5017,674
 4905,690
 4983,733
 4944,998
 5019,728
 4942,802
 5022,681
 4946,721
 5016,802
 4937,685
 5058,025
 5032,235
 5050,631
 5073,374
 4910,392
 5024,551
 4991,876
 5110,074
 4952,716
 5067,905
 5087,817
 5123,223
 4990,220
 5056,567
 5019,786
 5065,312
 5081,843
 5024,165
 5105,668
 5050,779
 5064,674
 5058,315
 5102,410
 5040,751
 5090,236
 5003,058
 5081,314
 5085,171
 5046,029
 5055,477
 5050,736
 5279,536
 5123,788
 5113,094
 5105,992
 5118,931
 5085,968
 5039,460
 5101,177
 5067,158
 5102,476
 5025,145
 5196,750
 5065,846
 5058,684
 5062,908
 5046,684
 5148,732
 5067,272
 5073,815
 5153,480
 5098,772
 5100,886
 5152,633
 5109,146
 5126,935
 5197,284
 5028,354
 5061,680
 5101,826
 5161,680
 5189,957
 5090,389
 5108,051
 5148,894
 5145,299
 5012,162
 5091,593
 5163,658
 5116,556
 5024,613
 5120,130
 5133,692
 5105,494
 5089,783
 5119,606
 5112,463
 5139,844
 5182,301
 5155,532
 5144,795
 5160,506
 5122,781
 5156,254
 5201,650
 5185,729
 5157,724
 5146,649
 5148,036
 5205,935
 5091,474
 5189,411
 5165,310
 5162,191
 5132,340
 5116,166
 5143,813
 5180,281
 5086,638
 5162,244
 5151,230
 5148,654
 5138,084
 5071,450
 5190,807
 5218,410
 5043,724
 5212,878
 5142,739
 5120,671
 5161,140
 5122,251
 5169,323
 5190,455
 5108,684
 5149,925
 5158,832
 5086,607
 5153,589
 5238,558
 5136,166
 5137,968
 5131,516
 5196,459
 5210,169
 5131,183
 5137,400
 5193,454
 5119,898
 5216,181
 5261,634
 5095,705
 5173,414
 5154,393
 5195,956
 5131,570
 5157,643
 5141,610
 5123,223
 5162,564
 5128,072
 5128,147
 5188,057
 5207,572
 5148,014
 5190,034
 5122,885
 5224,407
 5168,028
 5156,855
 5206,711
 5135,085
 5088,234
 5233,834
 5157,650
 5200,907
 5258,299
 5156,434
 5187,229
 5203,174
 5208,807
 5201,671
 5154,008
 5098,747
 5198,899
 5167,518
 5129,338
 5172,590
 5165,208
 5145,745
 5226,825
 5158,633
 5226,401
 5118,558
 5238,271
 5212,864
 5113,666
 5204,361
 5136,326
 5196,277
 5194,662
 5232,986
 5222,964
 5161,559
 5246,405
 5215,012
 5174,945
 5144,450
 5170,490
 5228,568
 5118,758
 5114,300
 5148,281
 5183,377
 5201,101
 5146,234
 5166,997
 5146,329
 5127,759
 5215,094
 5096,438
 5236,230
 5185,868
 5144,605
 5247,624
 5118,402
 5243,449
 5161,721
 5162,015
 5209,389
 5132,138
 5205,300
 5154,957
 5111,710
 5203,603
 5071,010
 5131,744
 5153,750
 5167,372
 5156,034
 5123,894
 5189,384
 5153,986
 5141,818
 5147,449
 5162,831
 5190,434
 5154,072
 5116,805
 5166,436
 5234,871
 5061,537
 5116,597
 5082,578
 5079,420
 5144,329
 5119,314
 5136,839
 5101,201
 5170,944
 5089,534
 5048,238
 5138,564
 5160,799
 5092,421
 5152,308
 5125,426
 5150,634
 5133,715
 5117,402
 5093,236
 5118,718
 5181,080
 5113,646
 5200,605
 5112,118
 5102,313
 5118,251
 5092,346
 5144,224
 5093,294
 5114,499
 5135,326
 5093,828
 5187,398
 5071,330
 4999,325
 5083,399
 5118,510
 5132,592
 5118,124
 5055,293
 5091,857
 5096,774
 5197,008
 5058,455
 5047,133
 5124,464
 5133,989
 5088,068
 5062,860
 5049,945
 5149,765
 5149,791
 5109,731
 5068,237
 4994,635
 5082,509
 5083,556
 5112,319
 5134,388
 5072,514
 5110,287
 5096,126
 5061,716
 5036,102
 5098,068
 5092,060
 5060,901
 5067,821
 5088,953
 5032,310
 5031,602
 5095,321
 5101,886
 5058,640
 5087,277
 5016,678
 5090,583
 5081,684
 5026,580
 5070,861
 5043,105
 5135,653
 5030,811
 5034,563
 5106,988
 5072,312
 5031,467
 5091,553
 5086,126
 4980,951
 5121,807
 5009,981
 5046,130
 5053,992
 4955,559
 5036,150
 5007,839
 5029,653
 4947,305
 5020,772
 5059,930
 5080,718
 4943,366
 4994,045
 5062,614
 4988,090
 4951,678
 4933,098
 4960,228
 5002,563
 4978,737
 4943,818
 5019,121
 5060,958
 4986,986
 5048,305
 5012,439
 4944,152
 4952,614
 4893,661
 4969,562
 4983,007
 4928,618
 4975,054
 4961,306
 4983,262
 4981,701
 4942,411
 4907,901
 4937,017
 4908,198
 4953,801
 4915,956
 4994,015
 4920,369
 5038,815
 4913,049
 4964,482
 4994,623
 4969,420
 5016,151
 4974,535
 5010,432
 4993,272
 4872,605
 4973,772
 5026,583
 4877,817
 4935,578
 4887,178
 4882,349
 4943,550
 4955,920
 4956,085
 4907,865
 4904,322
 4890,848
 4920,187
 4965,228
 4864,309
 4924,321
 4940,680
 4974,223
 5002,383
 4934,605
 4874,260
 4936,657
 4943,036
 4774,784
 4833,883
 4874,527
 4886,612
 4931,906
 4886,604
 4932,559
 4884,002
 4956,239
 4859,658
 4858,951
 4873,552
 4870,172
 4831,543
 4878,180
 4911,510
 4866,809
 4855,417
 4809,438
 4774,824
 4775,552
 4870,760
 4785,792
 4838,277
 4828,539
 4848,718
 4898,240
 4831,693
 4820,138
 4825,292
 4751,886
 4827,082
 4848,733
 4763,714
 4775,288
 4789,624
 4891,148
 4749,857
 4791,041
 4760,293
 4710,059
 4843,225
 4722,197
 4860,920
 4753,965
 4800,220
 4810,895
 4831,630
 4798,156
 4738,966
 4806,797
 4734,229
 4766,534
 4766,284
 4737,295
 4813,117
 4754,433
 4786,790
 4747,352
 4759,741
 4729,711
 4751,480
 4796,499
 4712,021
 4776,679
 4792,710
 4749,539
 4724,789
 4763,001
 4736,255
 4678,024
 4649,664
 4745,274
 4685,364
 4714,676
 4662,413
 4662,962
 4668,978
 4733,259
 4665,524
 4671,936
 4690,636
 4725,919
 4742,940
 4738,145
 4673,612
 4643,501
 4632,431
 4704,711
 4731,810
 4670,917
 4656,940
 4614,793
 4681,856
 4626,145
 4645,424
 4604,210
 4628,826
 4674,618
 4583,444
 4620,915
 4591,312
 4659,731
 4630,116
 4666,464
 4606,031
 4635,650
 4567,762
 4654,482
 4617,117
 4658,469
 4655,862
 4657,081
 4626,272
 4656,818
 4603,443
 4574,067
 4606,210
 4586,370
 4512,877
 4564,444
 4569,160
 4504,100
 4543,643
 4593,072
 4582,928
 4606,203
 4515,406
 4590,843
 4597,075
 4592,830
 4539,870
 4588,479
 4514,972
 4583,561
 4575,116
 4548,902
 4580,809
 4511,714
 4546,706
 4517,167
 4456,424
 4534,079
 4526,169
 4591,151
 4527,694
 4543,059
 4543,783
 4527,567
 4549,548
 4415,958
 4459,003
 4476,796
 4517,966
 4465,720
 4468,923
 4438,304
 4488,226
 4487,428
 4477,071
 4513,296
 4514,475
 4518,120
 4408,239
 4610,539
 4435,124
 4512,404
 4466,919
 4495,437
 4480,365
 4418,253
 4423,137
 4471,319
 4450,267
 4507,777
 4497,722
 4384,687
 4413,824
 4456,437
 4466,541
 4396,136
 4401,583
 4405,117
 4432,205
 4474,235
 4466,104
 4378,209
 4401,361
 4410,715
 4391,980
 4338,357
 4406,993
 4453,363
 4360,928
 4359,761
 4475,074
 4449,523
 4396,598
 4356,236
 4315,981
 4341,918
 4354,644
 4380,624
 4439,074
 4388,292
 4397,576
 4408,214
 4416,522
 4383,453
 4317,494
 4362,894
 4346,432
 4395,775
 4297,536
 4304,620
 4385,476
 4363,154
 4312,217
 4337,987
 4415,407
 4366,045
 4312,004
 4308,612
 4397,345
 4329,505
 4295,544
 4340,616
 4324,948
 4351,387
 4330,154
 4264,753
 4227,231
 4319,680
 4337,663
 4295,851
 4301,081
 4280,233
 4324,703
 4228,097
 4257,883
 4301,799
 4296,869
 4236,310
 4303,269
 4289,205
 4323,901
 4315,302
 4324,781
 4281,647
 4247,236
 4242,286
 4232,853
 4255,432
 4282,443
 4245,714
 4204,518
 4288,893
 4220,492
 4249,802
 4226,463
 4229,125
 4243,716
 4220,044
 4188,939
 4250,387
 4186,591
 4202,365
 4174,371
 4167,956
 4173,327
 4108,653
 4243,940
 4164,027
 4203,174
 4159,745
 4168,597
 4144,551
 4182,658
 4114,273
 4138,936
 4163,656
 4154,359
 4156,937
 4173,606
 4158,824
 4151,715
 4136,812
 4184,425
 4119,002
 4168,786
 4138,345
 4178,498
 4126,596
 4076,308
 4148,052
 4032,340
 4087,136
 4131,255
 4078,301
 4131,089
 4064,529
 4110,301
 4064,570
 4008,189
 4119,054
 4062,327
 4078,612
 4051,291
 4085,244
 4013,806
 4025,511
 4011,396
 4076,072
 4074,842
 4035,256
 4058,183
 4006,356
 3998,134
 3941,429
 4008,177
 4006,636
 3997,659
 4089,353
 3969,164
 4027,671
 4050,696
 4020,048
 3978,437
 4021,100
 4015,635
 4069,728
 3942,970
 3962,731
 4034,847
 4007,939
 3976,822
 3967,673
 3969,458
 4015,346
 3952,773
 4043,388
 3990,242
 3921,807
 3938,731
 3980,200
 3920,163
 3963,917
 3886,423
 3937,609
 3934,493
 3909,307
 3894,840
 4001,363
 3974,472
 3944,915
 3882,293
 3999,700
 3921,242
 3910,262
 3965,047
 3914,244
 3861,295
 3898,227
 3850,521
 3896,363
 3858,783
 3803,693
 3836,104
 3811,106
 3881,651
 3774,154
 3797,685
 3805,271
 3839,107
 3867,035
 3905,550
 3871,693
 3834,877
 3796,150
 3771,310
 3868,247
 3823,980
 3710,705
 3758,368
 3795,859
 3806,988
 3832,840
 3861,637
 3822,999
 3711,454
 3778,469
 3827,145
 3749,715
 3725,629
 3731,923
 3807,985
 3801,031
 3851,307
 3763,145
 3733,247
 3745,149
 3771,500
 3767,495
 3781,886
 3695,820
 3736,445
 3765,591
 3727,712
 3771,923
 3720,201
 3771,214
 3801,580
 3751,040
 3817,620
 3771,909
 3709,986
 3800,881
 3735,139
 3740,469
 3789,384
 3779,386
 3724,806




























































































































































































































































































































































































































































































































































































































































































































































































































































































































































































































































































































































































































































































































































































































































































































































































































































































































































































































































































































































































































































































































































































































































































































































































































































































































































































































































































































































































































































































































































































































































































































































































































































































































































































































































































































































































































































































































































































































































































































































































































































































































































































































































































































































































































































































































































































































































































































































































































































































































































































































































































































































































































































































































































































































































































































































































































































































































































































































































































































































































































































































































































































































































































































































































































































































































































































































































































































































































































































































































































































































































































































































































































































































































































































































































































































































































































































































































































































































































































































































































































































































































































































































































































































































































































































































































































































































































































































































































































































































































































































































































































































































































































































































































































































































































































































































































































































































































































































































































































































































































































































































































































































































































































































































































































































































































































































































































































































































































































































































































































































































































































































































































































































































































































































































































































































































































































































































































































































































































































































































































































































































































































































































































































































































































































































































































































































































































































































































































































































































































































































































































































































































































































































































































































































































































































































































































































































































































































































































































































































































































































































































































































































































































































































































































































































































































































































































































































































































































































































































































































































































































































































































































































































































































































































































































































































































































































































































































































































































































































































































































































































































































































































































































































































































































































































































































































































































































































































































































































































































































































































































































































































































































































































































































































































































































































































































































































































































































































































































































































































































































































































































































































































































































































































































































































































































































































































































































































































































































































































































































































































































































































































































































































































































































































































































































































































































































































































































































































































































































































































































































































































































































































































































































































































































































































































































































































































































































































































































































































































































































































































































































































































































































































































































































































































































































































































































































































































































































































































































































































































































































































































































































































































































































































































































































































































































































































































































































































































































































































































































































































































































































































































































































































































































































































































































































































































































































































































































































































































































































































































































































































































































































































































































































































































































































































































































































































































































































































































































































































































































































































































































































































































































































































































































































































































































































































































































































































































































































































































































































































































































































































































































































































































































































































































































































































































































































































































































































































































































































































































































































































































































































































































































































































































































































































































































































































































































































































































































































































































































































































































































































































































































































































































































































































































































































































































































































































































































































































































































































































































































































































































































































































































































































































































































































































































































































































































































































































































































































































































































































































































































































































































































































































































































































































































































































