 127,790
 137,504
 131,733
 119,321
 145,302
 125,339
 119,499
 118,827
 166,055
 123,996
 120,617
 134,589
 144,385
 137,860
 144,051
 112,006
 135,800
 135,970
 148,468
 139,769
 133,488
 120,404
 126,611
 97,868
 141,242
 110,988
 144,211
 98,579
 95,230
 147,109
 172,893
 184,625
 120,293
 131,810
 115,626
 125,398
 129,772
 132,423
 113,157
 127,775
 111,483
 129,889
 147,259
 141,621
 118,244
 135,350
 142,989
 123,381
 141,109
 152,434
 147,942
 111,795
 125,833
 143,049
 108,493
 108,894
 124,722
 136,314
 125,155
 110,040
 166,637
 125,359
 122,770
 91,046
 101,911
 136,200
 138,749
 104,985
 134,234
 137,160
 106,449
 120,620
 150,603
 131,603
 127,719
 146,136
 114,656
 139,726
 113,523
 107,892
 122,783
 126,052
 123,778
 137,950
 116,699
 108,221
 120,683
 135,079
 118,714
 139,698
 135,507
 149,693
 127,367
 121,858
 176,252
 136,099
 146,670
 116,745
 143,367
 137,858
 135,091
 155,366
 138,262
 98,172
 172,487
 122,667
 118,686
 115,794
 124,951
 110,666
 136,896
 119,146
 158,815
 116,410
 141,147
 132,222
 120,875
 136,014
 90,316
 134,596
 146,067
 120,775
 89,578
 125,414
 133,513
 112,933
 136,481
 135,253
 108,182
 126,424
 133,966
 120,630
 103,642
 135,021
 142,619
 87,039
 116,620
 77,823
 127,605
 93,444
 106,700
 105,225
 147,840
 106,325
 106,972
 117,884
 137,243
 108,586
 115,156
 110,609
 110,819
 109,312
 120,946
 115,444
 97,549
 105,456
 106,087
 123,233
 112,995
 109,811
 110,741
 133,409
 126,916
 127,584
 150,292
 89,533
 115,316
 134,259
 104,260
 131,963
 100,186
 134,660
 91,387
 120,803
 114,283
 86,939
 117,334
 130,456
 125,909
 106,949
 123,923
 90,861
 133,704
 114,667
 112,003
 103,068
 117,512
 115,931
 115,406
 113,106
 118,466
 149,205
 110,059
 121,180
 75,862
 115,242
 109,495
 74,357
 121,813
 115,119
 123,027
 88,805
 110,113
 101,786
 103,077
 102,876
 97,704
 133,808
 97,636
 99,372
 61,150
 118,827
 100,989
 125,769
 115,551
 86,750
 117,589
 101,044
 133,108
 115,284
 93,660
 83,920
 109,397
 108,905
 115,355
 91,834
 92,942
 107,797
 87,345
 139,607
 84,767
 95,151
 75,888
 119,802
 114,505
 109,257
 110,988
 124,213
 106,630
 98,912
 102,238
 115,845
 74,379
 83,246
 121,333
 64,894
 108,883
 107,710
 110,766
 123,467
 61,664
 126,012
 93,507
 96,694
 65,247
 97,170
 113,395
 82,607
 107,428
 82,214
 133,319
 86,398
 94,244
 120,000
 76,850
 88,306
 119,787
 93,592
 95,162
 126,999
 101,162
 80,132
 99,047
 97,726
 75,895
 104,619
 92,551
 107,640
 104,412
 113,544
 66,836
 87,196
 86,432
 82,082
 104,118
 98,794
 95,177
 105,641
 83,871
 121,883
 61,638
 113,902
 88,573
 39,464
 104,516
 90,109
 112,010
 81,174
 89,591
 112,279
 98,506
 96,376
 87,908
 82,206
 106,472
 101,250
 71,854
 71,931
 94,320
 93,476
 85,376
 43,549
 73,213
 96,663
 93,984
 102,317
 72,373
 99,083
 80,183
 90,944
 101,379
 102,192
 89,542
 79,092
 106,831
 89,004
 85,072
 74,624
 65,476
 47,642
 107,351
 67,202
 66,368
 85,750
 93,237
 85,158
 107,009
 72,056
 93,531
 84,725
 74,291
 83,309
 96,023
 60,786
 107,412
 79,383
 90,848
 76,321
 80,082
 77,883
 87,209
 73,673
 93,280
 107,296
 108,624
 78,574
 102,802
 72,528
 56,809
 106,882
 86,967
 69,712
 66,434
 80,268
 100,490
 71,086
 93,070
 61,834
 76,414
 85,686
 98,600
 59,141
 77,581
 56,102
 45,797
 75,697
 101,075
 89,393
 73,096
 69,842
 88,620
 75,557
 94,550
 87,410
 62,663
 58,183
 87,009
 99,539
 86,296
 83,453
 93,298
 89,234
 73,105
 120,418
 77,768
 72,350
 96,391
 83,663
 105,923
 71,329
 70,360
 69,500
 86,932
 58,023
 91,562
 71,284
 119,917
 93,242
 90,520
 69,303
 66,371
 85,965
 85,293
 65,524
 86,723
 67,569
 69,063
 72,549
 75,620
 77,565
 95,920
 75,229
 86,998
 86,380
 51,768
 85,339
 101,048
 81,277
 64,032
 83,954
 101,516
 106,036
 88,600
 57,544
 48,583
 93,907
 98,090
 71,628
 49,774
 55,998
 55,046
 88,078
 62,585
 97,226
 102,735
 76,096
 110,476
 72,375
 92,914
 77,388
 75,074
 56,038
 89,690
 75,120
 92,768
 80,967
 87,143
 79,082
 66,352
 94,329
 46,073
 80,950
 74,384
 36,070
 49,231
 82,575
 76,316
 55,192
 77,349
 74,889
 71,385
 95,159
 109,243
 77,635
 102,519
 77,334
 73,884
 76,640
 75,258
 53,539
 77,700
 71,230
 78,238
 81,595
 92,117
 88,831
 84,784
 71,277
 79,476
 66,561
 82,479
 59,240
 87,651
 66,737
 81,976
 91,542
 83,714
 83,860
 63,545
 60,900
 82,603
 114,234
 99,660
 71,264
 69,854
 70,490
 85,725
 84,705
 92,476
 76,169
 76,386
 65,712
 71,959
 82,556
 77,587
 92,197
 81,575
 94,979
 78,941
 75,699
 67,736
 90,143
 81,702
 81,607
 87,244
 81,482
 92,114
 89,545
 73,479
 104,265
 70,268
 12,299
 89,750
 92,296
 64,020
 92,456
 87,617
 86,741
 56,449
 65,919
 51,778
 88,543
 90,419
 74,896
 83,174
 55,211
 107,181
 80,641
 61,279
 83,208
 64,698
 87,018
 87,203
 94,060
 103,315
 88,840
 70,732
 110,519
 35,625
 92,420
 88,078
 73,945
 61,750
 69,901
 87,284
 57,669
 56,819
 80,708
 79,504
 85,012
 76,229
 47,775
 81,856
 68,396
 82,628
 74,388
 100,350
 71,167
 73,304
 87,082
 97,836
 103,702
 85,481
 91,891
 80,751
 88,976
 56,114
 58,215
 115,173
 67,118
 64,330
 76,832
 59,139
 55,789
 70,239
 90,953
 78,294
 81,170
 61,264
 72,755
 51,165
 77,655
 84,214
 71,391
 73,392
 55,301
 99,696
 44,163
 78,704
 95,376
 82,082
 79,952
 79,917
 79,127
 98,118
 68,312
 71,520
 77,392
 83,108
 62,476
 106,469
 49,223
 53,031
 73,699
 81,439
 88,151
 102,435
 34,713
 73,804
 95,505
 77,086
 58,356
 76,066
 84,918
 68,485
 79,259
 78,617
 94,965
 65,630
 119,934
 64,298
 56,969
 85,589
 82,574
 72,657
 110,709
 83,252
 99,679
 88,092
 75,005
 59,204
 63,792
 96,349
 81,055
 61,407
 106,090
 87,376
 61,657
 91,801
 70,430
 79,050
 65,017
 74,563
 104,341
 65,438
 84,788
 88,662
 85,241
 69,859
 75,125
 85,181
 30,764
 79,882
 80,189
 68,682
 86,371
 77,753
 79,652
 91,761
 72,304
 78,592
 107,250
 49,859
 66,789
 70,702
 76,217
 80,963
 48,997
 86,418
 86,774
 67,433
 61,063
 63,067
 58,152
 71,361
 67,949
 101,207
 75,124
 44,406
 43,002
 57,301
 56,572
 52,359
 87,710
 98,761
 82,684
 88,394
 95,795
 96,178
 85,508
 89,271
 64,351
 86,215
 91,485
 62,981
 75,083
 66,013
 78,880
 95,097
 95,802
 81,431
 69,188
 114,382
 114,237
 68,083
 50,642
 60,511
 71,332
 66,361
 85,783
 75,135
 57,603
 100,552
 68,206
 84,749
 81,407
 76,091
 76,535
 66,137
 99,061
 90,949
 109,710
 83,309
 86,209
 78,963
 95,367
 90,288
 76,225
 94,603
 84,260
 89,177
 43,347
 82,758
 84,686
 77,267
 91,295
 96,957
 76,133
 50,475
 52,662
 80,891
 98,620
 74,281
 57,538
 108,469
 63,284
 78,819
 41,908
 71,648
 80,819
 86,158
 86,372
 88,258
 72,464
 85,913
 76,087
 71,730
 104,278
 72,071
 66,264
 71,102
 84,561
 85,278
 78,498
 64,234
 73,241
 82,927
 100,860
 64,543
 92,636
 75,050
 93,717
 89,686
 61,684
 92,133
 62,569
 106,250
 93,526
 55,546
 83,933
 62,660
 96,787
 94,710
 98,586
 56,320
 78,209
 79,843
 93,605
 95,246
 79,561
 72,508
 87,167
 62,561
 70,203
 81,701
 68,605
 73,892
 84,520
 74,813
 72,436
 65,815
 95,635
 87,562
 72,916
 69,859
 58,783
 84,891
 78,981
 55,426
 47,530
 95,077
 78,016
 103,940
 72,032
 83,748
 73,019
 91,943
 95,543
 86,833
 102,372
 84,611
 85,170
 85,829
 103,022
 94,474
 88,673
 114,928
 83,424
 68,125
 61,831
 85,840
 83,264
 88,645
 103,582
 96,323
 64,729
 79,680
 89,797
 103,144
 111,504
 74,553
 75,661
 94,517
 79,670
 53,023
 78,338
 106,573
 69,141
 113,635
 55,067
 76,965
 83,356
 84,296
 92,406
 73,916
 85,648
 98,927
 85,786
 63,165
 77,707
 80,546
 99,617
 98,280
 80,727
 93,815
 76,012
 107,938
 128,631
 102,776
 94,115
 42,598
 90,390
 94,168
 68,625
 76,199
 89,911
 104,537
 72,380
 56,927
 63,668
 110,743
 95,003
 96,312
 90,343
 104,420
 80,738
 114,132
 104,847
 97,941
 106,639
 77,715
 85,277
 90,154
 100,913
 69,026
 75,080
 83,830
 98,495
 102,134
 117,974
 77,232
 106,395
 112,420
 74,026
 87,219
 74,335
 40,959
 119,793
 83,889
 92,379
 77,429
 51,988
 76,706
 87,471
 81,362
 102,924
 105,082
 62,109
 88,764
 95,540
 71,760
 91,513
 71,714
 74,444
 83,069
 71,951
 86,751
 64,209
 44,109
 85,181
 98,981
 90,857
 93,683
 79,022
 101,901
 90,644
 102,977
 95,210
 78,165
 84,370
 75,833
 55,122
 68,526
 88,798
 81,282
 89,503
 95,141
 74,012
 112,231
 84,277
 106,456
 85,444
 98,608
 113,907
 85,695
 122,747
 82,306
 109,869
 74,441
 84,983
 107,248
 121,209
 97,810
 96,090
 69,581
 105,567
 96,831
 83,353
 88,590
 79,063
 44,454
 97,498
 118,195
 102,277
 103,272
 89,953
 82,660
 84,501
 73,473
 80,158
 91,550
 74,735
 101,940
 82,656
 76,011
 113,019
 109,217
 71,255
 99,272
 101,310
 100,016
 94,394
 82,887
 105,215
 80,668
 101,542
 105,199
 93,978
 94,064
 111,575
 80,144
 98,264
 83,750
 98,104
 130,050
 120,013
 106,827
 89,783
 75,969
 81,724
 88,096
 76,118
 105,465
 85,767
 97,639
 83,454
 122,846
 93,761
 120,886
 91,476
 86,990
 106,386
 96,183
 98,726
 108,283
 88,858
 125,070
 88,427
 114,269
 108,906
 91,568
 95,012
 83,076
 92,824
 98,808
 105,247
 106,504
 72,910
 89,223
 75,857
 86,440
 78,976
 106,206
 82,511
 98,498
 106,897
 83,443
 95,068
 101,210
 85,289
 80,568
 98,097
 97,824
 90,808
 116,367
 81,674
 110,981
 88,108
 126,030
 111,959
 88,729
 92,539
 110,627
 97,679
 120,944
 101,528
 92,579
 78,741
 73,400
 84,717
 62,806
 121,194
 94,406
 70,340
 96,500
 91,973
 108,366
 92,700
 96,330
 73,714
 95,359
 92,775
 86,933
 82,463
 109,613
 102,752
 113,666
 108,123
 92,659
 120,058
 96,515
 101,081
 86,657
 76,050
 95,743
 54,897
 119,464
 87,128
 78,589
 77,389
 119,301
 98,278
 102,032
 89,601
 88,410
 102,803
 111,758
 94,234
 72,041
 98,855
 89,661
 122,090
 109,606
 91,032
 90,739
 121,043
 109,250
 74,991
 90,300
 124,762
 81,637
 106,788
 100,945
 95,572
 59,539
 117,917
 114,379
 90,059
 71,798
 110,026
 106,333
 102,116
 114,754
 135,610
 75,183
 101,438
 98,470
 91,704
 86,126
 78,748
 94,855
 78,607
 84,364
 111,305
 100,386
 96,262
 114,442
 147,658
 98,802
 112,033
 93,452
 101,800
 101,220
 91,545
 92,873
 96,823
 105,825
 95,474
 113,169
 89,692
 103,611
 79,887
 100,619
 114,894
 124,612
 107,462
 97,065
 92,481
 34,424
 114,630
 111,833
 101,785
 108,060
 98,509
 85,019
 101,606
 121,158
 81,956
 108,294
 101,201
 101,898
 108,872
 92,196
 91,768
 118,618
 106,527
 93,354
 93,138
 110,017
 107,293
 54,603
 86,363
 102,571
 86,241
 115,026
 114,049
 97,113
 71,327
 103,049
 109,206
 110,163
 129,192
 110,264
 94,196
 120,297
 122,872
 98,923
 87,705
 113,856
 97,054
 120,587
 124,595
 97,084
 107,992
 136,480
 101,410
 102,425
 118,674
 136,822
 103,520
 89,000
 97,481
 108,725
 115,439
 100,774
 110,551
 69,225
 52,021
 99,640
 93,350
 99,744
 99,208
 79,128
 103,391
 119,817
 100,907
 115,314
 114,044
 108,936
 95,364
 111,175
 127,924
 121,526
 100,438
 97,227
 122,053
 109,587
 76,347
 101,688
 136,856
 135,794
 100,975
 87,526
 131,151
 135,346
 104,102
 126,806
 91,978
 87,895
 106,567
 102,594
 78,843
 90,756
 120,999
 119,508
 83,946
 103,708
 108,613
 117,035
 94,841
 112,595
 88,673
 111,106
 125,345
 104,892
 94,636
 92,371
 104,078
 112,663
 103,627
 102,007
 111,020
 100,948
 108,344
 116,709
 95,132
 82,785
 93,283
 110,360
 110,918
 116,671
 103,947
 103,606
 93,113
 94,039
 111,861
 129,940
 83,112
 104,600
 132,331
 118,280
 97,549
 132,223
 122,053
 78,071
 105,616
 106,531
 93,521
 114,203
 109,991
 99,857
 92,541
 100,892
 132,043
 92,060
 104,111
 113,387
 128,368
 111,791
 120,996
 127,408
 127,901
 108,276
 120,981
 90,019
 105,045
 94,514
 105,872
 122,576
 90,288
 107,506
 92,592
 100,918
 91,012
 109,674
 135,272
 136,116
 103,997
 108,817
 72,255
 109,251
 102,601
 120,346
 129,099
 116,226
 128,318
 104,657
 124,542
 138,064
 124,784
 93,043
 121,155
 89,039
 127,150
 112,491
 148,019
 94,333
 94,139
 133,268
 113,879
 128,112
 113,043
 114,556
 94,554
 98,005
 121,895
 115,703
 103,418
 98,157
 136,579
 123,574
 120,608
 139,627
 111,901
 120,500
 101,454
 137,734
 111,558
 119,428
 121,347
 74,815
 126,918
 109,262
 126,651
 116,701
 127,960
 93,078
 131,344
 125,600
 155,067
 105,958
 95,148
 143,544
 75,166
 119,468
 133,724
 129,914
 127,796
 133,806
 114,730
 111,845
 122,386
 146,482
 124,798
 125,625
 119,149
 132,334
 108,381
 140,072
 88,284
 104,800
 116,215
 123,244
 91,656
 131,727
 121,415
 120,607
 145,275
 134,859
 125,064
 62,750
 110,037
 101,316
 122,081
 126,971
 123,417
 102,774
 99,527
 138,244
 116,978
 137,477
 119,702
 71,559
 131,772
 132,554
 101,223
 113,592
 109,293
 122,207
 95,020
 145,934
 123,292
 114,990
 103,142
 111,838
 109,728
 131,169
 83,211
 124,025
 129,037
 127,556
 103,248
 128,636
 122,014
 123,377
 121,293
 103,054
 125,504
 137,513
 134,863
 163,248
 134,666
 91,171
 123,577
 133,060
 127,962
 140,513
 115,628
 117,214
 129,995
 115,519
 125,297
 123,126
 127,316
 124,378
 92,150
 119,169
 128,510
 133,977
 142,385
 111,627
 133,300
 118,488
 129,505
 140,362
 131,660
 137,744
 138,477
 99,941
 126,350
 99,024
 124,711
 133,785
 114,054
 138,130
 123,430
 128,880
 154,519
 125,834
 169,179
 119,375
 136,962
 154,843
 151,432
 123,727
 104,945
 114,001
 133,834
 132,512
 111,545
 123,154
 98,960
 113,919
 112,491
 139,188
 105,342
 138,908
 160,780
 99,492
 128,060
 141,981
 141,384
 111,855
 90,831
 110,313
 126,364
 112,786
 120,704
 114,806
 133,142
 116,367
 137,586
 120,694
 143,941
 134,619
 99,273
 116,292
 112,578
 105,591
 129,575
 141,589
 122,706
 149,391
 117,617
 141,556
 124,432
 118,791
 134,027
 128,403
 140,392
 128,980
 132,210
 103,306
 115,432
 115,266
 141,619
 138,799
 102,730
 115,343
 139,244
 172,084
 141,596
 116,394
 117,138
 87,516
 116,398
 108,723
 90,717
 138,127
 88,830
 129,823
 128,762
 127,722
 144,483
 100,680
 105,267
 107,855
 91,258
 122,845
 118,251
 135,328
 139,066
 131,964
 123,145
 110,761
 126,104
 142,746
 141,854
 124,343
 135,873
 124,308
 119,803
 154,659
 99,592
 87,437
 150,884
 133,475
 128,457
 156,542
 134,353
 126,981
 115,370
 145,775
 131,679
 113,784
 134,228
 119,048
 132,306
 152,469
 162,555
 110,967
 133,877
 112,889
 105,184
 136,313
 125,725
 165,169
 120,838
 137,482
 100,345
 144,366
 132,207
 129,514
 127,917
 140,536
 137,438
 130,536
 124,827
 124,807
 120,051
 158,906
 122,198
 137,383
 142,426
 134,572
 111,264
 132,733
 133,188
 159,914
 125,115
 118,859
 131,378
 117,765
 149,625
 92,068
 122,574
 118,280
 113,972
 123,860
 133,080
 159,946
 148,933
 114,922
 126,588
 96,754
 130,415
 142,949
 112,912
 133,147
 150,943
 121,903
 115,802
 133,745
 132,606
 157,342
 148,357
 127,995
 142,720
 110,316
 157,111
 133,614
 157,111
 140,782
 138,337
 124,569
 108,084
 150,694
 141,304
 112,869
 109,820
 17,242
 137,105
 126,465
 165,480
 148,077
 153,598
 132,051
 128,461
 108,200
 163,739
 138,894
 114,248
 153,246
 128,904
 133,472
 112,523
 144,350
 134,475
 140,559
 151,521
 129,248
 147,088
 136,929
 133,244
 137,228
 150,089
 142,883
 123,533
 136,996
 154,503
 144,700
 149,891
 166,278
 127,669
 131,228
 164,068
 108,828
 138,530
 116,984
 152,723
 156,425
 160,559
 148,597
 108,404
 95,205
 141,832
 136,016
 142,462
 140,868
 163,511
 137,673
 140,568
 173,959
 144,984
 145,564
 118,123
 144,201
 125,553
 148,058
 130,056
 143,589
 147,229
 169,579
 154,827
 138,283
 134,609
 146,881
 123,151
 127,946
 129,766
 99,537
 143,755
 133,022
 110,776
 141,430
 137,641
 149,184
 151,436
 138,992
 146,744
 131,884
 187,004
 158,276
 147,929
 118,763
 154,677
 138,343
 140,924
 114,016
 134,009
 136,042
 131,610
 114,451
 140,826
 141,061
 148,004
 138,383
 166,032
 109,265
 134,478
 104,637
 100,613
 153,566
 146,957
 131,193
 206,733
 135,144
 156,893
 140,513
 139,674
 167,460
 154,287
 165,316
 171,520
 141,028
 131,573
 149,337
 132,295
 149,349
 131,541
 142,445
 163,518
 150,630
 140,963
 157,169
 135,345
 161,625
 174,906
 155,530
 179,287
 159,390
 158,374
 156,299
 173,724
 136,717
 168,298
 167,248
 147,675
 145,090
 154,054
 149,620
 105,450
 162,859
 106,132
 144,002
 129,199
 135,415
 140,424
 152,658
 129,924
 120,686
 135,335
 135,968
 137,307
 115,431
 118,631
 138,916
 122,102
 123,404
 170,923
 135,226
 109,879
 139,749
 165,378
 151,307
 77,231
 145,939
 153,706
 107,098
 163,773
 165,028
 162,324
 174,220
 155,187
 147,392
 152,855
 162,066
 144,330
 159,509
 173,429
 111,682
 141,097
 142,634
 153,676
 143,048
 129,563
 112,510
 173,167
 177,257
 175,773
 142,869
 160,408
 139,152
 137,626
 169,002
 115,712
 129,384
 169,520
 136,191
 141,750
 141,876
 160,443
 151,222
 178,551
 155,495
 142,674
 146,129
 162,653
 140,655
 130,750
 146,626
 187,252
 156,648
 150,214
 137,953
 150,588
 165,144
 168,117
 141,770
 167,958
 177,532
 173,336
 168,338
 148,518
 153,721
 177,763
 149,460
 142,697
 129,137
 142,289
 148,221
 166,267
 133,166
 160,732
 152,000
 162,253
 158,545
 165,933
 170,938
 164,967
 168,427
 154,806
 169,478
 147,850
 148,520
 166,126
 160,875
 153,712
 158,654
 124,317
 165,859
 123,296
 131,316
 150,465
 155,334
 153,260
 125,851
 170,746
 133,819
 169,059
 168,369
 155,607
 155,511
 162,183
 143,005
 158,714
 152,923
 156,990
 154,059
 150,690
 167,755
 102,009
 169,654
 131,872
 149,892
 157,864
 150,223
 153,994
 155,032
 152,454
 147,100
 139,938
 119,061
 178,754
 146,025
 139,274
 94,331
 155,225
 155,038
 162,949
 172,113
 145,954
 163,033
 181,252
 174,834
 151,619
 162,321
 179,371
 157,758
 166,211
 137,784
 174,722
 144,732
 150,066
 135,857
 140,784
 176,430
 155,011
 156,158
 156,332
 154,024
 158,948
 160,440
 151,998
 157,164
 145,842
 160,534
 155,102
 153,291
 161,410
 164,984
 157,505
 153,828
 160,463
 181,256
 152,551
 171,113
 139,807
 175,622
 161,678
 163,230
 201,595
 167,007
 153,754
 178,536
 183,613
 148,426
 148,309
 184,611
 141,924
 168,654
 172,334
 150,222
 165,711
 152,121
 164,166
 182,262
 168,632
 149,011
 123,284
 179,852
 163,810
 129,763
 159,951
 161,152
 168,158
 168,294
 145,698
 196,090
 151,361
 168,515
 167,748
 158,799
 193,752
 145,659
 152,326
 125,607
 150,193
 165,712
 171,873
 173,283
 151,707
 154,942
 145,955
 167,627
 142,120
 130,550
 162,433
 160,504
 126,188
 145,333
 179,349
 136,448
 191,970
 150,772
 177,904
 181,189
 177,019
 152,291
 148,382
 181,781
 138,712
 155,387
 175,204
 192,855
 162,760
 178,119
 188,193
 184,043
 156,282
 177,046
 182,920
 183,324
 209,469
 146,583
 154,436
 147,524
 186,806
 128,248
 180,517
 137,302
 189,710
 188,349
 176,662
 158,950
 184,478
 177,794
 140,347
 185,752
 141,887
 189,923
 154,216
 165,771
 140,571
 142,712
 178,464
 185,916
 169,187
 166,009
 161,669
 175,552
 172,335
 179,970
 168,149
 158,801
 173,695
 156,285
 168,347
 180,144
 169,309
 153,916
 161,229
 156,063
 168,730
 188,934
 164,316
 144,995
 183,330
 157,919
 166,220
 169,015
 157,796
 185,877
 191,690
 179,377
 173,043
 160,841
 171,994
 160,783
 194,234
 164,644
 159,618
 179,036
 161,802
 185,669
 167,296
 177,191
 176,722
 141,697
 163,053
 185,652
 189,091
 190,179
 153,876
 174,128
 169,925
 187,799
 166,382
 181,597
 172,923
 134,640
 198,311
 176,422
 179,232
 153,968
 179,423
 177,644
 200,510
 190,966
 191,711
 183,978
 165,869
 173,643
 168,174
 176,436
 163,512
 166,174
 150,005
 152,500
 174,188
 188,241
 158,732
 168,883
 171,011
 203,994
 158,917
 175,669
 166,845
 168,314
 154,221
 150,837
 203,587
 186,255
 142,636
 192,945
 166,656
 205,624
 180,530
 173,097
 158,784
 193,665
 168,479
 202,170
 180,656
 170,819
 171,562
 140,367
 164,904
 205,745
 200,844
 181,538
 172,637
 163,799
 175,721
 178,922
 163,489
 201,751
 212,053
 166,269
 185,611
 152,709
 165,924
 193,664
 164,151
 198,984
 204,131
 171,214
 172,785
 189,430
 188,187
 169,978
 179,003
 180,715
 178,909
 162,864
 163,785
 185,738
 184,368
 188,086
 175,492
 192,003
 160,951
 191,623
 192,542
 174,817
 162,697
 154,122
 175,920
 168,341
 186,324
 202,698
 207,737
 170,993
 195,115
 162,334
 166,867
 186,163
 199,812
 147,791
 182,312
 184,985
 177,104
 177,931
 177,063
 177,463
 173,059
 214,182
 194,132
 152,308
 157,623
 192,631
 186,441
 201,661
 195,179
 212,075
 212,365
 185,024
 183,895
 194,774
 192,581
 187,231
 197,513
 185,024
 175,677
 225,702
 168,539
 203,264
 179,584
 159,038
 129,937
 186,186
 180,297
 156,437
 184,019
 167,068
 201,888
 192,083
 173,250
 192,634
 203,877
 189,144
 201,987
 197,921
 176,521
 181,373
 172,431
 161,685
 192,775
 219,323
 209,050
 162,063
 190,479
 171,380
 146,520
 223,556
 216,484
 175,546
 185,123
 173,255
 188,829
 151,981
 223,712
 184,184
 206,117
 212,529
 160,909
 194,738
 205,790
 170,100
 217,818
 187,106
 193,968
 180,163
 187,920
 206,776
 210,515
 177,158
 236,796
 179,702
 189,204
 195,520
 183,337
 197,470
 156,700
 197,315
 182,848
 166,924
 199,587
 185,874
 160,363
 169,530
 177,804
 185,502
 193,019
 188,658
 186,369
 175,377
 183,477
 212,085
 150,851
 197,871
 195,944
 197,912
 198,331
 165,562
 184,310
 170,983
 217,471
 189,548
 185,533
 199,317
 181,168
 211,651
 192,502
 185,227
 189,358
 188,334
 179,897
 216,808
 185,743
 190,005
 184,179
 184,433
 181,917
 194,957
 201,978
 225,182
 194,474
 172,485
 173,251
 182,451
 209,941
 196,890
 211,926
 188,095
 192,670
 179,216
 214,071
 176,104
 192,191
 202,489
 205,285
 212,208
 191,025
 180,206
 186,110
 220,729
 208,895
 204,529
 205,852
 173,173
 198,601
 192,565
 169,979
 184,792
 183,774
 193,280
 228,770
 210,430
 188,597
 52,153
 191,926
 180,880
 196,973
 174,786
 179,442
 180,252
 183,510
 178,234
 208,552
 215,979
 202,460
 182,341
 173,764
 194,009
 228,543
 222,023
 210,407
 203,255
 203,844
 208,576
 192,632
 197,001
 193,264
 194,281
 175,309
 169,854
 185,090
 204,592
 196,663
 224,145
 178,179
 190,246
 222,616
 213,840
 177,731
 213,434
 214,110
 212,245
 197,286
 176,642
 221,926
 241,325
 219,020
 224,276
 215,284
 245,032
 221,530
 201,133
 176,027
 181,105
 207,858
 214,693
 230,929
 188,125
 190,211
 215,523
 218,944
 197,579
 218,122
 200,185
 192,189
 184,085
 206,183
 199,967
 205,249
 195,375
 215,450
 185,764
 185,807
 164,052
 226,950
 186,070
 193,797
 203,854
 206,770
 203,605
 225,871
 201,538
 216,035
 190,507
 216,728
 202,921
 205,332
 249,478
 212,793
 198,533
 130,522
 204,281
 189,637
 188,428
 206,119
 222,885
 185,655
 213,819
 200,652
 207,773
 157,951
 182,924
 184,913
 188,004
 208,852
 181,100
 210,779
 214,626
 167,996
 236,039
 196,160
 200,732
 213,664
 213,745
 168,683
 228,568
 187,949
 217,315
 191,767
 190,017
 226,489
 209,056
 196,357
 206,538
 202,033
 178,766
 203,319
 197,559
 183,144
 223,138
 200,755
 161,242
 181,308
 197,396
 212,890
 223,604
 177,211
 204,352
 223,996
 215,163
 208,371
 189,041
 195,313
 234,320
 176,216
 161,583
 223,280
 196,768
 213,715
 209,528
 221,243
 191,877
 206,329
 185,327
 224,160
 187,978
 197,677
 206,938
 191,154
 232,196
 198,943
 209,702
 217,799
 204,151
 206,758
 187,701
 158,503
 253,262
 204,340
 205,988
 195,187
 183,547
 205,140
 203,597
 185,426
 223,347
 215,101
 211,583
 227,688
 215,360
 206,797
 224,062
 201,453
 207,920
 183,422
 187,427
 227,661
 185,301
 178,963
 208,487
 241,613
 177,653
 213,608
 260,206
 199,437
 190,969
 191,637
 213,757
 181,937
 217,783
 209,415
 200,614
 194,068
 174,406
 178,205
 191,897
 202,120
 221,333
 197,731
 211,410
 207,818
 168,388
 203,325
 213,639
 219,936
 221,363
 242,931
 216,231
 182,463
 199,624
 244,217
 224,433
 222,473
 208,189
 156,387
 234,366
 184,376
 214,093
 195,413
 215,864
 251,779
 228,254
 248,260
 231,944
 189,431
 220,549
 193,021
 184,691
 178,917
 248,038
 229,107
 216,412
 206,852
 187,619
 172,627
 219,065
 229,919
 229,653
 218,925
 213,623
 208,509
 229,808
 200,184
 249,261
 204,673
 231,290
 193,664
 211,142
 199,962
 206,520
 202,316
 199,203
 220,775
 208,200
 207,162
 195,864
 190,379
 217,093
 218,053
 195,699
 238,609
 203,874
 205,893
 200,083
 219,384
 195,246
 199,059
 201,161
 205,871
 195,236
 226,217
 222,961
 217,993
 176,022
 204,627
 191,702
 199,280
 227,628
 209,310
 196,973
 203,245
 219,075
 191,284
 188,300
 186,993
 230,002
 232,954
 227,891
 190,920
 219,792
 195,640
 190,768
 212,481
 215,948
 190,526
 197,251
 218,485
 227,275
 203,728
 242,680
 209,445
 222,691
 188,907
 238,937
 175,877
 211,917
 202,822
 212,955
 190,256
 207,705
 213,658
 209,602
 223,439
 243,724
 223,661
 211,598
 231,435
 244,068
 195,107
 218,470
 225,397
 207,179
 229,064
 207,236
 192,310
 219,850
 228,516
 217,276
 209,881
 204,326
 201,850
 214,402
 233,600
 205,945
 194,077
 210,399
 217,082
 228,275
 213,225
 216,697
 226,931
 222,343
 192,366
 213,049
 194,094
 233,449
 189,665
 218,227
 213,486
 297,561
 224,279
 229,151
 210,579
 206,861
 191,921
 233,886
 235,529
 238,647
 237,101
 233,225
 182,281
 199,106
 193,855
 227,570
 215,169
 227,105
 199,712
 218,270
 212,192
 197,898
 211,754
 231,552
 238,855
 232,069
 239,612
 194,654
 214,327
 206,140
 192,812
 228,736
 217,914
 217,554
 192,860
 209,199
 203,585
 214,203
 198,068
 218,413
 223,954
 208,606
 210,153
 233,839
 202,836
 218,459
 206,947
 223,679
 225,175
 236,909
 238,732
 229,868
 187,773
 231,077
 235,514
 212,766
 225,175
 222,018
 202,652
 215,496
 204,799
 245,119
 217,195
 234,557
 212,898
 210,923
 226,009
 240,086
 206,244
 175,901
 184,001
 203,271
 201,711
 236,112
 230,678
 231,248
 192,002
 205,508
 222,477
 222,255
 205,107
 234,757
 235,681
 228,141
 235,663
 210,549
 244,305
 208,124
 205,474
 217,808
 259,049
 226,444
 202,516
 226,499
 241,029
 216,383
 222,873
 240,151
 211,105
 235,026
 245,799
 205,481
 193,078
 185,253
 188,040
 233,427
 231,647
 258,212
 196,407
 213,903
 231,021
 208,431
 217,824
 219,863
 189,797
 222,259
 229,110
 222,499
 242,032
 236,867
 232,382
 221,650
 238,969
 206,257
 235,477
 186,164
 205,600
 222,792
 237,203
 225,841
 190,788
 212,323
 183,502
 198,965
 213,102
 212,031
 243,209
 221,199
 191,425
 227,941
 242,392
 225,810
 249,888
 209,219
 240,186
 219,694
 207,877
 181,154
 236,544
 249,528
 244,910
 228,893
 213,682
 203,615
 226,201
 229,214
 223,827
 252,588
 256,509
 228,844
 210,511
 215,611
 261,879
 214,237
 241,790
 247,271
 222,160
 196,576
 229,343
 238,854
 222,325
 208,653
 216,728
 196,491
 218,136
 219,439
 199,488
 239,821
 226,188
 212,396
 229,353
 225,237
 205,478
 241,693
 246,477
 207,273
 207,660
 214,646
 239,464
 250,791
 220,563
 232,531
 224,167
 193,977
 258,043
 189,048
 197,536
 229,988
 228,219
 221,872
 241,974
 195,888
 215,996
 201,365
 227,698
 203,587
 222,536
 218,215
 218,895
 238,940
 201,767
 209,897
 212,841
 206,677
 216,943
 220,577
 212,264
 232,011
 213,180
 219,805
 219,942
 217,025
 208,116
 201,030
 223,818
 206,055
 200,074
 235,673
 212,499
 230,243
 230,376
 202,703
 194,311
 200,873
 207,608
 225,342
 175,183
 203,278
 208,625
 194,581
 223,530
 249,719
 207,640
 218,838
 208,753
 219,021
 225,721
 214,033
 213,181
 221,327
 219,057
 238,364
 227,865
 223,249
 208,584
 247,645
 200,530
 261,644
 214,358
 223,460
 212,761
 236,084
 231,804
 230,751
 181,595
 236,262
 231,327
 202,928
 216,825
 198,350
 247,062
 236,840
 227,666
 225,850
 206,200
 245,421
 230,640
 242,234
 211,828
 217,675
 196,157
 239,073
 240,808
 225,222
 232,064
 240,185
 186,999
 206,391
 219,613
 188,768
 214,470
 255,932
 255,613
 221,064
 234,003
 246,507
 224,806
 197,809
 197,623
 209,607
 222,013
 224,483
 249,442
 201,417
 222,170
 222,059
 217,718
 234,672
 228,298
 177,768
 197,799
 209,823
 229,961
 189,854
 217,097
 234,085
 216,911
 241,093
 222,430
 207,664
 200,562
 232,813
 221,333
 227,677
 200,596
 206,071
 205,976
 201,718
 225,552
 192,816
 201,723
 193,429
 233,969
 180,176
 183,837
 211,652
 217,195
 182,724
 189,396
 219,529
 238,201
 219,825
 252,083
 206,644
 216,327
 216,916
 200,287
 216,804
 217,187
 245,367
 206,463
 223,326
 213,582
 217,439
 248,923
 222,328
 242,648
 213,983
 227,542
 211,826
 197,337
 203,188
 264,565
 213,750
 222,170
 230,670
 234,708
 216,415
 220,377
 215,560
 206,505
 236,659
 234,159
 214,841
 224,090
 209,372
 215,459
 220,696
 233,404
 209,459
 219,948
 232,638
 220,246
 220,666
 252,011
 225,812
 228,625
 222,694
 244,982
 202,996
 178,602
 230,118
 210,141
 197,090
 200,186
 212,173
 237,392
 234,742
 235,475
 215,507
 208,183
 193,813
 209,457
 237,761
 199,091
 213,153
 213,370
 194,686
 207,471
 219,048
 228,069
 244,363
 193,240
 219,733
 187,598
 221,565
 237,974
 234,952
 222,232
 208,098
 212,577
 198,445
 193,067
 201,282
 230,183
 227,362
 217,283
 208,408
 229,591
 217,130
 223,692
 212,693
 212,656
 209,006
 255,641
 209,413
 205,563
 206,209
 211,106
 186,817
 234,537
 195,800
 226,694
 222,489
 213,572
 216,741
 195,445
 217,572
 193,926
 225,587
 206,057
 228,307
 197,235
 162,646
 207,276
 188,619
 219,129
 149,895
 204,972
 180,734
 232,618
 186,966
 201,343
 215,977
 234,814
 185,552
 179,838
 217,834
 173,514
 189,928
 234,772
 207,081
 217,063
 241,515
 192,667
 182,477
 195,712
 191,995
 208,537
 212,952
 197,779
 209,371
 236,531
 236,306
 200,496
 196,547
 242,264
 214,606
 175,105
 194,727
 205,880
 232,715
 206,158
 190,268
 226,317
 192,962
 207,772
 138,274
 216,715
 216,666
 258,023
 197,144
 201,516
 197,914
 200,695
 212,457
 200,988
 217,604
 205,579
 214,357
 223,866
 201,353
 208,556
 189,724
 229,037
 204,356
 220,813
 234,918
 213,787
 216,380
 215,227
 230,965
 213,260
 213,197
 207,645
 212,486
 215,454
 212,675
 197,131
 194,693
 216,172
 234,555
 204,340
 213,788
 231,495
 193,433
 202,173
 213,213
 233,539
 190,887
 186,665
 210,391
 226,078
 214,310
 215,022
 236,916
 174,945
 237,669
 208,193
 232,223
 258,756
 209,044
 212,032
 209,355
 229,814
 200,383
 175,567
 211,280
 225,003
 193,707
 190,328
 190,151
 226,691
 179,585
 250,235
 211,811
 218,754
 242,289
 181,447
 136,276
 213,277
 212,076
 203,650
 246,808
 222,241
 228,248
 226,871
 214,971
 216,855
 233,635
 200,666
 207,141
 219,620
 220,232
 225,950
 211,778
 248,712
 216,617
 206,342
 199,111
 239,315
 237,703
 238,953
 254,777
 214,790
 210,593
 231,908
 182,107
 238,310
 239,196
 195,913
 238,673
 220,257
 236,055
 227,557
 216,949
 244,434
 202,888
 191,479
 225,634
 238,147
 193,623
 210,888
 208,487
 207,531
 208,913
 198,130
 230,273
 208,438
 231,645
 222,598
 242,110
 246,667
 203,226
 211,826
 207,495
 214,046
 246,406
 219,738
 201,314
 221,452
 219,113
 235,855
 195,739
 236,706
 215,509
 232,649
 207,932
 231,826
 213,440
 194,642
 209,780
 209,056
 205,605
 231,808
 228,099
 218,798
 233,148
 198,077
 187,788
 216,604
 217,683
 213,708
 228,193
 206,857
 217,770
 231,540
 240,649
 222,467
 224,465
 209,589
 233,630
 230,334
 210,630
 208,373
 165,842
 219,000
 173,007
 226,276
 237,558
 196,666
 225,508
 218,280
 224,431
 234,534
 193,372
 233,687
 195,443
 225,301
 203,014
 209,804
 217,807
 231,693
 206,161
 208,626
 256,402
 205,122
 209,734
 222,933
 223,326
 209,497
 194,513
 215,210
 241,384
 205,410
 173,276
 230,282
 228,812
 207,577
 218,496
 226,441
 179,692
 231,948
 194,837
 214,350
 209,448
 219,960
 195,258
 200,731
 229,909
 222,492
 190,372
 215,054
 219,689
 235,764
 235,255
 238,595
 195,234
 195,357
 219,821
 201,188
 200,102
 211,324
 181,156
 224,236
 145,229
 195,735
 191,005
 229,996
 220,610
 205,852
 208,063
 199,393
 209,304
 219,100
 221,116
 226,374
 180,961
 215,218
 217,769
 217,041
 199,886
 188,629
 192,155
 203,973
 200,435
 220,645
 190,382
 218,284
 215,835
 187,435
 225,361
 208,206
 182,140
 212,805
 173,690
 225,483
 210,316
 206,357
 208,408
 202,514
 212,142
 215,267
 173,159
 176,448
 190,524
 207,600
 227,020
 226,512
 243,035
 246,200
 199,368
 216,662
 183,541
 190,590
 215,377
 194,552
 204,459
 201,703
 197,768
 221,747
 210,334
 202,939
 219,001
 211,793
 194,380
 194,616
 214,890
 211,209
 190,492
 190,871
 218,483




























































































































































































































































































































































































































































































































































































































































































































































































































































































































































































































































































































































































































































































































































































































































































































































































































































































































































































































































































































































































































































































































































































































































































































































































































































































































































































































































































































































































































































































































































































































































































































































































































































































































































































































































































































































































































































































































































































































































































































































































































































































































































































































































































































































































































































































































































































































































































































































































































































































































































































































































































































































































































































































































































































































































































































































































































































































































































































































































































































































































































































































































































































































































































































































































































































































































































































































































































































































































































































































































































































































































































































































































































































































































































































































































































































































































































































































































































































































































































































































































































































































































































































































































































































































































































































































































































































































































































































































































































































































































































































































































































































































































































































































































































































































































































































































































































































































































































































































































































































































































































































































































































































































































































































































































































































































































































































































































































































































































































































































































































































































































































































































































































































































































































































































































































































































































































































































































































































































































































































































































































































































































































































































































































































































































































































































































































































































































































































































































































































































































































































































































































































































































































































































































































































































































































































































































































































































































































































































































































































































































































































































































































































































































































































































































































































































































































































































































































































































































































































































































































































































































































































































































































































































































































































































































































































































































































































































































































































































































































































































































































































































































































































































































































































































































































































































































































































































































































































































































































































































































































































































































































































































































































































































































































































































































































































































































































































































































































































































































































































































































































































































































































































































































































































































































































































































































































































































































































































































































































































































































































































































































































































































































































































































































































































































































































































































































































































































































































































































































































































































































































































































































































































































































































































































































































































































































































































































































































































































































































































































































































































































































































































































































































































































































































































































































































































































































































































































































































































































































































































































































































































































































































































































































































































































































































































































































































































































































































































































































































































































































































































































































































































































































































































































































































































































































































































































































































































































































































































































































































































































































































































































































































































































































































































































































































































































































































































































































































































































































































































































































































































































































































































































































































































































































































































































































































































































































































































































































































































































































































































































































































































































































































































































































































































































































































































































































































































































































































































































































































































































































































































































































































































































































































































































































































































































































































































































































































































































































































































































































































































































































































































































































































































































































































































































































































































































































































































































































































































































































































































































































































































































































































































































































































































































































































































































































































































































































































































































































































































































































































































































































































































































































































































































































































































































































