 402,915
 445,123
 410,680
 397,176
 404,042
 401,010
 439,133
 391,221
 404,043
 388,744
 399,018
 389,780
 388,926
 423,361
 388,319
 397,781
 400,548
 434,851
 414,582
 380,214
 409,432
 392,798
 390,267
 365,893
 407,629
 386,386
 447,462
 412,206
 408,584
 419,776
 467,951
 416,878
 381,218
 406,388
 411,777
 413,903
 434,934
 408,913
 412,312
 396,619
 440,128
 404,194
 421,291
 426,030
 402,653
 409,383
 392,991
 395,775
 427,703
 415,271
 411,052
 393,200
 392,493
 444,934
 394,813
 407,502
 415,139
 403,793
 424,856
 401,822
 399,437
 405,672
 418,102
 403,034
 395,604
 409,413
 409,778
 430,080
 420,008
 421,842
 408,061
 435,066
 430,370
 458,883
 431,516
 413,069
 406,711
 415,124
 432,885
 443,091
 400,092
 396,808
 449,966
 435,466
 409,846
 424,579
 391,984
 441,879
 429,064
 442,675
 435,208
 406,795
 447,001
 424,836
 399,494
 442,899
 424,798
 440,476
 404,565
 442,201
 448,991
 433,767
 419,394
 406,884
 463,177
 443,667
 433,678
 441,436
 453,323
 431,120
 428,950
 427,585
 455,239
 442,051
 420,094
 437,657
 426,037
 438,718
 414,593
 423,374
 442,218
 424,299
 428,327
 442,864
 446,320
 454,412
 444,920
 433,042
 430,820
 446,605
 430,117
 468,937
 434,199
 427,076
 443,412
 410,223
 420,963
 408,107
 452,701
 438,747
 453,368
 424,313
 480,035
 454,358
 445,722
 449,807
 446,228
 452,797
 442,436
 407,852
 448,476
 473,457
 404,536
 441,905
 425,103
 449,939
 427,360
 442,594
 435,906
 465,491
 449,763
 438,024
 457,746
 452,134
 481,122
 425,278
 448,058
 447,340
 422,256
 492,284
 429,924
 417,431
 435,051
 436,342
 439,652
 451,083
 454,717
 462,378
 442,267
 433,683
 462,672
 482,039
 445,146
 462,973
 438,464
 457,929
 489,302
 431,469
 464,259
 456,771
 458,581
 493,416
 479,391
 446,549
 424,715
 455,357
 480,466
 453,793
 460,289
 451,683
 472,972
 441,754
 443,673
 428,794
 444,284
 456,371
 443,006
 459,450
 478,984
 471,981
 435,671
 484,337
 445,473
 480,356
 462,492
 454,717
 460,981
 450,989
 451,377
 465,229
 464,631
 435,503
 460,435
 446,016
 469,669
 475,639
 468,282
 479,587
 444,662
 532,696
 449,457
 502,713
 453,140
 481,762
 454,346
 457,836
 482,779
 475,251
 485,793
 454,318
 490,412
 450,771
 466,103
 450,667
 450,252
 491,843
 461,013
 460,385
 473,545
 450,747
 425,808
 485,787
 468,301
 452,101
 445,229
 473,875
 472,351
 473,785
 451,638
 459,466
 453,500
 468,292
 500,440
 472,402
 474,309
 466,104
 505,230
 473,847
 471,322
 497,970
 468,584
 480,594
 457,730
 480,166
 500,660
 506,719
 476,083
 479,976
 464,187
 493,253
 472,759
 486,839
 481,706
 509,578
 517,141
 505,264
 506,015
 492,450
 487,064
 461,178
 468,107
 503,715
 510,334
 462,863
 538,566
 496,306
 493,358
 534,065
 505,345
 493,354
 506,887
 485,096
 505,300
 502,329
 508,573
 487,513
 496,346
 504,888
 517,993
 545,548
 492,665
 468,587
 507,808
 501,494
 499,089
 497,591
 503,965
 497,087
 479,826
 503,148
 518,498
 523,135
 484,270
 525,429
 519,308
 509,127
 523,490
 561,648
 517,001
 498,076
 511,910
 529,924
 550,662
 525,261
 511,995
 499,546
 520,305
 500,644
 531,403
 519,321
 517,898
 535,926
 501,401
 534,430
 501,321
 512,613
 510,425
 530,578
 547,991
 519,578
 515,797
 507,996
 532,791
 547,899
 556,872
 502,247
 533,847
 534,703
 490,585
 515,263
 528,662
 525,333
 516,867
 536,709
 502,591
 539,269
 541,319
 526,740
 545,416
 543,765
 551,218
 529,781
 526,649
 536,572
 554,393
 522,035
 553,420
 480,298
 534,725
 557,959
 521,577
 511,791
 557,817
 555,319
 571,532
 588,625
 539,627
 563,079
 535,637
 541,533
 554,381
 549,498
 531,730
 592,151
 539,124
 562,924
 572,766
 562,495
 533,691
 591,668
 570,765
 567,174
 576,687
 543,135
 558,380
 581,246
 602,572
 592,554
 549,965
 569,980
 579,883
 584,731
 555,933
 544,083
 560,913
 573,162
 570,287
 555,751
 562,098
 601,453
 573,114
 562,526
 575,934
 585,146
 580,299
 578,917
 567,320
 550,825
 550,783
 572,616
 583,079
 609,444
 590,916
 548,391
 542,980
 578,747
 583,749
 552,918
 594,961
 550,395
 562,823
 611,421
 582,377
 622,753
 612,970
 588,515
 576,748
 578,514
 592,772
 611,926
 609,885
 576,103
 590,913
 567,332
 565,046
 601,305
 578,263
 582,764
 592,971
 621,767
 585,253
 588,181
 583,800
 577,162
 588,411
 601,548
 591,193
 603,930
 597,687
 621,169
 613,296
 605,394
 613,470
 604,527
 604,015
 612,964
 627,809
 612,816
 623,449
 589,169
 624,526
 600,307
 619,875
 635,247
 603,445
 647,671
 673,116
 600,900
 586,434
 610,110
 603,910
 638,560
 648,949
 634,589
 618,698
 629,903
 649,382
 649,254
 650,238
 591,615
 643,629
 674,440
 600,610
 633,382
 625,145
 639,708
 619,171
 632,896
 641,487
 625,999
 642,873
 661,144
 640,084
 622,555
 658,547
 652,130
 663,626
 660,374
 641,605
 633,721
 668,357
 666,460
 689,149
 639,628
 661,650
 645,238
 667,339
 644,563
 668,911
 705,978
 631,840
 627,938
 654,872
 694,281
 668,736
 670,411
 696,702
 640,940
 651,881
 673,366
 672,878
 668,410
 696,500
 683,982
 680,790
 669,212
 678,310
 656,412
 664,630
 694,478
 681,702
 674,257
 689,462
 692,769
 695,197
 716,221
 700,843
 724,246
 640,068
 685,394
 693,341
 688,765
 662,916
 676,528
 690,635
 709,080
 698,126
 650,198
 671,112
 676,348
 713,986
 710,654
 676,742
 683,761
 737,042
 710,780
 673,118
 700,732
 727,991
 713,097
 681,526
 740,367
 701,393
 707,529
 711,682
 731,376
 711,075
 705,802
 754,296
 707,879
 679,696
 732,339
 678,873
 718,395
 720,284
 712,326
 709,224
 681,790
 723,051
 753,657
 705,579
 720,328
 725,248
 705,325
 698,042
 709,169
 732,538
 716,599
 756,875
 717,022
 746,327
 761,946
 722,862
 747,468
 733,964
 726,002
 774,267
 731,807
 741,618
 751,024
 750,780
 722,206
 748,678
 721,014
 770,260
 715,531
 751,388
 723,260
 739,687
 757,565
 738,327
 690,378
 732,665
 739,332
 752,117
 760,434
 739,311
 772,044
 743,801
 748,680
 787,525
 751,524
 775,501
 727,977
 754,378
 740,820
 731,112
 725,694
 755,340
 754,541
 750,209
 770,908
 791,450
 788,718
 768,523
 767,057
 768,824
 774,234
 778,437
 771,812
 771,967
 766,126
 763,383
 787,973
 806,414
 796,273
 747,991
 761,501
 781,071
 761,488
 767,175
 745,526
 777,168
 812,974
 788,905
 773,007
 779,135
 789,771
 795,327
 785,154
 793,900
 813,001
 808,038
 794,385
 757,611
 779,237
 793,814
 771,951
 797,630
 785,698
 797,760
 786,747
 783,836
 757,350
 803,872
 818,755
 752,617
 794,528
 813,781
 758,583
 818,211
 780,618
 814,088
 775,711
 788,128
 799,903
 842,750
 813,014
 840,158
 772,417
 807,037
 815,704
 804,254
 849,391
 801,499
 808,960
 816,546
 834,602
 838,531
 820,667
 851,899
 855,493
 822,044
 868,320
 796,771
 842,682
 833,982
 842,618
 857,582
 848,058
 812,561
 847,458
 852,997
 799,079
 809,069
 817,195
 849,562
 836,352
 821,586
 812,730
 798,884
 836,487
 843,673
 842,477
 862,537
 825,693
 856,387
 843,142
 836,398
 888,861
 869,748
 868,974
 875,890
 860,341
 853,742
 861,489
 821,822
 854,520
 888,936
 828,318
 856,546
 875,368
 835,192
 843,571
 877,845
 871,161
 859,936
 836,406
 853,857
 856,475
 853,075
 904,626
 892,039
 873,515
 867,850
 897,892
 909,099
 914,886
 903,979
 874,141
 889,356
 865,678
 907,901
 868,900
 865,285
 919,894
 878,243
 888,531
 880,886
 910,617
 884,293
 904,053
 885,821
 875,569
 900,557
 907,583
 920,136
 924,342
 882,539
 912,837
 939,078
 923,233
 918,426
 879,976
 886,043
 947,253
 899,735
 873,903
 896,570
 904,915
 865,640
 939,281
 920,956
 954,539
 946,923
 932,189
 956,317
 948,650
 914,367
 930,284
 943,325
 916,074
 952,238
 980,736
 924,977
 954,042
 984,792
 935,465
 928,839
 895,275
 964,668
 964,810
 950,047
 966,472
 936,408
 972,101
 961,807
 979,060
 913,553
 947,113
 920,342
 968,687
 948,593
 973,432
 964,610
 968,367
 978,511
 960,115
 987,414
 978,117
 964,988
 959,954
 991,549
 932,759
 964,275
 975,280
 963,470
 977,137
 981,746
 995,295
 988,654
 993,312
 993,599
 1003,328
 966,851
 985,066
 999,374
 1024,201
 1012,171
 1017,774
 1019,464
 1010,017
 980,648
 1002,956
 1014,777
 980,088
 994,459
 1011,355
 973,170
 1011,469
 1015,127
 954,189
 1047,060
 1024,865
 1060,071
 1001,308
 1001,559
 1069,219
 1026,434
 1002,481
 991,378
 1052,823
 1037,214
 958,969
 1035,083
 1028,860
 1056,048
 1032,902
 1052,948
 1053,954
 1080,003
 1005,827
 1035,808
 1075,988
 1060,846
 1098,877
 1057,724
 1080,115
 1041,805
 1093,649
 1061,994
 1091,128
 1073,340
 1059,796
 1055,762
 1041,063
 1030,426
 1039,083
 1062,656
 1100,068
 1094,825
 1113,611
 1089,052
 1030,452
 1100,989
 1072,267
 1067,290
 1113,083
 1112,404
 1077,750
 1077,818
 1086,511
 1079,007
 1080,488
 1110,697
 1127,890
 1064,785
 1066,595
 1108,541
 1129,517
 1101,095
 1112,110
 1110,606
 1145,831
 1084,823
 1076,983
 1097,791
 1085,898
 1075,901
 1103,047
 1103,467
 1104,354
 1135,033
 1114,364
 1113,760
 1159,301
 1162,895
 1176,701
 1125,522
 1129,816
 1149,405
 1133,335
 1127,625
 1139,432
 1122,085
 1140,410
 1125,568
 1135,295
 1107,160
 1149,656
 1118,587
 1134,986
 1137,227
 1114,024
 1107,110
 1139,794
 1153,693
 1138,111
 1144,735
 1156,643
 1153,513
 1177,577
 1144,894
 1192,326
 1162,267
 1167,943
 1167,944
 1192,696
 1226,059
 1143,350
 1133,317
 1178,715
 1194,770
 1143,353
 1133,972
 1177,177
 1177,257
 1187,836
 1159,879
 1193,597
 1118,700
 1189,813
 1174,692
 1219,579
 1175,524
 1213,351
 1198,353
 1171,587
 1217,080
 1205,192
 1173,041
 1210,018
 1193,323
 1222,750
 1219,775
 1215,255
 1204,438
 1181,749
 1209,141
 1198,800
 1220,070
 1168,831
 1175,344
 1176,591
 1187,784
 1192,765
 1198,967
 1220,153
 1175,209
 1206,086
 1217,646
 1223,145
 1169,479
 1219,140
 1197,152
 1214,642
 1245,569
 1208,566
 1195,550
 1194,539
 1204,525
 1232,386
 1213,991
 1237,561
 1229,915
 1264,283
 1240,694
 1206,782
 1262,388
 1191,488
 1229,037
 1246,954
 1195,969
 1221,828
 1244,469
 1219,505
 1226,497
 1190,446
 1249,903
 1241,998
 1214,898
 1256,586
 1245,860
 1202,231
 1257,539
 1260,204
 1238,116
 1254,110
 1262,709
 1250,338
 1210,937
 1270,246
 1268,334
 1240,565
 1228,987
 1258,192
 1269,750
 1255,887
 1266,503
 1274,278
 1263,881
 1267,145
 1299,705
 1258,905
 1267,971
 1242,547
 1268,823
 1278,742
 1240,907
 1266,150
 1267,995
 1287,335
 1290,585
 1269,795
 1259,910
 1290,063
 1291,164
 1296,797
 1281,586
 1243,678
 1258,770
 1283,765
 1280,107
 1303,490
 1303,607
 1255,513
 1253,593
 1287,372
 1309,044
 1257,527
 1288,052
 1289,613
 1275,189
 1291,616
 1329,331
 1270,464
 1320,284
 1294,503
 1290,332
 1266,467
 1332,410
 1316,302
 1306,129
 1272,400
 1314,899
 1312,908
 1346,985
 1340,657
 1282,146
 1320,429
 1314,512
 1317,449
 1298,685
 1285,026
 1315,863
 1342,617
 1293,140
 1335,886
 1291,393
 1344,151
 1325,602
 1325,358
 1369,759
 1337,080
 1329,992
 1335,667
 1329,126
 1338,120
 1335,697
 1360,545
 1313,435
 1310,855
 1327,863
 1354,453
 1356,831
 1350,319
 1337,793
 1366,253
 1350,298
 1362,581
 1351,654
 1276,151
 1342,801
 1350,355
 1341,074
 1327,120
 1402,371
 1380,701
 1409,123
 1378,662
 1389,573
 1369,795
 1365,119
 1380,839
 1387,902
 1373,010
 1400,581
 1380,672
 1389,629
 1406,020
 1402,736
 1390,753
 1425,958
 1400,365
 1407,080
 1402,218
 1414,485
 1399,251
 1350,752
 1407,474
 1418,877
 1385,891
 1421,657
 1436,136
 1419,642
 1388,988
 1417,825
 1405,657
 1386,120
 1418,348
 1368,255
 1425,199
 1406,339
 1449,602
 1421,839
 1435,143
 1429,615
 1385,436
 1410,234
 1409,695
 1412,710
 1444,743
 1410,160
 1426,052
 1428,623
 1365,387
 1395,145
 1428,615
 1468,529
 1397,135
 1464,447
 1461,357
 1456,630
 1434,826
 1409,864
 1483,163
 1429,177
 1393,656
 1474,967
 1435,227
 1477,055
 1486,252
 1434,711
 1486,852
 1471,649
 1445,590
 1417,660
 1438,551
 1490,014
 1456,984
 1492,982
 1535,870
 1450,448
 1453,339
 1453,419
 1500,606
 1449,997
 1463,922
 1480,684
 1482,586
 1507,276
 1478,888
 1471,368
 1469,417
 1500,042
 1471,302
 1471,783
 1478,158
 1502,814
 1513,819
 1517,615
 1517,980
 1537,796
 1480,663
 1499,843
 1472,787
 1523,126
 1498,079
 1495,020
 1474,210
 1516,839
 1504,685
 1512,534
 1539,776
 1523,764
 1519,826
 1481,909
 1508,248
 1499,523
 1518,468
 1521,048
 1526,516
 1527,233
 1547,646
 1561,446
 1501,581
 1557,935
 1518,330
 1541,498
 1546,883
 1529,684
 1543,446
 1547,856
 1566,737
 1558,573
 1507,083
 1464,404
 1540,829
 1536,853
 1545,839
 1528,653
 1567,158
 1513,122
 1596,977
 1593,600
 1558,097
 1582,887
 1596,115
 1599,539
 1582,075
 1560,248
 1562,543
 1572,032
 1583,931
 1520,959
 1610,051
 1633,318
 1593,863
 1601,698
 1595,842
 1598,720
 1567,067
 1579,076
 1605,225
 1604,114
 1588,241
 1573,865
 1645,506
 1626,319
 1627,569
 1574,018
 1611,484
 1565,222
 1617,126
 1601,719
 1570,079
 1627,142
 1614,816
 1609,435
 1597,068
 1607,848
 1627,457
 1596,636
 1626,271
 1629,442
 1630,269
 1567,036
 1616,896
 1639,608
 1608,958
 1609,246
 1632,015
 1620,680
 1650,915
 1640,086
 1604,518
 1607,272
 1609,287
 1670,086
 1626,697
 1618,364
 1628,917
 1647,754
 1647,223
 1687,598
 1627,055
 1622,508
 1625,736
 1685,407
 1633,078
 1619,632
 1620,984
 1647,850
 1646,640
 1685,228
 1650,032
 1624,199
 1625,916
 1639,104
 1653,302
 1704,126
 1658,474
 1650,702
 1622,508
 1672,927
 1675,790
 1657,584
 1676,429
 1656,422
 1674,091
 1670,370
 1679,146
 1697,346
 1688,461
 1707,710
 1673,918
 1670,331
 1703,411
 1691,619
 1703,642
 1683,051
 1671,803
 1695,380
 1701,300
 1680,700
 1647,995
 1707,048
 1655,748
 1701,341
 1661,722
 1674,326
 1697,377
 1746,319
 1699,786
 1717,600
 1684,889
 1666,333
 1751,324
 1682,787
 1699,210
 1676,390
 1685,839
 1696,555
 1762,798
 1736,046
 1653,930
 1704,525
 1728,358
 1714,994
 1671,671
 1684,364
 1717,625
 1724,653
 1680,504
 1730,679
 1713,540
 1724,474
 1706,816
 1747,464
 1742,038
 1702,116
 1716,361
 1716,379
 1737,417
 1705,716
 1730,014
 1747,874
 1739,165
 1727,092
 1705,553
 1774,658
 1776,817
 1715,840
 1721,713
 1812,333
 1724,204
 1701,621
 1710,156
 1798,710
 1718,002
 1760,724
 1728,525
 1805,419
 1723,393
 1734,273
 1761,109
 1781,730
 1758,075
 1743,730
 1740,277
 1782,487
 1796,680
 1724,311
 1709,770
 1723,694
 1752,467
 1708,013
 1748,486
 1778,517
 1776,687
 1787,322
 1783,862
 1758,663
 1769,496
 1783,622
 1823,306
 1775,237
 1777,385
 1795,082
 1787,929
 1746,147
 1768,758
 1785,975
 1777,605
 1776,032
 1765,922
 1817,517
 1747,669
 1864,547
 1827,352
 1802,876
 1810,349
 1747,477
 1824,303
 1737,675
 1781,403
 1795,133
 1799,415
 1814,946
 1743,871
 1811,025
 1807,767
 1814,656
 1842,440
 1834,020
 1802,390
 1811,663
 1795,523
 1785,953
 1821,925
 1812,808
 1802,542
 1843,360
 1802,813
 1755,447
 1793,462
 1815,080
 1810,064
 1816,114
 1797,059
 1835,701
 1822,703
 1821,551
 1828,042
 1847,639
 1757,542
 1838,622
 1843,290
 1834,157
 1826,135
 1788,992
 1818,160
 1812,934
 1766,242
 1824,226
 1803,959
 1852,641
 1796,388
 1839,095
 1863,166
 1811,165
 1871,432
 1842,526
 1816,348
 1869,558
 1797,348
 1790,337
 1830,587
 1814,315
 1871,887
 1878,166
 1825,969
 1837,909
 1839,449
 1821,063
 1827,422
 1810,039
 1852,036
 1798,626
 1881,338
 1879,211
 1846,396
 1886,032
 1859,655
 1850,751
 1900,315
 1847,797
 1861,426
 1863,389
 1846,603
 1869,613
 1856,601
 1934,892
 1807,840
 1819,725
 1887,928
 1900,460
 1856,513
 1900,373
 1853,260
 1851,928
 1854,416
 1930,655
 1903,998
 1906,343
 1871,608
 1906,965
 1872,618
 1882,633
 1881,316
 1906,585
 1880,559
 1868,542
 1930,992
 1858,807
 1879,065
 1917,553
 1884,985
 1945,298
 1922,695
 1902,118
 1929,290
 1931,104
 1903,344
 1881,085
 1898,930
 1908,282
 1872,408
 1918,242
 1903,425
 1962,409
 1937,963
 1909,386
 1903,482
 1885,041
 1930,061
 1908,873
 1950,804
 1986,805
 1926,439
 1948,852
 1876,189
 1922,102
 1949,076
 1945,799
 1926,200
 2013,431
 1931,144
 1946,695
 1969,633
 1916,169
 2001,222
 1968,218
 1978,090
 1927,084
 1975,323
 1942,206
 1947,694
 2003,925
 1942,099
 1935,898
 1948,341
 1957,245
 1975,123
 1959,623
 1984,102
 1977,990
 1953,324
 1983,872
 1970,919
 1939,268
 1980,732
 1957,016
 2002,802
 1953,710
 1971,382
 1990,299
 1999,644
 1966,387
 1959,496
 1972,982
 1993,918
 1965,642
 1998,879
 1961,673
 1997,519
 1985,476
 1954,620
 1993,151
 1955,787
 2019,863
 1973,348
 2009,313
 2003,259
 1999,596
 2010,818
 1952,227
 2023,203
 2017,014
 2014,930
 1994,983
 2046,605
 2003,516
 1997,795
 2094,072
 2016,966
 2049,746
 2019,876
 2022,025
 2039,183
 1920,390
 2045,714
 2050,366
 1984,251
 2058,598
 2016,059
 2037,657
 2034,340
 2003,976
 2015,550
 2099,660
 2024,223
 1990,039
 2048,982
 2045,904
 2048,439
 2003,807
 2018,508
 2082,756
 2028,728
 2054,787
 2062,797
 2076,395
 2079,263
 2051,844
 2063,341
 2025,004
 2048,254
 2085,200
 2081,408
 2079,523
 2044,301
 2067,242
 2101,268
 2053,764
 2054,655
 2072,597
 2062,158
 2079,114
 2108,027
 2110,364
 2051,965
 2074,956
 2082,549
 2066,893
 2121,712
 2081,763
 2121,523
 2042,924
 2138,475
 2128,476
 2114,713
 2075,196
 2083,357
 2083,392
 2091,722
 2077,114
 2115,537
 2105,000
 2159,634
 2115,004
 2106,902
 2166,935
 2127,607
 2082,664
 2092,370
 2093,173
 2091,835
 2125,029
 2210,954
 2125,565
 2157,768
 2152,224
 2107,040
 2193,672
 2100,045
 2176,578
 2106,193
 2200,792
 2120,070
 2113,949
 2149,407
 2125,322
 2156,754
 2108,747
 2153,671
 2142,799
 2159,033
 2149,056
 2183,521
 2162,889
 2138,250
 2165,328
 2144,463
 2144,151
 2148,091
 2195,814
 2195,610
 2152,496
 2142,211
 2135,581
 2107,253
 2195,159
 2173,804
 2145,479
 2237,950
 2204,590
 2180,191
 2208,867
 2179,629
 2197,857
 2195,880
 2203,359
 2234,685
 2201,462
 2198,288
 2182,738
 2177,711
 2172,646
 2186,787
 2205,064
 2196,100
 2220,894
 2189,655
 2177,190
 2228,275
 2208,953
 2260,735
 2170,089
 2226,887
 2215,729
 2285,164
 2212,910
 2216,136
 2228,008
 2202,245
 2209,933
 2203,741
 2197,879
 2197,832
 2227,258
 2204,660
 2265,345
 2158,648
 2222,459
 2218,852
 2245,548
 2229,804
 2256,237
 2259,444
 2231,637
 2151,533
 2205,960
 2250,444
 2218,191
 2199,272
 2231,572
 2212,028
 2214,695
 2237,638
 2224,606
 2215,369
 2214,110
 2255,850
 2215,838
 2183,814
 2242,964
 2231,617
 2222,965
 2254,245
 2260,415
 2225,762
 2316,847
 2272,147
 2268,720
 2281,283
 2266,464
 2275,216
 2259,538
 2237,413
 2231,372
 2276,078
 2218,087
 2258,620
 2273,115
 2271,372
 2257,868
 2283,846
 2306,778
 2288,090
 2262,832
 2312,047
 2272,495
 2309,745
 2282,411
 2246,598
 2349,563
 2273,918
 2263,254
 2283,559
 2295,972
 2264,295
 2320,610
 2306,159
 2326,248
 2329,265
 2274,284
 2321,119
 2315,505
 2326,079
 2352,605
 2293,562
 2354,981
 2330,252
 2265,835
 2286,389
 2350,643
 2342,421
 2310,612
 2348,542
 2323,710
 2332,075
 2305,231
 2311,899
 2292,253
 2291,992
 2285,261
 2306,897
 2331,020
 2334,068
 2339,181
 2312,990
 2359,352
 2342,954
 2376,274
 2317,441
 2319,741
 2313,476
 2378,282
 2381,050
 2377,410
 2371,435
 2344,601
 2312,323
 2283,229
 2358,179
 2334,359
 2341,396
 2382,656
 2366,068
 2396,960
 2304,699
 2283,774
 2323,676
 2365,955
 2372,892
 2360,775
 2381,367
 2311,945
 2392,241
 2395,921
 2332,094
 2326,537
 2370,620
 2363,457
 2396,642
 2386,755
 2375,530
 2346,930
 2293,590
 2337,143
 2343,760
 2372,630
 2355,328
 2353,959
 2345,548
 2339,272
 2409,671
 2317,047
 2367,990
 2380,113
 2350,013
 2289,541
 2342,681
 2400,610
 2413,247
 2330,621
 2402,710
 2350,368
 2418,626
 2409,768
 2424,842
 2432,909
 2415,357
 2382,179
 2344,764
 2357,651
 2372,789
 2431,731
 2408,781
 2395,918
 2366,774
 2322,585
 2401,647
 2348,936
 2412,572
 2391,693
 2388,297
 2449,245
 2459,796
 2407,790
 2403,430
 2413,659
 2411,498
 2404,103
 2426,915
 2409,111
 2427,709
 2450,201
 2387,869
 2451,518
 2376,318
 2392,848
 2424,606
 2420,276
 2445,365
 2437,713
 2442,725
 2426,111
 2435,923
 2450,036
 2423,958
 2428,419
 2388,405
 2407,453
 2406,795
 2413,933
 2412,178
 2479,883
 2408,250
 2440,988
 2459,141
 2422,557
 2448,968
 2459,681
 2405,097
 2481,357
 2474,008
 2436,364
 2466,343
 2422,695
 2480,108
 2435,411
 2421,089
 2494,653
 2457,695
 2502,614
 2469,641
 2497,915
 2491,416
 2443,307
 2420,967
 2539,814
 2430,315
 2477,794
 2482,823
 2447,913
 2487,517
 2440,504
 2551,795
 2495,589
 2477,563
 2480,524
 2467,168
 2467,540
 2460,330
 2411,895
 2433,402
 2465,333
 2457,232
 2428,044
 2460,148
 2484,422
 2488,607
 2489,461
 2530,520
 2493,664
 2484,852
 2493,984
 2467,411
 2486,064
 2528,464
 2468,681
 2475,664
 2458,362
 2462,674
 2497,148
 2526,336
 2520,821
 2446,092
 2544,408
 2509,321
 2522,014
 2518,667
 2537,155
 2518,247
 2493,587
 2475,797
 2461,203
 2509,922
 2522,413
 2481,978
 2553,526
 2495,691
 2506,650
 2544,466
 2474,977
 2562,322
 2543,829
 2541,470
 2548,000
 2563,903
 2569,997
 2539,881
 2530,553
 2587,605
 2535,802
 2620,926
 2575,149
 2585,555
 2506,050
 2592,399
 2535,589
 2549,163
 2542,000
 2596,216
 2535,115
 2541,716
 2557,882
 2509,091
 2618,489
 2572,281
 2585,138
 2522,985
 2573,498
 2571,272
 2532,290
 2560,522
 2559,960
 2508,732
 2548,119
 2578,951
 2608,944
 2606,838
 2565,307
 2603,483
 2614,765
 2545,636
 2630,818
 2557,499
 2625,667
 2565,755
 2580,530
 2593,880
 2629,762
 2613,301
 2613,911
 2652,764
 2607,636
 2640,188
 2615,819
 2656,941
 2649,564
 2591,143
 2620,133
 2615,929
 2608,409
 2617,029
 2615,314
 2642,412
 2579,552
 2693,741
 2675,948
 2655,547
 2670,970
 2667,753
 2605,626
 2633,680
 2705,510
 2653,553
 2653,467
 2620,611
 2643,132
 2640,666
 2595,953
 2626,993
 2635,662
 2633,966
 2642,469
 2661,972
 2636,157
 2639,143
 2663,766
 2736,073
 2677,305
 2646,154
 2635,053
 2655,175
 2666,748
 2714,914
 2625,514
 2708,301
 2715,818
 2717,255
 2644,138
 2672,189
 2699,143
 2721,288
 2664,704
 2718,384
 2674,895
 2667,185
 2726,545
 2738,345
 2727,142
 2723,516
 2641,804
 2745,803
 2703,086
 2711,019
 2722,843
 2732,783
 2664,963
 2724,672
 2730,330
 2719,539
 2745,513
 2703,114
 2717,131
 2679,948
 2685,275
 2772,218
 2747,803
 2771,811
 2704,790
 2749,259
 2711,154
 2775,530
 2770,876
 2780,556
 2739,955
 2716,485
 2793,017
 2756,532
 2686,419
 2805,579
 2780,837
 2781,378
 2788,373
 2802,540
 2707,093
 2751,407
 2802,013
 2742,858
 2788,484
 2772,268
 2780,077
 2754,362
 2837,714
 2757,666
 2787,694
 2747,130
 2759,812
 2763,454
 2785,013
 2778,077
 2801,742
 2802,830
 2816,345
 2829,839
 2815,856
 2830,912
 2758,285
 2780,081
 2797,138
 2805,841
 2818,019
 2798,515
 2826,869
 2812,524
 2778,718
 2770,618
 2732,044
 2834,788
 2818,915
 2806,918
 2804,426
 2828,419
 2815,814
 2804,337
 2830,936
 2795,616
 2804,426
 2880,549
 2891,799
 2834,636
 2895,574
 2821,105
 2841,245
 2871,400
 2835,898
 2801,884
 2844,652
 2806,971
 2831,526
 2843,955
 2867,464
 2836,069
 2803,571
 2861,509
 2806,908
 2899,759
 2830,703
 2907,607
 2832,997
 2854,092
 2875,295
 2876,894
 2879,958
 2875,146
 2860,381
 2877,056
 2839,934
 2866,684
 2885,829
 2837,525
 2898,713
 2900,917
 2918,541
 2875,952
 2873,510
 2935,957
 2867,210
 2855,284
 2931,873
 2842,570
 2920,636
 2844,307
 2899,821
 2918,867
 2920,377
 2912,493
 2903,603
 2977,715
 2901,818
 2924,125
 2876,842
 2930,472
 2876,382
 2861,034
 2979,581
 2981,597
 2931,560
 2920,281
 2956,527
 2922,126
 2879,988
 2926,850
 2907,130
 2890,084
 2944,580
 2914,898
 2934,611
 2944,312
 2921,110
 2946,673
 2897,179
 2897,907
 2919,414
 2982,972
 2925,134
 2964,440
 2963,951
 2986,215
 2857,327
 2946,799
 2948,763
 2968,218
 3011,838
 2925,084
 2993,481
 2955,945
 2931,815
 2899,286
 2923,412
 2963,589
 2953,008
 2942,932
 3001,415
 2983,457
 2948,671
 2895,059
 2893,401
 2976,901
 2962,634
 2943,714
 3008,697
 2954,779
 2940,981
 2967,961
 2955,590
 2943,212
 2983,408
 3017,833
 3009,020
 2911,468
 2980,208
 3014,243
 2972,453
 2937,476
 2953,236
 2985,523
 2945,206
 3038,165
 2948,975
 3007,308
 2949,085
 3045,385
 3021,631
 3013,943
 3011,028
 3034,544
 2978,810
 2960,594
 2982,234
 3035,829
 3029,497
 3038,772
 3058,662
 2906,030
 2871,713
 3027,870
 3016,823
 3036,194
 3041,860
 3024,124
 2990,801
 3038,841
 3026,193
 3002,443
 3015,878
 3017,105
 3009,820
 3003,700
 2963,325
 3057,660
 3048,682
 3019,863
 3021,723
 2930,562
 3049,162
 3017,654
 2956,213
 3027,570
 3028,313
 3017,533
 3051,673
 3003,012
 3019,510
 3054,725
 3019,948
 3003,746
 3045,577
 3041,084
 3063,437
 3012,309
 3025,075
 3052,511
 3049,008
 3057,806
 3024,055
 3048,039
 3078,361
 3058,240
 3093,534
 3069,524
 3065,684
 3033,444
 3064,929
 3058,665
 3061,012
 3063,736
 3027,972
 3079,707
 3070,490
 3031,343
 3083,143
 3081,102
 3070,660
 3048,604
 3053,059
 3107,049
 3049,520
 3044,858
 3062,125
 3029,724
 3101,497
 3048,117
 3056,387
 3036,769
 3060,889
 3037,498
 3031,845
 3096,096
 3063,828
 3113,165
 3028,080
 3107,963
 3110,391
 3122,703
 3082,429
 3048,303
 3095,117
 3024,892
 3078,595
 3077,682
 3137,423
 3056,032
 3151,363
 3107,501
 3097,554
 3022,129
 3076,032
 3027,333
 3137,144
 3072,367
 3049,178
 3078,546
 3061,466
 3126,261
 3137,817
 3105,963
 3113,163
 3096,694
 3088,799
 3091,594
 3117,585
 3126,858
 3096,204
 3053,430
 3090,922
 3092,827
 3122,675
 3050,381
 3101,046
 3110,997
 3140,103
 3193,232
 3043,088
 3067,526
 3112,387
 3066,921
 3105,641
 3103,160
 3050,433
 3059,229
 3118,065
 3135,002
 3131,808
 3119,105
 3126,182
 3047,195
 3133,549
 3102,994
 3144,607
 3119,741
 3102,170
 3169,379
 3135,030
 3107,715
 3119,689
 3166,169
 3154,540
 3199,034
 3116,543
 3102,907
 3150,875
 3153,579
 3141,143
 3162,149
 3111,929
 3144,754
 3102,292
 3120,456
 3166,035
 3125,675
 3093,262
 3110,799
 3134,938
 3129,928
 3150,960
 3148,378
 3167,278
 3105,585
 3117,605
 3139,953
 3112,656
 3180,499
 3120,798
 3175,706
 3128,014
 3088,817
 3143,123
 3161,364
 3162,215
 3107,868
 3212,686
 3117,561
 3174,148
 3153,997
 3127,968
 3143,338
 3125,225
 3177,201
 3200,377
 3098,192
 3135,635
 3196,341
 3161,599
 3173,524
 3177,251
 3075,249
 3186,110
 3121,789
 3170,942
 3218,038
 3152,577
 3168,785
 3097,998
 3152,619
 3161,629
 3196,830
 3104,846
 3171,867
 3138,378
 3153,005
 3136,919
 3086,633
 3138,954
 3154,776
 3163,179
 3163,468
 3193,840
 3179,909
 3131,910
 3166,955
 3144,249
 3169,453
 3127,551
 3153,717
 3147,625
 3157,536
 3211,486
 3218,839
 3193,670
 3184,274
 3155,846
 3200,499
 3181,071
 3163,940
 3180,391
 3167,642
 3181,011
 3168,774
 3241,272
 3151,668
 3162,352
 3189,297
 3191,619
 3237,765
 3192,864
 3137,185
 3196,730
 3255,644
 3197,761
 3231,543
 3236,344
 3198,462
 3234,780
 3242,293
 3140,091
 3220,295
 3209,775
 3180,067
 3255,163
 3219,953
 3183,912
 3201,281
 3232,847
 3251,142
 3237,475
 3180,185
 3216,674
 3230,031
 3219,334
 3175,239
 3230,708
 3211,906
 3187,274
 3302,889
 3209,151
 3217,529
 3240,359
 3241,714
 3225,794
 3233,235
 3271,479
 3266,142
 3242,679
 3211,769
 3215,401
 3269,128
 3264,941
 3272,246
 3299,229
 3293,744
 3242,359
 3245,627
 3278,115
 3200,899
 3277,650
 3242,756
 3248,900
 3273,425
 3318,606
 3299,931
 3253,982
 3285,263
 3316,982
 3275,889
 3304,478
 3310,459
 3280,321
 3241,479
 3249,723
 3230,000
 3308,000
 3272,308
 3281,730
 3294,914
 3309,172
 3319,567
 3319,016
 3312,378
 3293,294
 3294,351
 3305,519
 3241,021
 3297,040
 3333,541
 3316,963
 3294,169
 3367,849
 3345,907
 3290,820
 3354,635
 3316,284
 3339,595
 3321,105
 3349,270
 3417,827
 3340,096
 3347,156
 3352,818
 3362,331
 3289,400
 3408,637
 3280,823
 3310,852
 3361,179
 3351,000
 3341,863
 3297,564
 3424,669
 3374,695
 3307,217
 3328,165
 3380,179
 3332,173
 3370,462
 3366,296
 3341,880
 3330,991
 3389,334
 3366,286
 3353,080
 3467,192
 3369,061
 3381,032
 3366,830
 3419,364
 3354,726
 3422,086
 3386,319
 3320,897
 3360,038
 3373,911
 3376,488
 3346,073
 3385,605
 3383,275
 3366,778
 3335,024
 3440,887
 3345,303
 3405,853
 3379,817
 3419,342
 3412,653
 3400,294
 3408,254
 3406,786
 3376,846
 3406,350
 3404,170
 3368,997
 3375,976
 3367,612
 3345,952
 3433,762
 3378,012
 3369,393
 3350,793
 3413,574
 3416,989
 3386,486
 3368,680
 3418,833
 3430,504
 3401,139
 3380,990
 3417,266
 3424,440
 3383,064
 3499,110
 3487,826
 3416,156
 3406,010
 3415,454
 3382,753
 3447,933
 3437,951
 3439,982
 3419,524
 3429,910
 3392,999
 3486,840
 3411,129
 3442,964
 3448,338
 3328,944
 3364,783
 3462,692
 3370,414
 3450,116
 3351,721
 3391,470
 3390,184
 3442,061
 3487,690
 3472,422
 3402,594
 3388,246
 3384,190
 3470,529
 3423,071
 3449,444
 3483,410
 3452,659
 3431,235
 3441,620
 3454,350
 3457,764
 3422,892
 3428,672
 3448,068
 3453,146
 3453,794
 3477,231
 3415,848
 3451,823
 3423,907
 3462,211
 3453,372
 3472,378
 3456,664
 3440,375
 3444,083
 3402,124
 3432,492
 3399,508
 3499,856
 3419,105
 3440,586
 3480,746
 3412,667
 3395,812
 3437,973
 3444,107
 3478,212
 3446,230
 3448,440
 3454,935
 3437,331
 3448,550
 3484,206
 3440,979
 3421,435
 3423,948
 3402,105
 3471,849
 3389,977
 3451,132
 3466,909
 3401,207
 3416,397
 3438,752
 3458,810
 3520,968
 3446,357
 3463,855
 3510,598
 3448,993
 3484,483
 3471,846
 3428,135
 3407,456
 3500,620
 3414,349
 3477,264
 3468,241
 3426,933
 3494,418
 3405,629
 3454,658
 3422,460
 3465,152
 3502,644
 3448,339
 3404,025
 3478,854
 3466,094
 3407,746
 3436,516
 3434,247
 3403,899
 3416,918
 3481,755
 3477,530
 3457,297
 3446,121
 3359,296
 3442,119
 3409,897
 3490,405
 3473,330
 3456,654
 3466,094
 3474,530
 3431,458
 3455,153
 3480,531
 3401,533
 3433,230
 3458,213
 3476,808
 3517,475
 3463,582
 3438,631
 3410,647
 3470,839
 3396,952
 3471,932
 3498,388
 3440,084
 3469,110
 3417,727
 3438,581
 3393,918
 3396,818
 3412,747
 3449,087
 3428,018
 3504,346
 3413,075
 3384,571
 3516,525
 3453,621
 3440,355
 3456,585
 3414,998
 3393,806
 3426,076
 3343,470
 3433,421
 3407,716
 3449,979
 3408,687
 3422,183
 3458,936
 3429,530
 3431,320
 3453,798
 3400,014
 3415,651
 3406,230
 3478,134
 3472,228
 3417,629
 3400,822
 3445,046
 3417,219
 3367,075
 3452,581
 3486,709
 3422,126
 3421,759
 3443,405
 3408,187
 3438,133
 3377,770
 3416,085
 3405,678
 3458,538
 3413,092
 3376,777
 3427,816
 3443,899
 3436,529
 3424,532
 3400,940
 3418,017
 3399,502
 3358,236
 3351,910
 3410,807
 3448,682
 3477,232
 3433,294
 3399,514
 3416,730
 3316,094
 3429,364
 3397,370
 3367,969
 3449,567
 3412,542
 3421,643
 3385,910
 3431,508
 3422,005
 3385,940
 3360,272
 3359,969
 3412,491
 3397,578
 3382,168
 3360,434
 3438,626
 3357,809
 3366,719
 3355,761
 3402,035
 3357,702
 3315,762
 3401,287
 3370,474
 3385,590
 3349,251
 3379,304
 3440,127
 3356,357
 3351,992
 3355,384
 3401,817
 3357,067
 3362,484
 3319,021
 3398,341
 3314,069
 3348,418
 3363,580
 3381,639
 3348,686
 3362,308
 3326,382
 3365,988
 3340,976
 3343,468
 3344,287
 3334,073
 3359,224
 3366,074
 3379,087
 3356,411
 3377,260
 3382,185
 3329,960
 3348,017
 3307,266
 3350,468
 3335,205
 3326,347
 3320,245
 3331,966
 3373,470
 3310,967
 3318,601
 3339,418
 3365,585
 3357,407
 3396,088
 3303,629
 3377,980
 3311,384
 3282,608
 3280,594
 3288,913
 3306,662
 3317,424
 3309,193
 3303,814
 3248,044
 3301,956
 3358,304
 3264,745
 3287,329
 3258,967
 3313,743
 3305,677
 3316,915
 3301,652
 3282,397
 3285,510
 3224,671
 3319,842
 3297,930
 3289,551
 3360,309
 3272,737
 3317,958
 3285,303
 3239,162
 3334,914
 3293,802
 3283,137
 3262,773
 3262,437
 3322,487
 3291,040
 3226,084
 3252,515
 3323,514
 3262,759
 3301,086
 3238,784
 3219,513
 3244,046
 3284,530
 3243,261
 3271,961
 3224,527
 3201,911
 3278,790
 3238,461
 3281,991
 3287,581
 3257,986
 3276,974
 3218,207
 3251,538
 3263,361
 3231,489
 3264,700
 3279,511
 3238,460
 3246,013
 3246,788
 3291,628
 3245,025
 3207,041
 3215,057
 3249,272
 3237,990
 3264,989
 3256,300
 3198,239
 3233,271
 3241,095
 3167,472
 3262,362
 3213,427
 3164,432
 3186,502
 3226,205
 3188,258
 3193,902
 3187,016
 3191,937
 3135,499
 3144,617
 3238,031
 3205,245
 3156,207
 3177,571
 3251,955
 3218,709
 3193,397
 3243,391
 3260,277
 3250,903
 3207,783
 3168,870
 3181,861
 3204,626
 3140,736
 3176,705
 3245,207
 3159,910
 3196,442
 3111,985
 3176,675
 3170,767
 3172,660
 3171,036
 3171,515
 3143,155
 3122,439
 3179,128
 3131,163
 3140,339
 3116,039
 3125,332
 3146,196
 3109,590
 3169,796
 3119,137
 3125,749
 3133,485
 3107,937
 3124,505
 3138,085
 3075,951
 3171,714
 3110,613
 3069,108
 3106,741
 3159,347
 3118,003
 3086,595
 3066,552
 3135,385
 3124,229
 3091,378
 3121,172
 3102,391
 3139,417
 3105,709
 3131,253
 3071,755
 3060,200
 3060,328
 3061,526
 3108,378
 3085,486
 3102,535
 3121,227
 3038,342
 3143,247
 3107,984
 3119,053
 3041,617
 3068,299
 3101,706
 3072,450
 3101,899
 3044,629
 3079,512
 3052,153
 3041,780
 3060,582
 3025,420
 2972,580
 3019,072
 3134,530
 3036,623
 3027,626
 3092,347
 3078,641
 2991,856
 3003,345
 3018,090
 3007,672
 2969,706
 3055,489
 3058,445
 2995,244
 3062,249
 3015,564
 3071,262
 3021,459
 3016,343
 3107,999
 3036,077
 3074,715
 2991,369
 3023,219
 3039,100
 3029,753
 2973,411
 3062,630
 3023,818
 2986,633
 3021,060
 3008,245
 3059,489
 2968,098
 2987,309
 2944,328
 2993,711
 3012,447
 3007,534
 2960,683
 2944,419
 2980,137
 2974,276
 2982,710
 2993,209
 2985,810
 3004,545
 3002,136
 2961,191
 2992,512
 2966,313
 2973,140
 2953,252
 2975,629
 3000,462
 2913,135
 2922,398
 2908,532
 2912,660
 2981,415
 2911,306
 2901,855
 2878,816
 2909,495
 2982,080
 2933,609
 2967,121
 2928,970
 2890,858
 2973,921
 2927,825
 2970,582
 2926,887
 2942,070
 2933,644
 2953,045
 2889,156
 2925,747
 2862,110
 2941,142
 2949,853
 2864,233
 2912,637
 2898,087
 2940,603
 2879,228
 2849,448
 2912,554
 2939,658
 2933,776
 2943,162
 2918,183
 2891,485
 2882,227
 2912,422
 2863,802
 2824,908
 2860,851
 2896,093
 2876,602
 2893,757
 2881,262
 2911,707
 2896,850
 2933,321
 2881,944
 2852,420
 2860,108
 2914,081
 2840,312
 2811,427
 2864,970
 2850,723
 2821,217
 2846,674
 2813,963
 2849,052
 2838,691
 2825,997
 2852,405
 2852,416
 2840,397
 2850,738
 2809,630
 2828,931
 2824,813
 2793,272
 2738,423
 2814,333
 2830,583
 2778,792
 2793,956
 2795,252
 2790,182
 2750,946
 2746,601
 2784,838
 2781,663
 2763,850
 2811,496
 2779,412
 2762,118
 2810,221
 2765,284
 2775,210
 2766,025
 2744,441
 2755,751
 2774,029
 2797,391
 2746,209
 2737,831
 2714,218
 2742,331
 2668,450
 2718,980
 2759,084
 2777,370
 2760,283
 2774,581
 2709,158
 2698,322
 2649,313
 2704,757
 2665,143
 2738,008
 2701,345
 2674,106
 2707,330
 2707,213
 2761,027
 2719,334
 2787,942
 2755,344
 2715,894
 2626,745
 2760,274
 2644,018
 2716,283
 2674,216
 2716,088
 2685,609
 2714,518
 2715,695
 2711,557
 2693,944
 2681,665
 2704,864
 2658,772
 2636,624
 2658,561
 2657,589
 2635,841
 2687,212
 2688,248
 2662,267
 2662,065
 2665,975
 2706,597
 2669,902
 2659,316
 2658,766
 2675,177
 2685,225
 2613,236
 2669,513
 2638,783
 2625,688
 2668,422
 2621,328
 2680,596
 2655,433
 2650,202
 2615,351
 2647,132
 2601,250
 2606,402
 2645,761
 2621,795
 2611,748
 2568,180
 2554,414
 2604,321
 2578,386
 2571,313
 2571,728
 2612,623
 2547,816
 2611,156
 2554,270
 2587,800
 2574,318
 2590,144
 2632,768
 2564,023
 2533,248
 2505,907
 2586,839
 2558,782
 2545,591
 2507,213
 2597,418
 2535,251
 2542,944
 2525,407
 2542,859
 2506,890
 2500,896
 2510,182
 2487,566
 2534,855
 2538,960
 2492,810
 2497,695
 2486,547
 2514,822
 2533,745
 2447,389
 2485,256
 2538,356
 2500,264
 2551,467
 2466,930
 2488,300
 2468,486
 2429,109
 2486,193
 2492,077
 2517,890
 2537,310
 2456,521
 2530,115
 2483,855
 2509,386
 2476,708
 2523,322
 2440,806
 2517,202
 2469,070
 2488,262
 2434,715
 2475,017
 2469,778
 2434,335
 2521,148
 2423,615
 2475,389
 2429,031
 2554,878
 2450,906
 2426,472
 2475,933
 2456,651
 2518,124




























































































































































































































































































































































































































































































































































































































































































































































































































































































































































































































































































































































































































































































































































































































































































































































































































































































































































































































































































































































































































































































































































































































































































































































































































































































































































































































































































































































































































































































































































































































































































































































































































































































































































































































































































































































































































































































































































































































































































































































































































































































































































































































































































































































































































































































































































































































































































































































































































































































































































































































































































































































































































































































































































































































































































































































































































































































































































































































































































































































































































































































































































































































































































































































































































































































































































































































































































































































































































































































































































































































































































































































































































































































































































































































































































































































































































































































































































































































































































































































































































































































































































































































































































































































































































































































































































































































































































































































































































































































































































































































































































































































































































































































































































































































































































































































































































































































































































































































































































































































































































































































































































































































































































































































































































































































































































































































































































































































































































































































































































































































































































































































































































































































































































































































































































































































































































































































































































































































































































































































































































































































































































































































































































































































































































































































































































































































































































































































































































































































































































































































































































































































































































































































































































































































































































































































































































































































































































































































































































































































































































































































































































































































































































































































































































































































































































































































































































































































































































































































































































































































































































































































































































































































































































































































































































































































































































































































































































































































































































































































































































































































































































































































































































































































































































































































































































































































































































































































































































































































































































































































































































































































































































































































































































































































































































































































































































































































































































































































































































































































































































































































































































































































































































































































































































































































































































































































































































































































































































































































































































































































































































































































































































































































































































































































































































































































































































































































































































































































































































































































































































































































































































































































































































































































































































































































































































































































































































































































































































































































































































































































































































































































































































































































































































































































































































































































































































































































































































































































































































































































































































































































































































































































































































































































































































































































































































































































































































































































































































































































































































































































































































































































































































































































































































































































































































































































































































































































































































































































































































































































































































































































































































































































































































































































































































































































































































































































































































































































































































































































































































































































































































































































































































































































































































































































































































































































































































































































































































































































































































































































































































































































































































































































































































































































































































































































































































































































































































































































































































































































































































































































































































































































































































































































































































































































































































































































































































































































































































































































































































































































































































































































































































































































































































































































































































































































































































































































































































































































































































































































































































































































































































































































































































































































































































































































































































































































































































































































































































































































































































































































































































































































































































































































































































































































































