 691,819
 681,326
 645,518
 676,250
 641,883
 684,180
 676,701
 650,908
 665,367
 621,123
 658,978
 664,212
 673,461
 662,021
 688,692
 650,913
 665,423
 663,681
 682,187
 674,580
 690,964
 645,658
 697,467
 641,144
 662,400
 616,581
 674,653
 630,660
 651,613
 676,186
 688,589
 701,687
 658,654
 683,824
 650,437
 654,202
 636,730
 672,149
 661,895
 676,239
 662,405
 655,688
 661,044
 642,025
 651,143
 666,065
 625,917
 649,727
 671,824
 670,861
 701,868
 609,469
 667,744
 714,451
 682,898
 645,617
 702,132
 672,217
 658,055
 648,674
 684,245
 630,679
 642,562
 656,167
 649,829
 690,672
 670,010
 662,187
 669,318
 631,830
 666,928
 662,530
 712,720
 708,193
 649,969
 688,593
 632,264
 691,194
 670,999
 659,087
 660,870
 662,502
 639,474
 669,211
 644,956
 671,158
 633,102
 645,587
 658,167
 672,870
 658,303
 660,747
 634,325
 637,828
 711,063
 647,972
 671,651
 675,586
 631,484
 647,547
 661,437
 669,150
 615,729
 675,035
 685,180
 645,736
 673,704
 665,897
 670,411
 679,611
 641,669
 662,422
 676,423
 682,623
 677,050
 647,100
 659,236
 649,253
 625,400
 646,743
 685,247
 637,291
 629,304
 688,897
 645,659
 668,224
 649,993
 678,802
 674,669
 669,973
 651,847
 652,164
 681,598
 650,445
 651,489
 621,577
 665,357
 620,553
 656,682
 662,661
 640,691
 664,339
 661,625
 641,136
 653,252
 632,488
 617,987
 650,497
 661,709
 635,044
 677,579
 648,492
 637,189
 626,225
 618,980
 658,289
 623,149
 640,294
 663,371
 662,645
 665,759
 656,478
 643,431
 623,893
 671,723
 651,650
 618,451
 643,675
 632,790
 693,261
 626,259
 665,648
 634,936
 650,153
 639,264
 615,469
 664,706
 696,669
 632,321
 650,771
 654,092
 650,248
 661,415
 645,382
 661,560
 638,699
 641,401
 632,719
 659,229
 666,759
 647,816
 640,872
 639,682
 649,711
 620,504
 624,931
 651,405
 611,080
 639,148
 667,406
 655,654
 636,450
 656,665
 592,634
 637,615
 640,418
 679,755
 631,482
 653,746
 599,776
 627,091
 648,723
 653,003
 646,107
 597,387
 624,292
 634,651
 608,275
 635,151
 619,239
 657,416
 626,376
 623,728
 605,487
 652,897
 624,460
 625,295
 607,655
 616,967
 661,310
 617,940
 635,150
 630,906
 631,948
 622,556
 630,141
 636,515
 626,803
 631,610
 620,889
 629,676
 652,840
 622,843
 595,119
 599,347
 616,908
 598,092
 592,003
 638,478
 609,672
 592,106
 639,523
 585,447
 581,261
 579,305
 633,892
 616,803
 615,507
 599,367
 611,291
 612,698
 614,110
 596,014
 623,135
 652,894
 620,113
 587,696
 607,377
 603,486
 612,385
 575,899
 632,419
 616,928
 617,245
 576,845
 591,643
 610,978
 612,413
 611,643
 581,181
 577,344
 589,239
 617,694
 622,355
 589,231
 615,036
 610,327
 570,820
 608,033
 618,737
 587,984
 611,576
 605,088
 586,563
 591,541
 582,868
 603,677
 581,579
 607,472
 581,281
 601,641
 612,072
 585,582
 597,083
 613,157
 635,242
 625,779
 579,435
 560,591
 619,549
 606,534
 571,806
 632,873
 642,669
 596,301
 592,618
 606,092
 622,698
 563,112
 591,349
 600,964
 587,578
 580,389
 619,364
 621,981
 593,504
 592,849
 612,711
 604,656
 577,811
 592,737
 611,297
 586,707
 592,708
 595,007
 579,009
 592,395
 596,217
 625,611
 574,480
 573,330
 617,027
 589,874
 599,420
 633,758
 592,895
 570,499
 576,453
 611,343
 612,421
 570,411
 591,827
 583,581
 618,077
 593,463
 600,004
 613,583
 610,070
 573,598
 596,090
 623,416
 587,046
 571,481
 572,208
 595,433
 582,959
 625,970
 596,372
 582,280
 584,998
 589,993
 573,745
 568,428
 610,573
 581,154
 560,810
 562,431
 570,683
 605,995
 604,380
 600,767
 607,911
 597,139
 577,165
 596,654
 600,640
 565,295
 587,109
 571,955
 586,862
 560,661
 592,643
 579,517
 632,292
 595,102
 613,714
 586,419
 592,533
 598,408
 594,399
 563,119
 615,779
 584,879
 577,269
 600,978
 580,973
 605,030
 610,577
 614,135
 593,464
 579,610
 610,127
 602,082
 596,239
 631,091
 617,671
 585,851
 562,851
 612,069
 583,158
 583,491
 584,371
 576,753
 602,077
 583,848
 606,769
 571,416
 588,235
 564,436
 646,344
 584,991
 590,876
 604,842
 566,687
 542,980
 571,374
 603,136
 598,247
 573,935
 589,444
 588,765
 598,860
 573,639
 618,930
 608,327
 565,305
 613,066
 605,275
 591,407
 603,461
 565,922
 592,214
 597,194
 586,993
 590,169
 587,106
 604,751
 605,701
 583,414
 598,829
 603,548
 589,546
 578,065
 573,066
 583,768
 599,090
 585,731
 595,192
 616,256
 597,685
 622,853
 605,394
 612,924
 617,088
 633,780
 608,868
 603,233
 580,048
 606,792
 573,877
 592,304
 573,000
 589,565
 595,106
 622,013
 591,693
 604,576
 588,885
 608,279
 595,091
 636,951
 639,926
 636,388
 627,216
 592,757
 628,810
 601,868
 600,648
 580,606
 598,168
 637,348
 633,480
 598,426
 626,009
 590,738
 624,143
 605,244
 621,427
 587,146
 589,408
 581,433
 614,996
 578,918
 567,669
 609,668
 617,451
 619,389
 616,137
 614,025
 615,425
 634,496
 637,788
 627,709
 633,894
 600,483
 600,455
 633,752
 636,644
 610,748
 619,142
 628,563
 584,520
 652,687
 604,988
 670,921
 623,717
 610,959
 607,626
 621,297
 622,849
 625,091
 627,723
 646,802
 595,508
 643,380
 594,664
 607,312
 613,813
 614,112
 607,096
 639,650
 654,323
 681,270
 643,890
 635,395
 630,478
 635,580
 627,581
 588,458
 615,762
 645,827
 647,532
 629,875
 646,218
 660,051
 641,359
 634,775
 651,563
 630,699
 620,915
 614,863
 600,335
 633,597
 630,787
 642,288
 637,052
 655,915
 628,096
 621,222
 651,930
 660,500
 638,240
 620,292
 639,809
 636,315
 670,209
 643,627
 627,978
 634,692
 633,331
 642,832
 653,422
 647,471
 612,719
 631,537
 620,030
 612,831
 638,372
 635,942
 646,888
 605,364
 640,046
 629,402
 616,851
 649,709
 621,515
 648,979
 621,026
 650,379
 668,690
 679,425
 648,624
 659,511
 640,972
 647,129
 630,429
 651,114
 602,919
 666,525
 646,166
 677,052
 668,685
 676,315
 687,426
 661,853
 660,372
 673,018
 655,813
 639,472
 645,607
 669,514
 680,821
 644,191
 635,567
 639,067
 682,064
 641,007
 655,172
 654,235
 640,819
 652,357
 676,704
 641,153
 654,522
 677,373
 686,753
 660,934
 659,066
 687,346
 685,455
 634,429
 623,725
 691,508
 689,048
 691,518
 648,273
 697,553
 656,542
 655,557
 654,393
 658,098
 671,372
 692,113
 679,293
 672,339
 654,824
 651,052
 670,843
 696,148
 671,103
 664,775
 651,864
 652,103
 660,056
 626,157
 664,599
 678,100
 678,906
 650,875
 698,319
 697,234
 707,051
 667,409
 696,628
 676,511
 699,775
 697,148
 679,655
 687,311
 674,833
 696,452
 712,200
 700,278
 696,456
 667,065
 668,296
 649,944
 683,390
 683,802
 716,804
 688,232
 696,787
 684,382
 708,263
 687,913
 707,607
 683,006
 718,260
 692,702
 647,625
 680,334
 702,382
 694,208
 698,659
 708,111
 718,574
 707,866
 687,419
 700,359
 698,060
 723,831
 706,399
 702,168
 706,119
 714,032
 714,887
 675,330
 735,849
 711,218
 730,367
 668,928
 689,353
 732,028
 732,997
 707,215
 731,725
 723,679
 715,930
 730,109
 710,057
 748,367
 724,803
 706,593
 715,228
 745,119
 750,873
 743,337
 736,919
 734,271
 766,527
 740,587
 745,002
 729,526
 732,819
 759,261
 757,997
 766,390
 736,555
 721,273
 731,926
 746,228
 794,813
 752,999
 765,747
 792,648
 742,820
 731,322
 731,548
 775,214
 741,240
 743,849
 767,001
 766,156
 721,690
 749,066
 776,650
 788,404
 802,655
 777,003
 790,037
 775,214
 803,419
 749,249
 737,828
 767,527
 821,863
 763,009
 774,935
 795,143
 828,424
 795,001
 795,099
 794,890
 753,508
 808,806
 816,106
 822,924
 856,894
 807,992
 814,260
 777,695
 822,471
 843,878
 788,772
 816,411
 829,835
 810,169
 845,504
 820,658
 817,261
 851,167
 869,376
 820,195
 851,593
 863,637
 838,254
 845,998
 852,257
 867,672
 809,316
 849,390
 838,250
 867,314
 906,462
 844,149
 863,111
 852,901
 830,880
 852,108
 851,038
 914,969
 882,617
 896,253
 899,571
 938,320
 940,971
 929,858
 903,694
 885,700
 880,485
 892,489
 908,340
 907,087
 939,845
 929,658
 918,942
 915,979
 936,631
 938,535
 929,784
 920,205
 938,382
 925,194
 956,516
 965,094
 954,800
 967,293
 958,022
 997,857
 970,992
 947,967
 1006,965
 988,410
 998,959
 929,168
 984,520
 1009,477
 995,256
 1029,374
 1019,139
 1043,494
 1007,287
 1005,770
 1028,078
 1012,047
 995,107
 1034,327
 1062,419
 1013,311
 1015,019
 1065,098
 1013,444
 1041,598
 1022,407
 1065,806
 1069,575
 1102,866
 1094,614
 1053,467
 1016,954
 1026,604
 1097,879
 1098,107
 1061,915
 1097,069
 1152,560
 1111,754
 1076,047
 1077,797
 1159,085
 1131,066
 1147,821
 1087,964
 1149,442
 1159,969
 1135,195
 1145,378
 1145,651
 1160,316
 1179,938
 1184,055
 1168,679
 1157,991
 1170,115
 1174,273
 1190,158
 1155,490
 1185,720
 1197,278
 1219,398
 1219,890
 1221,200
 1210,840
 1220,506
 1228,785
 1246,484
 1223,484
 1262,451
 1242,930
 1254,151
 1218,994
 1274,654
 1242,847
 1239,686
 1273,717
 1314,667
 1271,496
 1290,236
 1267,466
 1321,209
 1296,337
 1358,143
 1299,841
 1335,066
 1288,804
 1291,613
 1281,565
 1336,573
 1289,166
 1316,312
 1359,876
 1340,557
 1346,387
 1354,663
 1388,465
 1332,152
 1364,964
 1372,763
 1357,629
 1371,480
 1407,180
 1361,892
 1377,754
 1390,380
 1380,133
 1417,846
 1446,149
 1430,480
 1400,979
 1467,506
 1428,518
 1419,248
 1441,423
 1421,497
 1390,554
 1451,363
 1463,624
 1464,699
 1469,685
 1454,286
 1488,020
 1508,261
 1468,205
 1493,792
 1480,936
 1519,652
 1465,314
 1497,439
 1543,909
 1488,507
 1468,370
 1512,676
 1497,874
 1553,226
 1478,582
 1567,390
 1512,037
 1538,727
 1506,674
 1462,295
 1497,990
 1562,276
 1545,516
 1600,234
 1599,323
 1598,648
 1543,237
 1574,360
 1600,193
 1598,408
 1574,449
 1557,632
 1580,531
 1590,025
 1603,161
 1567,238
 1636,703
 1620,294
 1633,487
 1667,655
 1602,364
 1614,476
 1644,473
 1622,782
 1622,779
 1657,252
 1649,527
 1675,082
 1652,529
 1615,686
 1655,918
 1701,558
 1699,774
 1672,977
 1642,797
 1664,656
 1701,864
 1671,141
 1673,963
 1684,420
 1647,439
 1752,032
 1722,714
 1721,981
 1658,902
 1720,031
 1685,246
 1679,733
 1751,177
 1742,810
 1722,468
 1743,935
 1724,080
 1678,123
 1704,040
 1701,741
 1749,420
 1748,594
 1739,511
 1732,699
 1696,587
 1794,800
 1743,114
 1784,955
 1805,038
 1784,765
 1753,120
 1794,235
 1800,924
 1812,309
 1762,532
 1797,264
 1838,770
 1757,481
 1745,630
 1811,698
 1834,724
 1810,759
 1803,352
 1775,082
 1782,981
 1824,747
 1817,713
 1824,972
 1827,484
 1867,323
 1870,389
 1758,520
 1832,642
 1851,059
 1818,771
 1849,853
 1797,396
 1812,379
 1850,007
 1881,252
 1846,308
 1834,739
 1858,576
 1880,197
 1897,199
 1845,463
 1841,259
 1838,701
 1888,789
 1897,766
 1880,827
 1861,085
 1876,750
 1900,053
 1864,769
 1930,228
 1869,655
 1892,089
 1933,082
 1890,871
 1909,835
 1915,456
 1873,603
 1952,138
 1977,393
 1938,074
 1910,699
 1917,110
 1901,173
 1946,969
 1939,267
 1926,112
 1935,594
 1963,774
 1985,983
 1938,130
 1950,495
 1905,707
 1963,304
 1969,851
 1971,165
 1969,401
 1956,311
 1982,854
 1956,386
 1998,740
 2014,470
 2021,931
 2004,467
 2030,076
 2033,092
 1974,912
 1992,968
 1967,572
 1975,894
 2014,548
 2037,017
 1986,876
 2027,210
 2041,724
 2044,216
 2043,458
 1986,543
 2014,664
 2049,885
 2018,073
 2077,078
 1988,785
 2058,693
 2034,362
 2046,536
 2051,626
 2058,475
 2037,572
 2115,111
 2087,141
 2043,417
 2093,816
 2052,000
 2040,111
 2075,328
 2051,870
 2078,303
 2056,738
 2090,318
 2113,834
 2138,935
 2082,213
 2087,562
 2136,767
 2127,735
 2133,527
 2104,689
 2126,731
 2113,285
 2083,849
 2088,486
 2213,284
 2112,958
 2133,095
 2134,898
 2141,844
 2122,034
 2161,363
 2142,399
 2139,269
 2158,365
 2183,332
 2162,122
 2195,906
 2147,235
 2135,004
 2158,710
 2143,698
 2106,573
 2210,422
 2173,109
 2151,044
 2135,047
 2167,111
 2187,038
 2222,693
 2183,691
 2169,913
 2170,051
 2249,428
 2175,887
 2193,405
 2250,637
 2222,355
 2228,170
 2302,695
 2234,365
 2257,704
 2236,181
 2193,222
 2185,371
 2208,567
 2303,684
 2280,628
 2213,922
 2168,459
 2298,291
 2292,841
 2245,827
 2275,334
 2247,530
 2276,362
 2284,634
 2388,346
 2256,362
 2270,834
 2289,781
 2266,834
 2290,431
 2317,748
 2299,033
 2255,849
 2311,050
 2261,557
 2333,581
 2257,764
 2338,671
 2290,420
 2295,035
 2332,811
 2382,118
 2278,018
 2289,825
 2305,641
 2369,906
 2280,415
 2306,574
 2343,381
 2361,434
 2334,534
 2306,612
 2373,721
 2337,502
 2372,613
 2338,793
 2350,658
 2327,188
 2347,225
 2371,378
 2384,492
 2374,286
 2351,554
 2349,790
 2330,066
 2428,744
 2360,194
 2368,616
 2368,540
 2373,733
 2443,747
 2407,197
 2425,259
 2373,403
 2390,181
 2331,937
 2417,919
 2436,061
 2408,183
 2422,947
 2467,732
 2389,666
 2423,549
 2438,741
 2482,700
 2460,796
 2454,910
 2465,979
 2473,364
 2420,135
 2445,367
 2447,757
 2384,289
 2463,312
 2491,510
 2509,589
 2460,304
 2469,776
 2428,422
 2443,589
 2501,228
 2480,742
 2426,336
 2474,650
 2526,225
 2465,154
 2480,270
 2474,737
 2522,682
 2492,887
 2423,311
 2537,066
 2485,751
 2481,267
 2497,140
 2526,078
 2492,726
 2590,290
 2473,066
 2545,832
 2534,584
 2523,424
 2549,236
 2512,813
 2519,101
 2496,828
 2434,731
 2523,525
 2530,831
 2507,089
 2539,962
 2547,741
 2580,161
 2561,140
 2506,730
 2567,102
 2493,204
 2536,526
 2514,437
 2563,721
 2558,709
 2546,417
 2564,454
 2572,880
 2592,891
 2533,186
 2621,337
 2551,028
 2570,243
 2523,483
 2541,765
 2586,380
 2614,388
 2589,079
 2621,603
 2588,398
 2612,233
 2684,130
 2624,327
 2600,331
 2625,403
 2649,853
 2581,245
 2595,619
 2562,711
 2601,302
 2570,449
 2622,532
 2656,038
 2659,144
 2645,529
 2640,245
 2636,549
 2626,306
 2630,197
 2699,519
 2598,250
 2616,223
 2699,789
 2592,363
 2600,502
 2682,789
 2678,879
 2687,497
 2606,732
 2688,177
 2611,482
 2658,713
 2630,290
 2650,539
 2617,885
 2703,144
 2709,859
 2728,493
 2741,930
 2643,093
 2659,817
 2701,325
 2680,611
 2614,647
 2674,613
 2703,079
 2639,615
 2675,395
 2741,828
 2698,488
 2638,490
 2676,735
 2748,646
 2706,725
 2678,819
 2690,763
 2695,493
 2733,653
 2753,924
 2687,853
 2706,240
 2688,725
 2726,170
 2701,540
 2724,523
 2707,065
 2737,387
 2729,170
 2721,246
 2746,206
 2736,951
 2776,760
 2741,841
 2770,805
 2729,274
 2686,319
 2783,396
 2742,671
 2713,525
 2754,566
 2734,975
 2688,907
 2740,636
 2800,835
 2811,780
 2736,849
 2782,619
 2762,915
 2689,262
 2757,398
 2719,543
 2828,897
 2777,111
 2741,224
 2815,219
 2787,906
 2799,306
 2720,933
 2801,316
 2778,980
 2759,105
 2774,391
 2776,930
 2849,005
 2801,036
 2774,198
 2775,474
 2796,426
 2763,202
 2757,731
 2827,873
 2806,521
 2821,487
 2744,752
 2834,265
 2821,717
 2808,704
 2797,301
 2793,472
 2812,026
 2810,171
 2839,668
 2804,385
 2795,200
 2829,161
 2807,249
 2857,314
 2893,020
 2809,772
 2818,586
 2809,762
 2814,916
 2824,942
 2817,276
 2806,918
 2793,600
 2895,112
 2829,894
 2871,992
 2826,106
 2885,332
 2811,045
 2832,818
 2864,661
 2844,019
 2873,641
 2835,824
 2885,943
 2834,392
 2870,210
 2873,932
 2914,388
 2856,285
 2850,144
 2858,445
 2822,886
 2896,279
 2869,181
 2849,262
 2872,179
 2901,150
 2892,837
 2899,560
 2912,389
 2830,145
 2827,923
 2864,789
 2888,366
 2927,901
 2894,663
 2832,130
 2870,468
 2939,048
 2873,122
 2905,263
 2953,907
 2896,327
 2909,396
 2878,419
 2895,438
 2961,629
 2962,014
 2896,433
 2957,598
 2873,453
 2878,839
 2905,501
 2937,086
 2906,035
 2924,697
 2971,609
 2907,822
 2906,157
 2964,924
 2945,216
 2898,563
 2948,918
 2944,383
 2950,256
 2959,451
 2951,235
 2905,412
 2981,195
 2948,499
 2874,867
 2993,844
 2903,110
 2895,061
 2995,214
 2922,003
 2937,857
 2991,547
 2966,826
 2955,117
 2961,702
 3004,353
 2983,703
 2996,699
 2963,056
 3026,811
 2928,294
 2963,704
 3000,070
 2910,378
 3004,228
 2962,447
 3078,965
 3017,702
 3001,915
 3007,089
 2982,440
 2981,859
 3043,087
 3057,736
 3042,036
 3081,261
 3036,297
 2974,717
 3045,537
 3013,110
 3038,948
 2987,571
 3074,881
 3044,299
 3019,853
 3051,897
 3043,262
 3017,448
 3067,930
 2986,394
 3025,048
 3062,414
 3021,982
 3036,204
 3021,977
 3105,027
 3032,605
 3038,066
 3082,910
 3131,912
 3056,178
 3025,855
 3070,092
 3071,787
 3090,212
 3096,257
 3099,848
 3079,699
 3095,988
 3099,463
 3128,707
 3104,930
 3120,927
 2995,669
 3075,287
 3089,926
 3181,259
 3059,808
 3127,978
 3188,495
 3112,492
 3072,589
 3095,954
 3112,635
 3088,564
 3155,778
 3147,497
 3101,682
 3164,956
 3150,286
 3145,432
 3157,231
 3127,402
 3157,272
 3069,254
 3101,872
 3170,608
 3174,362
 3145,764
 3132,083
 3096,039
 3157,234
 3203,702
 3170,293
 3157,365
 3169,846
 3188,642
 3157,398
 3181,455
 3189,765
 3148,784
 3174,817
 3205,228
 3156,881
 3219,973
 3139,474
 3218,676
 3170,501
 3169,308
 3175,054
 3200,343
 3209,318
 3163,125
 3110,415
 3184,402
 3236,568
 3171,545
 3205,478
 3217,007
 3275,195
 3201,154
 3196,731
 3268,926
 3236,982
 3226,262
 3204,093
 3171,559
 3266,785
 3210,884
 3212,127
 3229,013
 3311,829
 3262,443
 3193,748
 3270,298
 3244,574
 3232,697
 3238,046
 3282,583
 3259,266
 3268,589
 3299,528
 3276,894
 3320,065
 3260,813
 3290,308
 3250,879
 3286,387
 3255,875
 3320,239
 3313,077
 3339,590
 3292,044
 3264,070
 3330,190
 3317,409
 3350,124
 3286,408
 3301,360
 3349,338
 3318,647
 3299,850
 3338,603
 3380,759
 3253,128
 3383,458
 3364,313
 3342,775
 3410,088
 3323,936
 3340,514
 3386,229
 3329,725
 3382,853
 3340,617
 3374,436
 3397,913
 3296,991
 3386,706
 3414,270
 3341,388
 3402,708
 3365,480
 3402,698
 3403,498
 3348,256
 3362,601
 3385,335
 3380,454
 3384,078
 3375,680
 3405,835
 3397,749
 3361,590
 3404,695
 3410,920
 3413,953
 3393,252
 3405,955
 3425,393
 3397,663
 3371,848
 3394,298
 3354,006
 3436,136
 3382,932
 3449,175
 3390,427
 3471,918
 3397,853
 3439,701
 3379,931
 3429,720
 3455,312
 3408,689
 3430,786
 3466,775
 3469,579
 3553,858
 3400,895
 3420,732
 3451,047
 3522,844
 3521,958
 3421,949
 3447,997
 3507,995
 3437,362
 3479,517
 3472,705
 3490,342
 3476,540
 3473,477
 3425,399
 3502,724
 3467,990
 3519,490
 3544,435
 3505,408
 3471,613
 3489,262
 3463,879
 3572,559
 3437,429
 3516,421
 3507,246
 3464,324
 3437,693
 3440,056
 3586,462
 3525,930
 3546,009
 3501,179
 3584,672
 3482,065
 3500,699
 3523,162
 3484,573
 3524,110
 3562,548
 3444,951
 3576,788
 3468,310
 3583,044
 3498,298
 3513,403
 3561,164
 3641,961
 3494,154
 3548,027
 3529,028
 3491,281
 3587,952
 3599,496
 3540,562
 3584,631
 3592,784
 3586,086
 3535,494
 3578,806
 3605,142
 3533,139
 3575,888
 3602,811
 3623,864
 3525,440
 3626,830
 3626,135
 3604,291
 3587,561
 3524,769
 3588,827
 3517,823
 3553,014
 3630,762
 3588,882
 3647,984
 3574,823
 3580,999
 3595,349
 3618,595
 3684,672
 3661,069
 3609,051
 3644,066
 3705,276
 3621,557
 3629,176
 3666,271
 3599,935
 3619,591
 3617,119
 3585,814
 3609,149
 3647,924
 3631,330
 3618,791
 3612,666
 3620,871
 3674,297
 3569,852
 3634,417
 3604,304
 3618,269
 3570,695
 3664,062
 3648,071
 3612,327
 3655,819
 3690,854
 3722,500
 3658,469
 3676,738
 3668,836
 3671,740
 3691,864
 3678,870
 3693,631
 3682,174
 3679,267
 3673,595
 3632,456
 3670,183
 3736,190
 3679,689
 3663,791
 3741,056
 3704,197
 3674,583
 3678,248
 3787,763
 3721,224
 3695,320
 3778,242
 3705,093
 3756,629
 3736,092
 3679,692
 3688,833
 3718,260
 3732,943
 3765,465
 3692,080
 3737,717
 3696,519
 3751,780
 3788,952
 3727,739
 3699,450
 3729,658
 3682,530
 3632,495
 3772,320
 3683,430
 3793,547
 3728,462
 3739,230
 3771,934
 3759,518
 3767,926
 3731,306
 3760,050
 3801,192
 3799,142
 3728,481
 3763,904
 3743,872
 3766,533
 3817,923
 3726,997
 3763,535
 3719,517
 3774,010
 3739,712
 3763,679
 3737,341
 3750,613
 3782,873
 3741,443
 3724,353
 3782,789
 3761,303
 3861,783
 3763,359
 3843,696
 3862,140
 3785,606
 3807,587
 3757,884
 3735,818
 3797,651
 3776,038
 3781,214
 3744,048
 3772,522
 3781,308
 3793,741
 3848,345
 3854,910
 3860,518
 3867,499
 3818,947
 3854,620
 3850,674
 3788,697
 3849,990
 3822,434
 3882,759
 3848,500
 3840,253
 3838,918
 3755,460
 3890,828
 3918,705
 3873,269
 3837,916
 3832,264
 3877,906
 3844,832
 3860,664
 3905,270
 3868,449
 3894,373
 3804,174
 3786,014
 3850,277
 3914,575
 3806,920
 3824,557
 3845,076
 3876,635
 3862,146
 3855,777
 3878,411
 3789,248
 3849,057
 3919,432
 3962,366
 3880,203
 3885,739
 3867,467
 3922,120
 3866,902
 3863,667
 3926,815
 3864,096
 3955,997
 3929,891
 3937,443
 3890,066
 3878,119
 4003,605
 3871,222
 3942,170
 3913,004
 3875,656
 3939,281
 3931,601
 3971,310
 3932,849
 3913,471
 3848,436
 3887,638
 3931,373
 3883,856
 3897,194
 3948,827
 3917,524
 3964,108
 3923,319
 3972,952
 3957,916
 3910,219
 3987,528
 3960,922
 3917,749
 3956,340
 3959,652
 3948,828
 3992,254
 3958,865
 3954,618
 3993,853
 4021,245
 4013,128
 3898,458
 3951,317
 3977,432
 3906,104
 4044,070
 3991,612
 4028,968
 4032,063
 4061,020
 3979,785
 3956,979
 4048,932
 4023,457
 3980,246
 3946,574
 3983,671
 3968,804
 4004,962
 3985,777
 3990,125
 4033,001
 4089,308
 4044,562
 4018,480
 4124,846
 4048,350
 4006,647
 4001,831
 4029,387
 4029,725
 4144,499
 4019,083
 4047,985
 4033,493
 4037,941
 3977,521
 4072,647
 4096,979
 4076,456
 4053,578
 4070,497
 4074,241
 4046,871
 4062,584
 4059,919
 4114,580
 4077,771
 4109,534
 4114,894
 4077,697
 4071,440
 4112,779
 4096,391
 4159,427
 4072,659
 4035,082
 4015,679
 4116,003
 4124,532
 4130,789
 4136,206
 4108,705
 4129,706
 4089,785
 4194,183
 4180,213
 4051,038
 4151,663
 4125,896
 4068,441
 4156,671
 4177,394
 4197,165
 4114,895
 4143,357
 4131,966
 4115,783
 4155,161
 4143,627
 4196,491
 4152,523
 4123,320
 4142,206
 4202,174
 4183,184
 4183,885
 4125,372
 4220,191
 4168,800
 4296,642
 4206,214
 4270,190
 4223,900
 4232,971
 4191,598
 4162,307
 4266,359
 4233,790
 4207,216
 4212,863
 4253,406
 4232,098
 4198,308
 4246,824
 4165,655
 4217,752
 4206,321
 4273,611
 4164,238
 4274,812
 4129,042
 4253,504
 4347,381
 4210,826
 4214,198
 4265,722
 4217,220
 4247,091
 4296,136
 4239,932
 4323,907
 4242,605
 4280,354
 4298,028
 4295,763
 4343,577
 4336,691
 4336,304
 4264,690
 4315,143
 4257,629
 4225,739
 4364,177
 4320,683
 4318,160
 4318,941
 4355,958
 4352,423
 4276,046
 4385,656
 4283,702
 4346,415
 4358,900
 4339,917
 4366,164
 4376,193
 4367,546
 4329,817
 4382,112
 4318,322
 4385,657
 4360,786
 4343,736
 4408,958
 4406,078
 4374,062
 4411,187
 4374,992
 4345,587
 4386,288
 4363,697
 4397,116
 4474,733
 4388,546
 4401,215
 4506,887
 4425,954
 4340,178
 4441,066
 4416,568
 4501,034
 4405,015
 4421,423
 4432,787
 4458,345
 4494,889
 4453,449
 4397,432
 4504,191
 4425,944
 4395,481
 4465,205
 4403,479
 4443,237
 4465,264
 4449,968
 4392,759
 4486,535
 4579,047
 4467,401
 4455,394
 4443,876
 4447,006
 4452,433
 4511,032
 4486,067
 4524,252
 4450,924
 4511,326
 4504,864
 4488,954
 4578,865
 4505,648
 4517,680
 4514,096
 4546,281
 4488,348
 4491,070
 4482,716
 4537,508
 4500,716
 4517,584
 4552,590
 4501,435
 4531,244
 4577,196
 4534,259
 4542,841
 4630,765
 4549,511
 4541,761
 4542,310
 4557,853
 4526,318
 4468,727
 4530,175
 4546,828
 4550,699
 4506,475
 4574,204
 4554,846
 4603,897
 4526,010
 4588,885
 4573,223
 4578,372
 4676,190
 4601,747
 4546,295
 4597,103
 4541,958
 4585,092
 4549,351
 4590,066
 4614,664
 4580,004
 4583,701
 4603,917
 4579,084
 4553,058
 4616,748
 4617,656
 4667,485
 4636,891
 4643,960
 4669,485
 4703,973
 4613,245
 4618,305
 4646,467
 4687,548
 4644,241
 4647,806
 4690,320
 4591,974
 4616,113
 4592,879
 4790,250
 4663,310
 4689,083
 4674,817
 4714,876
 4646,809
 4757,407
 4630,072
 4720,079
 4734,492
 4580,094
 4661,624
 4666,621
 4663,942
 4680,470
 4610,846
 4611,014
 4636,341
 4742,199
 4704,178
 4690,184
 4687,779
 4699,232
 4682,359
 4705,716
 4698,069
 4728,286
 4659,526
 4750,524
 4690,379
 4674,622
 4761,861
 4715,314
 4682,718
 4728,013
 4742,583
 4746,441
 4706,915
 4660,794
 4710,266
 4737,091
 4757,465
 4705,491
 4695,095
 4763,303
 4748,490
 4705,267
 4695,703
 4741,454
 4705,811
 4760,644
 4756,191
 4687,016
 4725,574
 4817,342
 4752,278
 4756,307
 4710,631
 4693,603
 4820,295
 4849,489
 4757,661
 4735,607
 4759,734
 4798,353
 4789,445
 4792,071
 4766,343
 4737,306
 4840,255
 4714,329
 4754,286
 4787,632
 4744,732
 4744,265
 4770,820
 4769,802
 4775,212
 4826,267
 4767,513
 4820,774
 4732,116
 4803,895
 4899,072
 4789,282
 4831,266
 4841,383
 4738,974
 4821,421
 4846,728
 4854,382
 4794,907
 4772,377
 4843,463
 4876,937
 4830,828
 4849,250
 4830,715
 4881,632
 4887,041
 4843,667
 4828,464
 4850,204
 4793,951
 4897,803
 4789,047
 4806,120
 4833,980
 4863,415
 4850,695
 4797,437
 4898,920
 4810,355
 4814,230
 4810,829
 4871,685
 4829,022
 4911,966
 4880,147
 4849,063
 4858,134
 4903,572
 4842,906
 4868,859
 4886,422
 4798,836
 4863,572
 4970,324
 4928,800
 4890,380
 4865,820
 4901,755
 4942,980
 4882,641
 4967,963
 4926,252
 4904,034
 4973,857
 4958,981
 4955,366
 4954,610
 4970,260
 4939,053
 4900,093
 4990,458
 4927,990
 4944,195
 4965,450
 4914,801
 5049,774
 4968,989
 4958,703
 4961,799
 4970,891
 5044,700
 4981,575
 5044,019
 4948,285
 4971,097
 5034,964
 5020,789
 4956,486
 4955,674
 4950,332
 5046,677
 4993,338
 5075,711
 4993,730
 4986,886
 5098,875
 5003,949
 5074,557
 5036,541
 5061,500
 5033,827
 5037,688
 4993,118
 5021,538
 4990,285
 4993,139
 4970,826
 4917,939
 4977,835
 5006,880
 5054,036
 5117,958
 5060,132
 5047,347
 5028,494
 5030,608
 4929,125
 5031,333
 5019,312
 5102,135
 5030,387
 5046,646
 5063,969
 5057,577
 5127,909
 5085,080
 5045,348
 5086,113
 5057,304
 5034,857
 5001,793
 5040,270
 5174,950
 5086,056
 5019,982
 5109,356
 5071,805
 5107,008
 5037,578
 5033,273
 5038,763
 5094,030
 5086,640
 5032,751
 5048,078
 5138,247
 4998,702
 5056,824
 5118,596
 5076,930
 5041,687
 5042,210
 5107,762
 5172,934
 5089,076
 5132,891
 5080,442
 5102,312
 5117,115
 5095,678
 5057,045
 5096,890
 5078,375
 5050,604
 5152,519
 5057,054
 5110,480
 5090,553
 5057,387
 5053,623
 5087,776
 5149,221
 5096,749
 5080,648
 5022,880
 5040,730
 5123,763
 5053,407
 4992,911
 5037,386
 5134,544
 5052,109
 5071,218
 5097,938
 4965,949
 5044,654
 5040,614
 5109,886
 5115,972
 5118,611
 5091,944
 5079,895
 5102,228
 5101,988
 5037,357
 5038,659
 5106,563
 5132,954
 5059,624
 5081,739
 5117,907
 5102,889
 5116,125
 5181,735
 5046,392
 5050,970
 5022,579
 5112,690
 5124,135
 5119,531
 5090,160
 5082,886
 5024,331
 5038,829
 5013,391
 5089,469
 5078,258
 5064,542
 5070,839
 5051,240
 5031,301
 5063,857
 5137,950
 5086,572
 5079,828
 5125,853
 5124,712
 5104,148
 5038,965
 5045,948
 5077,604
 5142,274
 5101,475
 5085,882
 5142,003
 5137,320
 5160,603
 5211,734
 5125,257
 5126,884
 5131,851
 5158,474
 5102,456
 5183,865
 5175,583
 5126,843
 5140,220
 5220,384
 5182,181
 5160,899
 5185,407
 5167,118
 5147,106
 5143,715
 5186,934
 5232,536
 5158,128
 5105,352
 5162,891
 5188,143
 5238,717
 5162,533
 5199,140
 5163,918
 5196,852
 5192,101
 5261,459
 5164,506
 5217,535
 5112,576
 5245,536
 5153,739
 5246,176
 5187,777
 5208,296
 5170,557
 5245,485
 5167,858
 5258,156
 5281,532
 5221,448
 5178,220
 5170,097
 5224,178
 5213,107
 5195,652
 5255,946
 5261,489
 5349,349
 5209,995
 5318,880
 5207,146
 5289,316
 5258,684
 5272,055
 5288,705
 5265,829
 5166,179
 5289,664
 5264,132
 5283,195
 5289,056
 5232,424
 5265,937
 5237,144
 5291,800
 5326,074
 5395,350
 5313,949
 5249,677
 5249,885
 5307,554
 5316,502
 5389,041
 5326,315
 5310,615
 5296,766
 5346,249
 5245,779
 5324,691
 5333,618
 5349,212
 5324,874
 5386,287
 5273,729
 5277,593
 5242,004
 5320,180
 5344,081
 5267,028
 5265,566
 5412,275
 5379,424
 5345,989
 5414,356
 5327,053
 5363,956
 5358,785
 5377,719
 5370,853
 5420,206
 5381,386
 5435,158
 5401,205
 5411,016
 5429,030
 5459,150
 5388,623
 5407,339
 5398,266
 5417,783
 5426,518
 5384,435
 5409,479
 5449,751
 5409,664
 5475,260
 5439,691
 5343,458
 5526,993
 5462,456
 5436,405
 5419,102
 5500,993
 5436,176
 5388,072
 5447,325
 5488,117
 5456,793
 5495,481
 5416,023
 5395,930
 5410,495
 5492,909
 5510,504
 5520,229
 5427,870
 5439,740
 5467,480
 5479,143
 5500,355
 5496,249
 5422,177
 5493,080
 5487,002
 5488,505
 5466,044
 5499,671
 5470,351
 5533,800
 5518,794
 5438,517
 5481,714
 5455,378
 5488,521
 5477,784
 5504,154
 5484,448
 5475,557
 5433,200
 5461,028
 5520,968
 5443,224
 5569,871
 5491,955
 5448,466
 5433,028
 5483,604
 5553,193
 5539,341
 5546,845
 5535,368
 5517,804
 5466,341
 5606,109
 5524,348
 5558,822
 5494,295
 5573,878
 5629,157
 5589,858
 5498,390
 5469,944
 5520,641
 5606,039
 5561,688
 5517,364
 5597,309
 5489,515
 5459,356
 5513,441
 5552,184
 5545,812
 5542,416
 5509,182
 5602,565
 5614,334
 5532,437
 5586,308
 5571,960
 5558,893
 5551,297
 5562,821
 5579,637
 5513,114
 5493,559
 5583,820
 5556,795
 5549,591
 5501,668
 5536,155
 5620,305
 5581,265
 5548,114
 5565,965
 5579,299
 5616,765
 5517,846
 5524,609
 5610,973
 5626,437
 5543,042
 5652,939
 5566,745
 5585,745
 5564,266
 5615,114
 5597,695
 5617,214
 5610,465
 5577,606
 5580,902
 5706,427
 5536,928
 5590,284
 5618,810
 5591,202
 5658,890
 5570,168
 5549,084
 5672,655
 5576,286
 5583,543
 5703,064
 5594,499
 5580,629
 5727,813
 5593,304
 5603,182
 5646,861
 5583,994
 5570,175
 5596,562
 5645,677
 5561,424
 5657,714
 5641,267
 5578,210
 5496,885
 5600,759
 5648,809
 5649,280
 5496,068
 5644,418
 5662,761
 5644,757
 5545,471
 5613,726
 5613,651
 5616,419
 5623,204
 5482,997
 5643,038
 5599,714
 5571,124
 5573,344
 5610,676
 5564,537
 5576,353
 5591,187
 5595,655
 5619,327
 5592,529
 5502,055
 5626,694
 5581,509
 5574,110
 5652,499
 5643,772
 5578,593
 5587,330
 5597,114
 5587,958
 5556,264
 5616,494
 5579,054
 5573,393
 5627,671
 5694,555
 5643,956
 5579,534
 5549,357
 5604,270
 5555,099
 5595,960
 5604,323
 5565,416
 5666,841
 5566,466
 5611,409
 5605,644
 5519,486
 5619,783
 5545,463
 5656,429
 5586,371
 5574,798
 5572,977
 5602,491
 5552,477
 5624,162
 5583,409
 5595,046
 5538,584
 5582,721
 5454,222
 5568,756
 5555,567
 5511,984
 5532,512
 5590,536
 5583,001
 5576,139
 5630,689
 5537,241
 5574,495
 5612,067
 5558,085
 5591,550
 5541,666
 5575,264
 5489,046
 5576,837
 5547,160
 5547,535
 5510,685
 5510,808
 5572,508
 5585,095
 5564,988
 5497,577
 5518,871
 5624,682
 5564,513
 5459,456
 5582,890
 5567,507
 5503,867
 5459,716
 5534,778
 5497,799
 5544,104
 5565,407
 5555,278
 5451,212
 5525,489
 5449,322
 5555,982
 5529,914
 5520,957
 5505,633
 5516,510
 5485,294
 5596,351
 5615,617
 5440,607
 5470,725
 5510,605
 5553,875
 5529,792
 5518,279
 5484,781
 5505,759
 5510,513
 5516,337
 5518,560
 5620,138
 5495,946
 5462,339
 5450,051
 5545,321
 5467,864
 5464,966
 5499,254
 5479,704
 5519,667
 5455,234
 5402,704
 5488,412
 5470,788
 5527,217
 5450,051
 5483,147
 5397,994
 5474,550
 5543,068
 5505,947
 5461,639
 5434,395
 5453,786
 5477,385
 5458,555
 5513,475
 5394,920
 5417,812
 5479,656
 5440,985
 5484,618
 5369,255
 5464,592
 5388,221
 5423,961
 5376,566
 5448,667
 5439,220
 5375,357
 5382,457
 5460,716
 5514,812
 5449,300
 5434,733
 5414,514
 5491,069
 5402,059
 5472,715
 5423,323
 5415,340
 5450,897
 5435,634
 5434,968
 5441,700
 5499,023
 5386,244
 5427,234
 5322,911
 5431,928
 5365,798
 5416,603
 5368,721
 5429,726
 5514,181
 5447,311
 5408,705
 5366,550
 5474,265
 5353,024
 5398,192
 5359,651
 5375,844
 5348,473
 5390,370
 5314,281
 5354,525
 5409,876
 5332,089
 5395,057
 5426,312
 5384,030
 5376,959
 5296,810
 5346,891
 5360,325
 5402,522
 5335,554
 5295,772
 5356,427
 5343,128
 5305,064
 5287,974
 5276,512
 5388,375
 5297,839
 5290,723
 5274,455
 5383,619
 5283,379
 5308,183
 5299,206
 5295,872
 5270,753
 5335,608
 5277,270
 5294,976
 5283,350
 5276,754
 5348,368
 5265,047
 5296,204
 5275,803
 5187,106
 5319,144
 5186,519
 5281,385
 5264,584
 5392,548
 5262,442
 5327,647
 5197,411
 5328,291
 5280,581
 5261,636
 5295,836
 5258,061
 5299,748
 5278,950
 5190,260
 5318,148
 5217,085
 5293,368
 5249,758
 5235,199
 5321,181
 5291,193
 5254,977
 5266,525
 5194,613
 5095,595
 5177,378
 5170,496
 5205,332
 5253,616
 5291,135
 5215,778
 5183,739
 5214,263
 5247,310
 5131,070
 5211,185
 5270,466
 5160,675
 5170,346
 5209,733
 5163,149
 5191,889
 5176,134
 5151,581
 5136,791
 5185,034
 5176,321
 5041,834
 5123,911
 5190,094
 5132,758
 5158,623
 5158,039
 5186,338
 5149,961
 5166,538
 5164,873
 5109,813
 5204,003
 5114,179
 5165,721
 5171,494
 5117,464
 5177,976
 5159,502
 5139,733
 5074,473
 5125,819
 5132,756
 5100,519
 5118,946
 5148,295
 5071,349
 5114,037
 5143,922
 5147,110
 5036,990
 5048,858
 5023,652
 5030,272
 5110,827
 5085,382
 5076,548
 5070,157
 4933,072
 5026,625
 5072,793
 5047,437
 5039,162
 5067,591
 5034,065
 5060,441
 5070,423
 5059,650
 5010,255
 5010,443
 5019,308
 5016,684
 5001,276
 4987,396
 4985,603
 5018,221
 4973,838
 5058,263
 5047,030
 4957,065
 4934,788
 5034,106
 5040,753
 4940,226
 4999,166
 5038,835
 4958,756
 4959,524
 4980,827
 4938,734
 4975,116
 5001,192
 4959,210
 4963,257
 4889,927
 4954,385
 5020,470
 4990,108
 4934,179
 4987,720
 4973,520
 4962,284
 4949,986
 4971,324
 4966,635
 4912,172
 4942,313
 4887,982
 4896,439
 4912,172
 4956,209
 4973,317
 4891,292
 4886,785
 4891,913
 4944,516
 4939,917
 4869,676
 4867,674
 4871,423
 4861,557
 4827,375
 4887,744
 4863,460
 4868,556
 4827,136
 4855,904
 4912,593
 4935,761
 4906,984
 4853,464
 4879,523
 4880,461
 4887,234
 4816,111
 4821,541
 4766,231
 4824,095
 4890,889
 4910,052
 4831,424
 4898,517
 4802,413
 4793,402
 4780,341
 4730,356
 4884,076
 4805,760
 4795,362
 4819,999
 4755,041
 4816,969
 4793,009
 4768,812
 4801,205
 4773,721
 4799,612
 4738,033
 4801,037
 4874,570
 4749,077
 4748,581
 4808,708
 4746,061
 4811,047
 4696,523
 4772,475
 4788,599
 4696,312
 4695,492
 4720,329
 4797,996
 4724,513
 4771,057
 4687,843
 4797,811
 4746,939
 4684,199
 4649,504
 4713,975
 4762,105
 4719,086
 4687,512
 4760,017
 4707,924
 4746,453
 4683,805
 4690,892
 4717,533
 4678,110
 4681,676
 4706,968
 4692,174
 4685,687
 4770,745
 4701,548
 4653,641
 4698,384
 4652,203
 4661,529
 4673,722
 4645,283
 4632,509
 4721,550
 4619,648
 4668,239
 4635,807
 4642,964
 4639,277
 4574,030
 4611,853
 4594,571
 4607,415
 4649,737
 4636,048
 4600,674
 4643,733
 4631,149
 4617,084
 4585,992
 4591,451
 4614,800
 4605,335
 4569,162
 4472,155
 4526,886
 4581,038
 4496,685
 4563,594
 4465,119
 4572,644
 4509,970
 4507,651
 4577,738
 4525,080
 4535,575
 4488,703
 4553,519
 4533,846
 4548,433
 4513,464
 4542,833
 4455,606
 4479,996
 4479,594
 4484,769
 4526,123
 4514,667
 4495,788
 4472,841
 4432,817
 4418,170
 4446,136
 4462,333
 4444,999
 4469,041
 4411,678
 4502,019
 4463,717
 4393,880
 4442,941
 4409,237
 4399,154
 4413,986
 4460,749
 4404,121
 4439,491
 4414,512
 4471,583
 4425,232
 4484,116
 4446,691
 4435,043
 4465,458
 4374,763
 4444,480
 4409,486
 4324,698
 4405,807
 4429,280
 4319,018
 4311,888
 4299,965
 4354,152
 4343,054
 4308,408
 4346,855
 4294,113
 4341,151
 4325,674
 4366,842
 4401,963
 4389,467
 4326,657
 4302,108
 4294,134
 4404,007
 4280,607
 4326,881
 4278,288
 4280,335
 4281,028
 4309,985
 4214,917
 4336,661
 4257,028
 4274,882
 4271,599
 4282,485
 4267,504
 4301,701
 4203,726
 4217,503
 4268,181
 4221,422
 4196,033
 4267,603
 4300,513
 4275,872
 4185,397
 4290,516
 4215,334
 4239,853
 4238,659
 4243,563
 4277,995
 4226,726
 4160,179
 4137,207
 4152,057
 4231,589
 4178,257
 4160,905
 4191,036
 4175,835
 4170,421
 4211,594
 4120,638
 4157,305
 4152,130
 4111,172
 4115,043
 4083,143
 4109,912
 4101,719
 4100,870
 4164,542
 4099,155
 4133,096
 4151,598
 4132,941
 4137,981
 4109,992
 4076,544
 4085,396
 4054,883
 4143,204
 4123,214
 4095,648
 4079,959
 4135,810
 4112,086
 4078,810
 4035,531
 4039,515
 4136,044
 4089,713
 4130,046
 4063,914
 4022,072
 4032,104
 4067,407
 4144,659
 3994,633
 4091,521
 4094,308
 4013,730
 4017,232
 4059,449
 4107,845
 4090,058
 4092,037
 4038,385
 4057,262
 4045,899
 4063,135




























































































































































































































































































































































































































































































































































































































































































































































































































































































































































































































































































































































































































































































































































































































































































































































































































































































































































































































































































































































































































































































































































































































































































































































































































































































































































































































































































































































































































































































































































































































































































































































































































































































































































































































































































































































































































































































































































































































































































































































































































































































































































































































































































































































































































































































































































































































































































































































































































































































































































































































































































































































































































































































































































































































































































































































































































































































































































































































































































































































































































































































































































































































































































































































































































































































































































































































































































































































































































































































































































































































































































































































































































































































































































































































































































































































































































































































































































































































































































































































































































































































































































































































































































































































































































































































































































































































































































































































































































































































































































































































































































































































































































































































































































































































































































































































































































































































































































































































































































































































































































































































































































































































































































































































































































































































































































































































































































































































































































































































































































































































































































































































































































































































































































































































































































































































































































































































































































































































































































































































































































































































































































































































































































































































































































































































































































































































































































































































































































































































































































































































































































































































































































































































































































































































































































































































































































































































































































































































































































































































































































































































































































































































































































































































































































































































































































































































































































































































































































































































































































































































































































































































































































































































































































































































































































































































































































































































































































































































































































































































































































































































































































































































































































































































































































































































































































































































































































































































































































































































































































































































































































































































































































































































































































































































































































































































































































































































































































































































































































































































































































































































































































































































































































































































































































































































































































































































































































































































































































































































































































































































































































































































































































































































































































































































































































































































































































































































































































































































































































































































































































































































































































































































































































































































































































































































































































































































































































































































































































































































































































































































































































































































































































































































































































































































































































































































































































































































































































































































































































































































































































































































































































































































































































































































































































































































































































































































































































































































































































































































































































































































































































































































































































































































































































































































































































































































































































































































































































































































































































































































































































































































































































































































































































































































































































































































































































































































































































































































































































































































































































































































































































































































































































































































































































































































































































































































































































































































































































































































































































































































































































































































































































































































































































































































































































































































































































































































































































































































































































































































































































































































































































































































































































































































































































































































































































































































































































































































































































































































































































































































































































































































































































































































































































































































































































































































































































































































































































































































































































































































































































































































































































































































































































































































































































































































































































































































































































































































































































































































































































































































































































































































































































































































































































































































































