 628,195
 643,370
 612,204
 676,796
 641,337
 653,323
 629,460
 624,420
 657,448
 581,529
 623,752
 642,640
 645,609
 659,018
 641,998
 621,422
 631,563
 645,385
 633,581
 621,605
 637,716
 664,772
 649,134
 599,092
 630,451
 608,389
 661,819
 626,837
 629,222
 642,052
 662,375
 626,047
 601,856
 647,779
 659,994
 633,449
 601,232
 634,466
 621,754
 629,272
 592,773
 647,496
 631,553
 637,110
 611,276
 618,825
 636,567
 597,025
 651,071
 616,521
 631,417
 592,812
 624,053
 632,531
 602,344
 615,852
 636,050
 620,062
 642,490
 585,596
 643,012
 619,756
 608,975
 604,831
 608,869
 631,143
 640,246
 620,135
 646,653
 602,339
 638,256
 648,058
 662,476
 693,175
 621,843
 619,780
 605,776
 640,131
 605,736
 624,953
 663,874
 622,907
 653,673
 653,100
 585,428
 615,998
 592,142
 633,026
 597,000
 638,464
 644,650
 620,060
 619,852
 659,400
 647,166
 599,094
 648,986
 609,777
 586,428
 631,163
 629,761
 632,013
 619,825
 640,356
 634,116
 600,680
 625,917
 601,999
 588,491
 641,654
 605,624
 598,798
 653,212
 602,888
 644,282
 621,158
 610,630
 620,308
 588,809
 593,768
 632,545
 620,907
 609,097
 649,303
 607,976
 637,094
 623,232
 586,505
 609,952
 657,958
 609,521
 625,404
 643,641
 604,569
 654,219
 590,447
 638,051
 598,435
 631,014
 614,055
 607,923
 616,825
 605,373
 588,161
 634,684
 619,108
 597,507
 624,010
 620,202
 601,730
 603,305
 594,152
 627,631
 596,188
 607,784
 609,137
 601,577
 638,383
 607,392
 667,014
 570,186
 608,964
 594,552
 592,217
 603,456
 597,856
 564,384
 606,538
 585,823
 639,740
 565,638
 617,042
 572,950
 596,359
 621,241
 592,805
 592,070
 632,772
 592,453
 603,258
 589,921
 597,819
 606,256
 624,355
 624,423
 581,628
 613,821
 575,375
 625,095
 615,422
 598,118
 602,369
 581,791
 576,256
 545,137
 608,001
 578,223
 581,315
 589,996
 646,653
 602,679
 583,749
 579,388
 594,818
 569,621
 593,450
 623,504
 574,684
 586,026
 561,001
 546,263
 606,944
 552,515
 573,472
 594,929
 562,032
 584,680
 561,854
 568,250
 590,840
 587,784
 556,471
 571,300
 571,080
 569,338
 566,570
 567,132
 590,179
 563,719
 607,243
 548,034
 578,079
 531,510
 613,380
 573,130
 572,524
 588,455
 588,573
 556,517
 554,806
 536,833
 602,596
 587,891
 554,432
 574,497
 583,594
 518,357
 554,320
 582,226
 547,959
 532,031
 541,492
 539,298
 559,143
 529,880
 537,227
 549,902
 534,952
 552,127
 570,604
 544,158
 537,378
 523,378
 569,887
 553,498
 551,573
 584,693
 555,767
 532,762
 529,919
 528,385
 542,580
 538,285
 534,233
 540,254
 541,945
 534,246
 570,088
 501,598
 542,951
 540,753
 557,018
 515,840
 526,508
 532,433
 555,235
 565,817
 551,978
 548,504
 515,791
 558,492
 558,874
 523,714
 491,808
 554,130
 535,901
 519,026
 516,862
 518,179
 505,642
 541,020
 544,078
 516,223
 526,632
 543,798
 554,687
 525,018
 516,084
 539,838
 524,522
 543,456
 515,281
 509,720
 551,465
 505,369
 542,647
 512,430
 526,305
 492,114
 524,994
 537,612
 546,345
 545,983
 497,303
 503,470
 524,418
 537,689
 556,187
 536,389
 508,452
 513,002
 527,466
 534,824
 531,814
 480,865
 492,993
 526,859
 526,312
 554,614
 512,221
 497,418
 550,672
 482,286
 519,138
 537,638
 500,052
 535,001
 495,898
 516,315
 511,659
 521,259
 488,062
 538,252
 555,272
 490,517
 487,501
 503,537
 514,769
 506,696
 501,336
 507,636
 487,377
 527,790
 518,960
 507,506
 495,305
 533,673
 507,352
 508,825
 479,322
 488,413
 478,990
 502,892
 483,597
 481,211
 490,086
 459,212
 479,206
 504,960
 485,869
 526,219
 479,569
 533,787
 493,879
 481,147
 487,044
 466,172
 482,252
 497,135
 493,473
 492,941
 511,542
 493,228
 530,438
 515,913
 508,857
 516,514
 499,690
 495,189
 478,345
 501,133
 471,600
 486,029
 495,076
 485,198
 490,315
 545,501
 498,346
 501,905
 490,245
 468,199
 524,657
 492,309
 490,016
 509,030
 504,349
 496,559
 484,480
 526,599
 500,965
 489,556
 489,890
 489,918
 469,639
 488,821
 468,598
 520,079
 453,613
 471,867
 515,272
 505,255
 529,709
 490,700
 498,147
 464,337
 468,701
 505,105
 487,109
 469,624
 467,656
 467,250
 491,544
 481,342
 490,316
 485,447
 465,635
 516,400
 521,989
 501,568
 460,374
 473,079
 489,268
 479,775
 451,552
 482,034
 507,917
 505,354
 503,574
 504,498
 494,518
 491,864
 503,530
 466,927
 464,385
 484,099
 497,782
 472,136
 464,120
 462,246
 478,355
 490,416
 515,555
 472,568
 461,167
 497,519
 452,674
 492,368
 475,190
 472,443
 464,650
 481,439
 458,039
 481,157
 511,002
 478,380
 487,927
 463,674
 491,673
 487,311
 483,680
 494,956
 468,440
 518,424
 483,856
 474,246
 512,757
 478,442
 476,130
 489,402
 504,506
 491,804
 475,920
 490,018
 494,391
 459,120
 499,351
 460,519
 490,355
 450,340
 468,985
 493,505
 469,724
 484,710
 490,118
 482,692
 465,626
 483,675
 487,249
 473,396
 517,941
 501,786
 494,428
 496,637
 503,641
 456,031
 478,667
 501,041
 461,608
 505,071
 487,797
 493,122
 466,556
 478,471
 466,270
 473,767
 458,511
 470,602
 499,492
 458,550
 486,861
 474,631
 466,614
 496,616
 495,566
 483,636
 469,873
 497,813
 464,992
 452,457
 495,958
 481,544
 500,041
 498,042
 481,688
 513,608
 503,775
 503,416
 509,889
 456,021
 499,709
 483,898
 471,131
 495,253
 460,259
 521,060
 490,900
 484,315
 498,646
 494,438
 489,297
 480,514
 431,307
 483,411
 482,238
 480,905
 463,655
 486,067
 471,902
 479,500
 489,183
 483,553
 497,065
 511,339
 471,873
 464,830
 493,808
 490,710
 505,918
 477,406
 477,410
 461,789
 493,951
 472,435
 468,812
 478,893
 491,142
 469,471
 469,617
 499,955
 496,701
 484,942
 471,837
 453,820
 483,868
 472,216
 498,635
 481,589
 480,124
 480,258
 496,658
 483,090
 491,610
 473,552
 461,567
 463,628
 509,188
 490,278
 459,013
 464,455
 489,972
 497,101
 451,597
 481,346
 457,777
 459,783
 441,373
 506,174
 451,832
 463,890
 501,428
 452,426
 446,803
 487,178
 490,295
 456,659
 490,917
 440,576
 492,151
 469,915
 481,075
 488,244
 513,683
 472,397
 476,755
 489,777
 450,550
 500,371
 485,668
 482,000
 472,737
 453,113
 490,741
 499,815
 492,167
 498,187
 474,057
 508,591
 484,783
 494,447
 493,011
 481,424
 494,424
 478,575
 503,165
 501,945
 454,393
 473,286
 478,058
 482,882
 469,580
 476,359
 453,618
 464,506
 509,051
 457,129
 472,633
 498,696
 472,195
 483,485
 486,419
 477,961
 503,070
 466,159
 483,362
 483,452
 512,451
 484,702
 450,279
 477,323
 479,317
 465,164
 482,824
 484,282
 485,102
 470,457
 456,669
 495,388
 511,631
 488,559
 471,317
 481,793
 508,098
 457,190
 473,426
 464,271
 477,958
 497,867
 477,142
 505,651
 473,955
 494,103
 479,832
 464,286
 494,951
 479,281
 485,376
 468,113
 481,800
 495,286
 480,699
 530,772
 459,546
 475,796
 480,020
 464,995
 472,950
 462,884
 508,931
 494,676
 510,821
 467,678
 469,261
 480,261
 487,783
 477,566
 488,696
 490,207
 475,631
 510,563
 512,084
 489,226
 489,692
 498,243
 465,645
 471,233
 482,995
 443,510
 509,182
 507,626
 514,214
 489,366
 475,485
 501,515
 513,547
 482,371
 491,211
 509,434
 501,718
 455,306
 432,644
 489,818
 488,432
 477,474
 467,285
 510,024
 465,930
 481,193
 427,079
 482,760
 462,985
 483,616
 491,477
 462,232
 501,052
 479,003
 497,030
 496,495
 492,452
 482,364
 492,667
 486,582
 476,831
 492,020
 488,518
 492,822
 536,235
 507,965
 516,341
 495,043
 505,659
 502,000
 503,737
 499,159
 460,508
 484,403
 502,625
 471,214
 486,616
 484,134
 496,410
 495,071
 486,599
 511,556
 480,753
 477,262
 475,667
 505,154
 492,428
 454,202
 496,681
 520,484
 508,655
 477,769
 509,987
 472,333
 498,559
 508,761
 463,683
 492,206
 438,764
 504,780
 488,179
 490,209
 514,611
 501,450
 484,641
 507,471
 484,358
 468,449
 456,184
 522,300
 486,670
 485,833
 507,174
 496,771
 528,640
 525,993
 481,806
 491,118
 468,974
 494,631
 493,278
 480,557
 487,647
 520,331
 499,785
 487,264
 517,747
 488,248
 486,050
 494,494
 512,671
 484,738
 498,310
 489,685
 502,875
 499,803
 488,894
 503,879
 519,612
 492,219
 497,423
 462,211
 527,373
 480,519
 444,940
 472,355
 461,684
 525,566
 510,143
 507,464
 496,106
 494,043
 497,510
 493,766
 467,815
 528,880
 511,916
 482,742
 465,608
 498,212
 467,311
 519,222
 488,835
 515,030
 523,715
 506,216
 517,898
 498,323
 491,027
 466,817
 492,490
 510,195
 456,799
 479,938
 512,764
 515,103
 471,477
 474,592
 502,632
 508,474
 512,941
 506,059
 524,393
 530,004
 528,441
 512,410
 521,420
 488,026
 525,943
 514,495
 484,374
 508,912
 515,574
 523,009
 473,358
 514,876
 502,234
 523,349
 509,971
 499,267
 492,112
 523,804
 453,462
 507,889
 489,543
 501,496
 531,997
 504,831
 540,081
 500,009
 496,414
 514,305
 511,964
 500,120
 519,770
 492,164
 489,605
 491,411
 496,275
 512,090
 521,739
 496,752
 549,999
 490,630
 502,997
 507,421
 528,569
 463,685
 497,931
 539,311
 486,404
 472,846
 516,348
 508,098
 514,863
 529,107
 525,710
 519,860
 509,408
 499,506
 486,440
 503,668
 508,375
 509,870
 506,350
 534,925
 522,807
 529,624
 546,725
 503,641
 513,213
 519,277
 538,126
 513,190
 534,405
 540,385
 508,693
 521,051
 528,044
 535,836
 513,479
 525,579
 511,844
 503,084
 547,535
 541,256
 531,329
 519,636
 502,736
 486,149
 517,621
 520,568
 539,057
 503,734
 517,448
 509,609
 521,281
 494,962
 530,318
 491,193
 521,892
 528,343
 559,031
 513,610
 541,880
 551,731
 526,057
 525,402
 555,566
 540,073
 533,632
 551,343
 538,718
 508,983
 517,842
 529,144
 544,957
 536,851
 533,063
 559,795
 552,520
 493,223
 567,379
 515,221
 537,951
 534,869
 547,043
 533,229
 508,401
 537,983
 547,032
 572,555
 527,462
 511,208
 524,330
 563,995
 569,044
 530,906
 522,795
 535,239
 540,982
 523,952
 538,237
 558,717
 576,155
 511,879
 564,802
 534,665
 534,763
 524,525
 563,468
 537,332
 530,696
 546,784
 529,739
 527,992
 535,632
 543,752
 557,420
 527,043
 551,800
 530,971
 548,509
 571,596
 530,297
 535,788
 597,930
 537,171
 587,059
 565,681
 566,826
 539,519
 552,984
 545,229
 566,241
 567,422
 566,667
 556,803
 552,835
 532,609
 573,829
 573,075
 562,858
 552,263
 562,611
 581,514
 566,584
 547,317
 552,354
 523,069
 599,480
 557,401
 528,146
 567,413
 623,780
 593,206
 593,651
 554,956
 564,562
 560,265
 573,792
 573,957
 570,852
 563,596
 577,215
 591,679
 571,664
 594,975
 588,241
 600,197
 589,744
 594,161
 616,322
 589,047
 570,594
 580,547
 610,198
 546,499
 589,808
 608,237
 590,490
 574,038
 594,102
 595,641
 615,223
 586,495
 608,292
 588,010
 629,843
 602,081
 624,679
 593,354
 580,514
 622,000
 611,344
 601,735
 605,979
 620,468
 639,093
 589,141
 636,411
 620,738
 641,579
 594,077
 635,524
 601,403
 604,117
 614,801
 606,608
 609,742
 667,510
 638,916
 613,077
 612,724
 648,264
 621,812
 666,929
 644,694
 632,127
 662,707
 632,259
 643,478
 636,013
 650,489
 651,007
 659,084
 633,590
 692,869
 666,505
 692,434
 690,405
 669,345
 676,873
 677,382
 718,196
 657,566
 697,186
 668,733
 721,442
 683,751
 685,695
 726,362
 713,057
 713,217
 723,920
 688,947
 700,474
 617,568
 736,822
 707,538
 728,892
 684,923
 727,528
 723,049
 712,329
 764,377
 746,201
 706,184
 701,002
 733,375
 696,111
 747,703
 759,562
 735,349
 759,576
 739,030
 718,880
 780,269
 773,450
 763,904
 781,191
 756,712
 774,515
 745,137
 797,954
 791,941
 788,820
 766,748
 797,480
 783,692
 818,285
 826,665
 804,588
 825,502
 798,858
 821,877
 839,604
 829,711
 858,783
 848,729
 810,139
 876,016
 863,714
 841,958
 824,091
 853,231
 851,458
 894,455
 876,718
 863,837
 873,410
 858,713
 862,969
 863,049
 908,325
 890,210
 904,408
 871,199
 909,146
 908,714
 912,274
 911,035
 890,516
 948,447
 917,796
 906,535
 976,262
 948,762
 943,109
 948,271
 956,828
 1050,918
 946,818
 967,363
 993,555
 1019,865
 912,897
 963,086
 986,786
 968,248
 1023,268
 964,490
 1051,806
 1036,066
 1030,491
 1006,227
 1021,370
 1059,339
 1031,317
 1015,602
 1071,314
 1082,680
 1030,730
 1044,258
 1046,925
 1095,360
 1080,058
 1051,070
 1065,466
 1097,693
 1107,359
 1128,699
 1125,462
 1084,802
 1064,169
 1056,716
 1107,745
 1150,463
 1127,774
 1162,744
 1196,606
 1089,596
 1140,955
 1179,358
 1180,719
 1212,062
 1197,438
 1205,504
 1211,250
 1189,697
 1175,061
 1215,680
 1223,756
 1219,494
 1231,854
 1280,243
 1217,304
 1243,980
 1217,372
 1236,907
 1272,155
 1235,285
 1294,475
 1268,242
 1300,975
 1284,141
 1255,566
 1334,684
 1307,535
 1315,970
 1293,635
 1321,100
 1384,473
 1354,047
 1334,968
 1372,098
 1368,783
 1425,115
 1328,643
 1389,941
 1356,028
 1362,344
 1379,692
 1406,347
 1384,509
 1391,727
 1390,251
 1425,797
 1440,749
 1433,118
 1450,153
 1438,818
 1439,834
 1493,995
 1484,914
 1431,964
 1440,259
 1491,773
 1462,857
 1484,562
 1512,318
 1484,734
 1485,568
 1568,541
 1488,064
 1551,238
 1529,071
 1542,866
 1538,324
 1506,310
 1517,492
 1532,616
 1543,420
 1632,526
 1571,389
 1567,674
 1639,023
 1572,749
 1588,585
 1587,799
 1670,489
 1615,203
 1667,564
 1632,786
 1622,542
 1649,119
 1663,868
 1668,437
 1645,965
 1638,421
 1689,250
 1708,542
 1653,509
 1700,883
 1697,402
 1750,339
 1685,388
 1726,026
 1781,466
 1690,696
 1705,936
 1765,012
 1729,699
 1739,409
 1746,845
 1734,628
 1763,883
 1793,911
 1759,753
 1792,564
 1714,307
 1822,231
 1823,485
 1812,355
 1840,810
 1775,287
 1820,137
 1828,331
 1805,706
 1859,891
 1853,229
 1936,307
 1886,771
 1848,003
 1899,690
 1921,613
 1867,349
 1891,122
 1855,444
 1906,913
 1907,679
 1914,708
 1973,505
 1956,778
 1931,175
 1921,628
 1947,115
 2027,630
 1955,576
 1904,458
 1934,542
 1990,265
 1995,465
 1998,990
 1968,948
 2053,163
 2047,185
 1991,147
 2001,011
 2002,668
 1986,532
 2013,756
 2032,463
 2029,421
 2030,858
 2000,083
 2050,397
 2018,255
 2053,327
 2064,647
 2070,677
 2036,160
 2068,276
 2024,816
 2034,175
 2108,591
 2082,478
 2089,705
 2085,706
 2158,226
 2141,564
 2160,399
 2137,938
 2092,061
 2124,930
 2123,620
 2147,709
 2188,390
 2140,957
 2197,468
 2185,544
 2128,395
 2183,738
 2155,538
 2183,754
 2200,128
 2156,129
 2236,903
 2170,769
 2207,356
 2216,042
 2205,133
 2219,427
 2260,179
 2230,408
 2274,084
 2270,591
 2249,844
 2269,993
 2190,084
 2236,606
 2284,872
 2278,959
 2249,948
 2301,868
 2277,914
 2273,186
 2243,388
 2315,126
 2329,852
 2315,125
 2349,321
 2358,263
 2349,297
 2348,250
 2327,486
 2328,550
 2348,470
 2344,301
 2343,103
 2319,184
 2355,360
 2353,588
 2333,256
 2339,322
 2271,921
 2387,600
 2432,153
 2456,242
 2344,970
 2425,634
 2404,275
 2431,246
 2401,964
 2429,832
 2456,299
 2487,727
 2400,498
 2378,003
 2424,146
 2447,852
 2433,342
 2392,930
 2409,134
 2441,570
 2500,628
 2435,091
 2481,621
 2430,052
 2527,692
 2543,176
 2472,490
 2491,915
 2555,501
 2486,568
 2495,122
 2482,124
 2505,993
 2432,219
 2482,462
 2505,359
 2508,287
 2538,500
 2476,696
 2523,196
 2504,994
 2526,510
 2527,167
 2559,090
 2516,549
 2569,203
 2535,930
 2539,045
 2546,525
 2573,424
 2559,681
 2535,627
 2567,628
 2552,753
 2581,498
 2591,696
 2542,465
 2495,968
 2581,581
 2574,145
 2567,016
 2598,162
 2602,973
 2602,009
 2593,577
 2597,977
 2619,056
 2646,193
 2658,369
 2552,910
 2677,832
 2603,071
 2577,042
 2621,600
 2682,640
 2629,308
 2706,856
 2638,781
 2667,358
 2654,575
 2686,508
 2603,696
 2621,685
 2675,267
 2671,893
 2714,356
 2728,459
 2712,440
 2647,037
 2741,887
 2682,153
 2704,169
 2731,434
 2669,104
 2665,282
 2718,115
 2744,697
 2681,995
 2699,325
 2730,966
 2718,516
 2668,423
 2750,572
 2685,837
 2759,314
 2745,633
 2779,531
 2733,324
 2763,634
 2802,744
 2771,737
 2780,108
 2751,150
 2779,822
 2760,491
 2843,087
 2854,320
 2790,737
 2776,868
 2788,515
 2745,296
 2831,337
 2833,774
 2829,019
 2825,822
 2776,826
 2800,202
 2899,454
 2817,871
 2882,764
 2859,996
 2912,334
 2796,246
 2861,116
 2857,045
 2890,864
 2786,592
 2758,924
 2842,542
 2829,084
 2882,134
 2825,944
 2852,761
 2828,940
 2830,138
 2824,040
 2819,521
 2849,209
 2889,007
 2914,750
 2952,678
 2816,691
 2893,725
 2869,195
 2910,879
 2926,078
 2887,496
 2974,558
 2926,384
 2960,817
 2936,632
 2923,504
 2881,816
 2931,069
 2925,321
 2945,268
 2884,429
 2924,583
 2940,579
 2930,647
 2925,744
 2928,095
 2949,632
 2912,723
 2897,696
 2985,337
 2932,098
 2967,564
 2942,788
 2957,866
 2981,375
 2999,631
 2993,842
 2941,792
 3011,429
 3013,817
 2962,975
 2983,962
 3063,078
 2928,260
 3007,873
 2988,714
 2982,510
 2991,834
 2931,058
 3030,000
 3017,109
 3072,953
 3034,884
 3071,230
 3008,591
 3083,996
 3081,620
 2990,993
 3025,426
 3089,054
 3039,359
 3070,928
 3061,380
 3091,489
 3015,769
 3050,387
 3029,113
 3031,265
 3083,573
 3097,264
 3129,266
 3091,257
 3075,601
 3077,172
 3031,762
 3141,154
 3100,784
 3131,619
 3101,139
 3077,819
 3142,067
 3127,837
 3076,535
 3072,851
 3063,430
 3123,153
 3120,262
 3112,637
 3178,053
 3175,958
 3108,742
 3210,043
 3157,727
 3119,920
 3107,070
 3146,419
 3084,312
 3074,937
 3139,461
 3165,657
 3205,442
 3116,295
 3140,668
 3127,594
 3096,812
 3123,640
 3154,887
 3288,795
 3169,351
 3165,215
 3167,071
 3173,108
 3151,042
 3162,380
 3230,423
 3184,944
 3137,830
 3190,590
 3178,970
 3130,301
 3162,840
 3239,187
 3186,993
 3216,328
 3252,036
 3151,616
 3195,065
 3217,274
 3193,714
 3244,576
 3183,114
 3218,284
 3294,544
 3244,747
 3238,966
 3251,977
 3254,712
 3265,615
 3224,042
 3235,991
 3209,337
 3235,748
 3245,942
 3276,355
 3268,997
 3234,206
 3260,817
 3283,969
 3256,371
 3273,621
 3268,651
 3283,560
 3312,874
 3274,393
 3279,920
 3284,735
 3253,345
 3322,976
 3297,346
 3276,669
 3332,756
 3263,620
 3284,776
 3348,851
 3361,728
 3337,240
 3279,769
 3332,424
 3286,210
 3322,048
 3325,663
 3241,630
 3370,704
 3318,218
 3294,397
 3344,735
 3321,744
 3288,906
 3322,539
 3278,206
 3283,754
 3311,308
 3347,868
 3378,647
 3414,224
 3333,513
 3364,578
 3370,591
 3288,746
 3276,233
 3427,072
 3370,235
 3389,751
 3344,074
 3394,213
 3354,740
 3329,158
 3413,959
 3401,015
 3382,200
 3339,209
 3344,753
 3362,079
 3439,359
 3345,077
 3367,755
 3351,532
 3442,184
 3379,344
 3415,313
 3405,654
 3469,125
 3361,831
 3414,429
 3426,867
 3444,379
 3426,078
 3411,759
 3414,901
 3414,417
 3400,806
 3459,629
 3503,292
 3396,482
 3436,368
 3477,869
 3419,418
 3473,037
 3434,933
 3513,848
 3478,959
 3427,917
 3461,660
 3490,345
 3422,803
 3378,706
 3445,728
 3482,790
 3449,786
 3504,612
 3492,030
 3376,643
 3456,406
 3472,864
 3468,032
 3496,673
 3523,028
 3493,237
 3435,091
 3510,357
 3504,267
 3529,776
 3402,269
 3472,459
 3526,622
 3509,755
 3488,822
 3486,410
 3563,339
 3556,263
 3533,539
 3535,983
 3563,022
 3432,919
 3501,301
 3591,155
 3565,849
 3538,033
 3514,186
 3510,942
 3547,733
 3555,049
 3470,249
 3491,133
 3583,092
 3541,251
 3621,013
 3487,826
 3540,290
 3473,697
 3483,902
 3494,586
 3579,190
 3568,105
 3568,549
 3520,601
 3484,493
 3560,148
 3557,546
 3560,621
 3570,629
 3581,944
 3600,175
 3514,031
 3584,152
 3566,647
 3573,273
 3567,446
 3591,065
 3527,231
 3594,330
 3547,537
 3597,778
 3547,860
 3561,519
 3550,543
 3572,881
 3562,384
 3616,559
 3543,587
 3629,479
 3620,633
 3552,405
 3611,463
 3609,938
 3577,443
 3606,201
 3656,164
 3613,719
 3581,825
 3581,155
 3670,918
 3657,400
 3640,466
 3593,550
 3600,770
 3673,638
 3613,278
 3592,496
 3669,848
 3609,822
 3662,396
 3661,840
 3649,018
 3664,183
 3668,434
 3655,380
 3750,855
 3671,543
 3639,056
 3672,497
 3705,015
 3635,088
 3687,117
 3641,461
 3616,915
 3705,489
 3654,625
 3698,340
 3665,466
 3670,527
 3641,391
 3695,770
 3653,685
 3685,082
 3659,237
 3642,896
 3706,230
 3643,884
 3575,207
 3714,836
 3691,480
 3669,840
 3689,389
 3687,516
 3760,582
 3688,203
 3675,826
 3718,121
 3650,804
 3655,179
 3772,795
 3767,397
 3723,190
 3769,140
 3687,243
 3746,265
 3689,682
 3724,677
 3714,369
 3609,325
 3742,186
 3703,792
 3693,868
 3728,683
 3650,928
 3780,236
 3717,758
 3745,562
 3790,124
 3747,588
 3733,935
 3746,189
 3761,867
 3736,514
 3769,838
 3782,354
 3761,208
 3772,721
 3758,518
 3760,114
 3796,729
 3775,803
 3829,486
 3752,652
 3768,152
 3738,643
 3730,815
 3683,878
 3805,001
 3753,090
 3787,312
 3752,668
 3745,667
 3811,757
 3760,619
 3772,209
 3758,470
 3795,419
 3821,435
 3804,797
 3828,164
 3813,046
 3844,664
 3862,208
 3846,340
 3741,156
 3784,392
 3767,746
 3797,377
 3788,770
 3783,512
 3811,557
 3795,107
 3793,657
 3838,946
 3833,636
 3849,314
 3916,964
 3834,477
 3775,227
 3794,123
 3804,536
 3872,389
 3865,433
 3890,791
 3807,855
 3821,334
 3824,041
 3866,431
 3882,355
 3819,744
 3891,244
 3831,697
 3876,286
 3883,313
 3905,530
 3847,123
 3856,910
 3913,495
 3910,480
 3881,183
 3878,662
 3856,419
 3898,810
 3947,190
 3895,635
 3858,040
 3873,503
 3938,433
 3938,456
 3960,681
 3907,975
 3932,236
 3985,551
 3934,048
 3807,602
 3891,815
 3927,378
 3809,389
 3933,317
 3947,049
 3883,127
 4027,526
 3913,743
 3904,416
 3987,140
 3888,699
 4010,662
 3944,469
 3963,613
 3951,294
 3953,316
 3973,719
 3977,606
 3971,130
 3870,296
 3942,989
 3983,064
 3997,425
 4015,171
 3963,030
 3933,857
 3945,764
 4014,429
 3993,558
 4026,795
 4003,649
 3932,598
 3949,847
 4009,879
 4003,404
 4023,196
 4000,864
 4010,008
 4021,678
 3985,374
 3972,739
 4019,619
 4012,159
 4096,939
 4023,475
 4033,649
 4055,950
 4022,295
 4042,443
 3960,015
 4038,774
 4066,481
 4091,312
 4019,815
 3998,460
 4044,550
 4055,998
 4092,410
 4083,860
 4098,436
 4101,546
 4074,405
 4092,203
 4070,502
 4037,532
 4017,118
 4105,516
 3989,110
 4094,814
 4041,779
 4081,533
 4125,152
 4074,025
 4129,561
 4150,645
 4108,860
 4085,573
 4120,733
 4122,879
 4103,372
 4105,298
 4089,814
 4169,660
 4082,725
 4096,832
 4123,790
 4215,126
 4101,562
 4082,374
 4094,480
 4077,776
 4131,436
 4183,427
 4179,765
 4224,799
 4150,951
 4170,025
 4123,727
 4194,111
 4141,125
 4146,708
 4136,691
 4195,688
 4160,535
 4200,508
 4129,577
 4158,078
 4181,396
 4219,620
 4202,585
 4197,637
 4178,103
 4293,142
 4259,643
 4237,625
 4175,663
 4250,105
 4226,238
 4187,962
 4238,819
 4250,795
 4241,501
 4238,074
 4201,604
 4126,876
 4245,647
 4199,662
 4231,519
 4295,686
 4157,102
 4171,416
 4292,600
 4237,752
 4222,468
 4159,887
 4215,992
 4315,900
 4298,859
 4227,200
 4284,226
 4311,114
 4258,740
 4283,407
 4204,965
 4275,488
 4245,143
 4243,248
 4352,167
 4327,555
 4382,398
 4289,820
 4298,942
 4219,112
 4352,987
 4292,577
 4281,162
 4332,406
 4347,743
 4363,385
 4241,531
 4296,535
 4343,772
 4300,474
 4282,621
 4322,764
 4381,179
 4376,678
 4358,954
 4398,557
 4363,874
 4363,375
 4348,369
 4372,953
 4323,559
 4339,022
 4378,281
 4385,723
 4347,397
 4362,650
 4339,772
 4343,153
 4333,849
 4341,239
 4340,708
 4361,997
 4374,316
 4358,506
 4433,621
 4355,543
 4402,385
 4383,006
 4409,783
 4385,941
 4342,863
 4414,494
 4340,351
 4396,046
 4506,880
 4411,983
 4440,736
 4391,515
 4432,074
 4468,973
 4427,588
 4505,523
 4391,942
 4371,925
 4389,904
 4420,324
 4415,659
 4425,433
 4397,889
 4420,659
 4449,264
 4471,573
 4450,474
 4430,273
 4443,841
 4417,521
 4407,631
 4433,457
 4415,864
 4484,758
 4452,042
 4437,168
 4445,641
 4419,594
 4474,139
 4487,155
 4448,314
 4444,424
 4494,721
 4479,414
 4379,255
 4473,336
 4420,634
 4429,824
 4442,984
 4494,114
 4462,914
 4484,568
 4502,175
 4498,499
 4447,608
 4471,877
 4448,763
 4481,293
 4465,797
 4474,289
 4494,817
 4444,637
 4496,140
 4464,100
 4555,558
 4512,901
 4472,147
 4472,614
 4518,483
 4583,075
 4527,499
 4514,338
 4511,797
 4450,267
 4569,926
 4516,149
 4448,628
 4516,554
 4585,840
 4558,981
 4496,711
 4492,318
 4543,576
 4550,468
 4607,909
 4556,416
 4490,164
 4561,330
 4483,446
 4433,656
 4527,047
 4531,921
 4491,596
 4518,389
 4526,825
 4509,701
 4539,533
 4565,549
 4518,802
 4520,705
 4555,613
 4514,666
 4466,695
 4561,412
 4593,237
 4481,263
 4552,191
 4512,884
 4579,503
 4614,163
 4557,004
 4586,776
 4568,808
 4617,548
 4613,814
 4631,450
 4515,982
 4516,655
 4586,594
 4570,336
 4601,140
 4577,154
 4570,143
 4556,657
 4544,368
 4563,570
 4535,641
 4598,862
 4550,536
 4563,588
 4561,244
 4546,215
 4641,145
 4538,108
 4561,370
 4628,420
 4581,142
 4549,402
 4606,677
 4628,379
 4603,303
 4699,756
 4584,358
 4592,231
 4617,911
 4652,131
 4631,992
 4677,613
 4656,844
 4681,947
 4629,055
 4575,004
 4656,814
 4678,925
 4589,641
 4674,689
 4661,377
 4661,551
 4735,742
 4691,649
 4667,827
 4649,867
 4752,899
 4654,791
 4702,665
 4684,077
 4765,515
 4683,962
 4692,656
 4707,816
 4731,105
 4672,439
 4736,153
 4746,076
 4787,390
 4671,145
 4763,122
 4766,856
 4747,581
 4716,326
 4704,827
 4800,151
 4699,530
 4709,641
 4732,151
 4706,982
 4795,365
 4722,363
 4726,124
 4750,957
 4815,705
 4719,140
 4704,824
 4741,083
 4763,038
 4720,619
 4693,351
 4840,474
 4744,649
 4791,220
 4715,977
 4803,709
 4759,287
 4753,647
 4686,300
 4777,692
 4759,148
 4814,372
 4729,771
 4780,277
 4704,021
 4711,491
 4822,710
 4763,722
 4839,172
 4777,800
 4812,628
 4715,536
 4739,727
 4840,916
 4800,818
 4798,223
 4847,179
 4800,895
 4687,789
 4706,062
 4808,982
 4758,796
 4777,218
 4715,512
 4811,987
 4757,779
 4782,058
 4823,221
 4760,480
 4785,904
 4873,119
 4803,743
 4764,054
 4802,864
 4787,630
 4791,444
 4779,115
 4721,557
 4794,579
 4851,906
 4777,062
 4789,094
 4815,217
 4777,780
 4781,728
 4798,364
 4740,772
 4843,502
 4773,733
 4750,664
 4809,077
 4781,278
 4800,748
 4765,857
 4727,736
 4810,926
 4743,758
 4763,840
 4805,405
 4805,152
 4793,415
 4756,781
 4819,596
 4807,430
 4789,782
 4791,441
 4769,145
 4743,601
 4818,387
 4749,793
 4856,320
 4836,380
 4848,628
 4743,673
 4771,042
 4819,976
 4829,719
 4824,609
 4791,751
 4714,566
 4792,083
 4795,574
 4825,645
 4785,316
 4813,652
 4710,344
 4794,079
 4794,204
 4826,695
 4843,201
 4752,817
 4793,633
 4770,770
 4878,456
 4742,678
 4792,384
 4826,243
 4751,399
 4781,748
 4869,522
 4793,162
 4761,095
 4770,677
 4780,192
 4741,582
 4861,716
 4720,205
 4784,119
 4808,756
 4855,446
 4846,496
 4777,229
 4885,868
 4766,620
 4785,338
 4818,058
 4816,336
 4782,010
 4828,040
 4783,784
 4817,870
 4771,611
 4775,951
 4806,951
 4873,538
 4830,739
 4790,938
 4796,758
 4846,172
 4811,817
 4861,104
 4830,481
 4870,384
 4912,074
 4834,935
 4810,083
 4848,195
 4861,055
 4857,522
 4822,501
 4876,029
 4882,504
 4794,190
 4817,202
 4908,133
 4843,010
 4881,438
 4890,370
 4905,519
 4865,161
 4865,983
 4887,844
 4913,243
 4785,886
 4838,752
 4852,132
 4918,200
 4778,990
 4904,773
 4889,457
 4871,934
 4862,245
 4887,677
 4878,704
 4872,368
 4877,664
 4932,748
 4941,399
 4926,272
 4888,033
 4925,634
 4832,586
 4918,344
 4862,216
 4914,120
 4824,501
 4881,654
 5052,253
 4925,459
 4973,451
 4943,636
 4925,591
 4968,141
 4904,780
 4977,682
 4906,200
 4869,356
 4976,456
 4961,847
 4950,054
 4862,525
 4950,346
 4934,980
 4928,032
 4883,292
 4889,440
 4980,015
 4870,489
 5008,559
 4940,227
 4977,689
 4984,999
 5007,840
 4971,055
 5000,412
 4993,935
 4961,225
 4954,417
 5048,347
 5063,828
 4993,134
 4949,135
 4991,160
 4996,294
 4989,234
 5070,792
 4993,592
 5039,611
 5024,818
 4961,643
 5022,608
 5101,169
 5001,925
 5016,771
 4999,919
 5027,811
 5075,342
 5009,352
 5012,862
 5014,156
 5047,152
 5071,433
 5022,734
 4991,859
 5071,859
 5065,388
 5032,271
 5090,855
 5088,881
 5080,819
 5051,871
 4977,292
 5085,076
 5063,635
 5014,263
 5088,598
 5092,077
 5051,277
 5054,315
 5116,480
 5021,070
 4995,030
 5171,402
 5141,264
 5163,066
 4974,647
 5098,997
 5113,821
 5092,435
 5016,800
 5082,723
 5094,011
 5124,269
 5006,423
 5106,260
 5043,392
 5157,662
 5125,054
 5130,710
 5140,454
 5018,382
 5087,124
 5066,277
 5133,381
 5143,895
 5093,854
 5102,632
 5127,106
 5130,207
 5160,804
 5089,265
 5136,830
 5091,927
 5105,681
 5118,701
 5125,683
 5144,480
 5135,316
 5191,263
 5097,303
 5147,958
 5088,237
 5213,519
 5206,055
 5123,517
 5091,149
 5107,864
 5152,604
 5076,766
 5166,736
 5175,739
 5164,728
 5125,826
 5030,484
 5184,380
 5115,908
 5022,163
 5170,559
 5157,298
 5133,836
 5114,731
 5152,368
 5179,580
 5196,985
 5226,908
 5099,299
 5165,318
 5107,768
 5156,525
 5153,539
 5082,236
 5083,237
 5087,214
 5154,741
 5088,653
 5163,501
 5173,628
 5139,844
 5123,585
 5176,872
 5196,037
 5120,180
 5192,429
 5203,457
 5146,491
 5116,057
 5213,277
 5202,796
 5160,608
 5125,736
 5189,133
 5168,661
 5157,082
 5198,144
 5129,831
 5181,770
 5174,874
 5112,005
 5209,838
 5207,280
 5112,416
 5220,674
 5138,031
 5222,020
 5154,120
 5167,831
 5209,940
 5222,087
 5221,618
 5190,943
 5172,940
 5212,176
 5175,387
 5251,136
 5176,988
 5208,635
 5259,939
 5165,756
 5232,599
 5145,909
 5232,222
 5206,711
 5190,244
 5204,560
 5190,416
 5209,806
 5182,065
 5170,372
 5206,678
 5162,926
 5123,165
 5177,131
 5150,607
 5181,588
 5238,011
 5169,135
 5156,595
 5142,991
 5167,129
 5212,995
 5230,942
 5177,127
 5198,774
 5184,349
 5212,766
 5164,816
 5153,609
 5198,316
 5160,671
 5271,767
 5173,066
 5215,689
 5139,051
 5136,402
 5165,929
 5233,571
 5189,616
 5212,628
 5168,480
 5120,519
 5140,641
 5238,634
 5206,051
 5185,691
 5161,259
 5207,927
 5160,979
 5198,127
 5209,134
 5208,041
 5184,238
 5125,110
 5197,181
 5237,751
 5124,398
 5252,812
 5139,701
 5138,591
 5186,297
 5184,406
 5118,731
 5204,774
 5151,779
 5207,659
 5155,128
 5073,896
 5205,086
 5072,762
 5164,126
 5249,565
 5139,650
 5095,768
 5208,225
 5200,408
 5124,615
 5209,708
 5137,163
 5137,459
 5168,545
 5146,842
 5185,278
 5173,431
 5186,874
 5098,847
 5085,582
 5208,581
 5171,636
 5142,252
 5169,607
 5188,309
 5211,631
 5121,210
 5061,619
 5161,502
 5164,622
 5159,596
 5142,477
 5076,547
 5141,896
 5129,346
 5125,048
 5117,812
 5140,837
 5107,625
 5084,428
 5165,106
 5138,605
 5107,502
 5093,129
 5096,169
 5133,847
 5078,548
 5105,215
 5162,359
 5086,182
 5122,954
 5124,851
 5166,442
 5142,928
 5082,192
 5145,427
 5106,928
 5096,526
 5169,135
 5151,660
 5060,748
 5124,537
 5169,193
 5138,937
 5109,959
 5065,950
 5144,234
 5143,061
 5123,551
 5073,059
 5108,638
 5148,519
 5105,500
 5153,507
 5091,748
 5142,629
 5009,051
 5148,699
 5107,556
 5075,646
 5067,451
 5102,457
 5068,577
 5062,023
 5071,004
 5125,438
 5109,979
 5116,961
 5089,765
 5162,769
 5113,082
 5045,260
 5091,919
 5137,919
 5044,162
 4985,838
 5081,193
 4964,911
 5081,334
 5062,198
 5011,423
 5059,958
 5010,049
 5016,606
 5052,220
 5021,648
 5034,243
 5054,952
 5124,265
 5092,174
 5030,566
 4940,123
 5076,800
 5068,372
 5013,573
 5107,750
 4969,151
 4983,635
 5068,396
 4957,292
 4995,795
 4983,396
 5051,418
 5011,301
 4997,280
 4959,039
 5000,369
 5001,198
 5033,623
 5032,838
 5000,552
 5046,485
 5049,791
 5032,741
 5077,156
 5015,149
 4984,836
 4910,591
 5009,976
 4945,870
 5033,476
 5012,464
 4997,351
 4978,620
 4955,213
 4941,865
 5036,242
 4947,393
 4899,187
 4902,191
 4974,938
 5018,318
 4982,901
 5002,224
 4979,132
 5011,996
 4988,069
 4959,043
 4981,744
 4943,132
 4904,482
 4985,626
 4888,169
 4860,449
 4969,785
 4959,190
 4972,169
 4924,861
 4933,139
 4900,132
 4895,026
 4982,846
 4967,667
 4926,714
 4952,561
 4881,412
 5018,749
 4921,380
 4849,228
 4837,734
 4926,709
 4931,113
 4872,073
 4933,515
 4874,671
 4940,852
 4969,754
 4933,279
 4966,824
 4875,416
 4921,802
 4839,363
 4941,843
 4890,829
 4865,307
 4812,418
 4894,723
 4894,851
 4908,674
 4872,230
 4851,965
 4857,989
 4901,761
 4917,949
 4857,225
 4840,087
 4938,300
 4856,560
 4849,417
 4834,455
 4884,518
 4812,400
 4817,959
 4826,505
 4820,684
 4788,701
 4813,872
 4826,809
 4841,087
 4861,745
 4778,838
 4842,052
 4849,369
 4810,205
 4841,832
 4823,372
 4818,739
 4833,941
 4784,729
 4764,528
 4758,607
 4845,003
 4834,378
 4810,877
 4851,951
 4840,001
 4809,801
 4729,860
 4806,674
 4769,288
 4759,686
 4839,331
 4748,698
 4783,513
 4754,998
 4793,055
 4731,623
 4721,170
 4813,702
 4719,121
 4763,845
 4751,750
 4700,114
 4758,377
 4706,749
 4790,322
 4760,490
 4758,344
 4729,983
 4759,911
 4789,224
 4685,350
 4700,099
 4678,262
 4689,842
 4695,289
 4753,583
 4662,783
 4705,712
 4774,615
 4747,702
 4742,971
 4692,107
 4676,668
 4643,544
 4628,864
 4727,715
 4714,830
 4730,846
 4627,789
 4737,556
 4683,926
 4659,916
 4686,443
 4674,891
 4750,561
 4634,841
 4603,600
 4624,233
 4625,201
 4585,363
 4623,234
 4602,882
 4604,353
 4577,477
 4647,974
 4665,023
 4622,001
 4600,010
 4624,633
 4674,840
 4626,927
 4598,370
 4622,867
 4604,938
 4579,232
 4540,414
 4558,238
 4591,482
 4592,522
 4536,274
 4544,699
 4602,380
 4584,765
 4594,666
 4670,530
 4630,240
 4587,656
 4531,681
 4587,607
 4614,691
 4571,020
 4561,736
 4547,495
 4566,054
 4565,547
 4572,326
 4550,359
 4527,798
 4531,357
 4609,173
 4558,551
 4523,944
 4496,543
 4530,844
 4628,737
 4567,236
 4578,879
 4550,524
 4492,025
 4527,706
 4551,662
 4544,526
 4508,160
 4515,281
 4540,968
 4519,303
 4502,733
 4503,102
 4466,402
 4467,725
 4502,299
 4512,950
 4577,511
 4521,925
 4487,192
 4464,674
 4437,883
 4454,662
 4471,566
 4468,455
 4467,958
 4466,061
 4464,614
 4486,475
 4490,298
 4442,011
 4424,794
 4474,203
 4420,463
 4430,818
 4462,008
 4436,372
 4446,691
 4469,971
 4412,187
 4353,649
 4382,690
 4405,577
 4377,585
 4401,268
 4471,797
 4326,916
 4384,857
 4402,931
 4439,407
 4374,140
 4371,847
 4342,395
 4460,919
 4383,377
 4439,628
 4359,335
 4410,787
 4389,734
 4467,953
 4421,603
 4454,840
 4407,244
 4383,279
 4377,529
 4423,432
 4323,560
 4372,838
 4359,013
 4336,218
 4344,200
 4315,827
 4369,233
 4361,846
 4304,110
 4241,203
 4362,461
 4273,338
 4409,277
 4294,382
 4351,042
 4313,247
 4327,872
 4283,049
 4282,744
 4325,384
 4255,111
 4288,112
 4333,228
 4297,477
 4243,636
 4233,244
 4231,122
 4254,390
 4207,558
 4227,235
 4310,387
 4272,352
 4257,344
 4200,815
 4250,205
 4265,075
 4239,594
 4249,129
 4262,917
 4269,235
 4276,878
 4268,006
 4241,064
 4233,563
 4227,760
 4280,580
 4247,351
 4241,914
 4282,609
 4144,539
 4208,373
 4184,202
 4242,503
 4221,386
 4144,971
 4197,519
 4270,796
 4236,216
 4194,698
 4188,804
 4231,932
 4220,068
 4184,724
 4148,766
 4240,661
 4148,351
 4202,812
 4155,038
 4220,537
 4171,103
 4222,555
 4161,760
 4188,361
 4153,768
 4083,459
 4134,807
 4148,168
 4062,382
 4073,232
 4093,780
 4083,040
 4088,930
 4162,951
 4161,672
 4116,139
 4129,416
 4064,843
 4140,899
 4055,702
 4045,670
 4129,949
 4111,639
 4084,152
 4074,699
 4039,164
 4069,832
 4042,757
 4043,440
 4056,282
 4053,540
 4062,335
 4024,076
 4024,441
 4002,716
 3977,418
 4060,737
 4067,781
 3963,976
 4029,036
 4043,323
 3971,988
 4087,937
 4029,838
 3987,782
 4042,421
 4015,606
 4010,245
 3976,683
 3981,725
 4003,310
 3944,190
 3979,835
 3975,751
 3988,818
 4019,631
 3927,436
 3994,989
 3972,864
 3926,679
 3956,754
 3951,356
 3884,512
 3976,385
 3845,746
 3970,747
 3868,899
 3889,951
 3940,338
 3946,554
 3872,462
 3888,289
 3951,552
 3854,829
 3916,168
 4009,544
 3893,790
 3858,906
 3899,946
 3904,828
 3922,408
 3915,105
 3860,134
 3837,048
 3870,182
 3898,400
 3862,402
 3853,604
 3847,845
 3876,593
 3906,370
 3832,917
 3802,655
 3788,778
 3905,112
 3792,061
 3734,687
 3844,235
 3763,556
 3802,959
 3821,461
 3811,541
 3768,248
 3754,459
 3755,418
 3765,908
 3725,019
 3722,955
 3753,482
 3756,772
 3776,582
 3804,307
 3775,121
 3791,543
 3728,604
 3780,648
 3879,634
 3739,915
 3764,137
 3755,622
 3758,836
 3690,771
 3780,687
 3771,377
 3728,120
 3759,745
 3763,078
 3863,817
 3784,579
 3760,441
 3776,615
 3823,272
 3806,409
 3727,908
 3793,207
 3784,847
 3751,839




























































































































































































































































































































































































































































































































































































































































































































































































































































































































































































































































































































































































































































































































































































































































































































































































































































































































































































































































































































































































































































































































































































































































































































































































































































































































































































































































































































































































































































































































































































































































































































































































































































































































































































































































































































































































































































































































































































































































































































































































































































































































































































































































































































































































































































































































































































































































































































































































































































































































































































































































































































































































































































































































































































































































































































































































































































































































































































































































































































































































































































































































































































































































































































































































































































































































































































































































































































































































































































































































































































































































































































































































































































































































































































































































































































































































































































































































































































































































































































































































































































































































































































































































































































































































































































































































































































































































































































































































































































































































































































































































































































































































































































































































































































































































































































































































































































































































































































































































































































































































































































































































































































































































































































































































































































































































































































































































































































































































































































































































































































































































































































































































































































































































































































































































































































































































































































































































































































































































































































































































































































































































































































































































































































































































































































































































































































































































































































































































































































































































































































































































































































































































































































































































































































































































































































































































































































































































































































































































































































































































































































































































































































































































































































































































































































































































































































































































































































































































































































































































































































































































































































































































































































































































































































































































































































































































































































































































































































































































































































































































































































































































































































































































































































































































































































































































































































































































































































































































































































































































































































































































































































































































































































































































































































































































































































































































































































































































































































































































































































































































































































































































































































































































































































































































































































































































































































































































































































































































































































































































































































































































































































































































































































































































































































































































































































































































































































































































































































































































































































































































































































































































































































































































































































































































































































































































































































































































































































































































































































































































































































































































































































































































































































































































































































































































































































































































































































































































































































































































































































































































































































































































































































































































































































































































































































































































































































































































































































































































































































































































































































































































































































































































































































































































































































































































































































































































































































































































































































































































































































































































































































































































































































































































































































































































































































































































































































































































































































































































































































































































































































































































































































































































































































































































































































































































































































































































































































































































































































































































































































































































































































































































































































































































































































































































































































































































































































































































































































































































































































































































































































































































































































































































































































































































































































































































































































































































































































































































































































































































































































































































































































































































































































































































































































































































































































































































































































































































































































































































































































































































































































































































































































































































































































































































































































































































































































































































































































































































































































































































































































































































































































































































































































































































































































































































