 350,396
 372,944
 363,896
 382,613
 380,195
 376,890
 369,138
 373,655
 400,676
 355,886
 340,765
 359,653
 392,113
 398,968
 364,745
 370,111
 363,867
 367,860
 342,948
 364,832
 394,050
 348,198
 378,435
 357,611
 391,428
 331,682
 376,374
 379,348
 379,822
 392,926
 403,417
 379,378
 357,099
 407,664
 364,446
 381,591
 317,698
 360,490
 365,527
 370,861
 365,491
 368,878
 371,503
 388,530
 342,215
 372,702
 354,399
 349,536
 382,011
 344,184
 407,685
 318,017
 329,051
 407,707
 368,782
 377,102
 369,173
 390,322
 382,987
 354,765
 387,332
 363,529
 363,125
 369,084
 355,919
 368,090
 379,650
 349,709
 392,065
 353,212
 379,572
 372,990
 386,043
 411,553
 373,536
 355,908
 391,056
 355,232
 364,801
 375,007
 384,164
 348,112
 341,741
 363,832
 368,250
 370,148
 357,761
 351,404
 343,504
 397,802
 403,169
 387,590
 360,895
 374,501
 375,374
 359,251
 396,309
 379,765
 384,542
 374,390
 370,258
 351,484
 369,606
 349,450
 361,233
 358,653
 374,606
 378,268
 401,897
 363,036
 367,147
 389,266
 372,137
 349,392
 374,402
 373,397
 375,157
 390,842
 325,210
 351,467
 358,023
 369,323
 328,568
 367,954
 369,772
 360,387
 365,913
 378,339
 346,899
 376,610
 375,140
 377,369
 357,104
 335,782
 355,668
 363,712
 370,628
 308,075
 363,591
 337,076
 362,346
 349,949
 357,884
 359,241
 365,896
 363,427
 350,292
 350,034
 351,961
 370,352
 349,263
 345,845
 346,829
 370,545
 331,351
 346,630
 351,358
 345,565
 371,373
 369,827
 350,277
 364,479
 345,972
 313,872
 374,809
 364,567
 337,376
 341,573
 362,637
 386,244
 338,357
 343,067
 344,030
 319,652
 333,885
 373,715
 378,442
 350,604
 359,165
 341,843
 376,020
 375,726
 356,856
 342,734
 348,808
 363,357
 365,786
 343,725
 348,662
 331,070
 333,699
 359,796
 348,776
 335,321
 333,421
 355,051
 358,042
 314,985
 335,135
 345,097
 333,891
 331,072
 325,892
 302,001
 349,439
 354,973
 341,609
 348,222
 356,014
 336,723
 279,114
 334,060
 314,311
 348,375
 355,087
 322,190
 320,534
 332,661
 349,160
 343,078
 339,750
 355,404
 310,158
 312,669
 314,750
 328,912
 346,404
 338,048
 298,755
 326,987
 296,450
 325,402
 308,597
 309,913
 332,196
 337,324
 313,660
 338,900
 306,571
 299,945
 324,843
 337,358
 306,815
 270,080
 339,297
 339,928
 260,765
 327,312
 332,553
 316,855
 293,827
 297,827
 329,766
 329,131
 296,864
 321,141
 331,904
 334,431
 286,889
 338,680
 301,039
 289,343
 279,985
 360,628
 307,375
 305,723
 309,078
 295,991
 304,388
 328,579
 345,340
 303,830
 322,199
 301,217
 293,312
 324,767
 294,130
 311,950
 275,954
 316,489
 301,183
 318,540
 292,654
 253,079
 308,975
 284,263
 338,262
 299,029
 315,215
 298,067
 295,985
 337,873
 272,949
 267,258
 324,937
 290,051
 314,682
 296,407
 285,437
 306,486
 290,528
 296,317
 286,757
 260,029
 286,753
 309,656
 301,286
 287,710
 266,135
 318,540
 292,690
 265,608
 301,007
 325,549
 273,446
 279,047
 286,787
 274,721
 276,302
 285,697
 296,132
 287,388
 315,151
 286,952
 272,639
 285,941
 306,039
 304,056
 292,724
 283,901
 295,551
 286,531
 298,804
 333,751
 264,506
 258,611
 316,234
 308,861
 308,218
 268,828
 282,970
 316,018
 283,950
 317,798
 294,519
 307,177
 286,420
 254,963
 285,757
 275,640
 295,615
 277,983
 300,048
 294,403
 267,059
 310,191
 310,935
 293,495
 266,034
 300,269
 275,166
 273,476
 289,040
 280,755
 294,424
 265,293
 277,447
 270,513
 297,927
 258,867
 280,792
 308,780
 285,441
 321,033
 307,178
 254,066
 259,237
 294,249
 268,668
 279,614
 313,410
 277,410
 311,967
 271,786
 263,969
 302,907
 280,670
 270,808
 283,507
 291,041
 289,143
 268,969
 235,090
 287,865
 239,480
 256,180
 253,734
 298,350
 275,827
 260,894
 245,726
 268,076
 299,708
 283,632
 296,692
 297,986
 304,566
 300,829
 303,296
 309,658
 271,228
 305,840
 292,880
 289,495
 304,960
 304,374
 320,887
 283,686
 282,934
 268,222
 268,555
 282,270
 310,696
 288,779
 259,628
 283,642
 299,897
 271,934
 283,634
 293,998
 311,561
 286,043
 293,456
 320,837
 270,643
 281,834
 280,282
 281,946
 268,830
 265,497
 249,799
 300,581
 280,002
 278,053
 312,779
 290,237
 301,953
 280,781
 310,604
 288,525
 267,370
 268,540
 287,173
 281,888
 303,359
 275,993
 300,737
 320,257
 300,973
 275,974
 272,229
 315,024
 287,432
 273,149
 282,486
 284,973
 284,176
 309,747
 319,888
 277,015
 328,671
 303,565
 292,800
 290,956
 299,183
 307,859
 310,416
 264,293
 262,092
 275,598
 310,955
 275,267
 300,297
 325,773
 292,332
 314,713
 293,736
 362,422
 267,948
 265,410
 321,742
 293,587
 336,471
 275,962
 288,197
 308,959
 306,593
 289,808
 311,273
 291,970
 333,062
 309,260
 308,339
 316,808
 296,009
 341,702
 303,415
 331,613
 293,237
 276,656
 319,199
 284,768
 275,177
 315,538
 314,393
 304,153
 342,956
 310,212
 280,521
 294,209
 314,918
 317,391
 361,925
 316,500
 308,485
 280,330
 308,439
 315,974
 324,484
 334,244
 290,416
 276,411
 315,633
 318,178
 335,505
 304,685
 338,348
 323,000
 320,288
 323,478
 302,236
 319,887
 327,497
 329,997
 337,456
 289,559
 307,395
 311,165
 325,391
 336,124
 289,215
 339,114
 335,204
 315,847
 328,651
 322,096
 318,186
 357,974
 283,899
 346,974
 306,588
 339,696
 370,098
 310,529
 366,142
 332,158
 335,950
 336,354
 352,081
 335,198
 315,765
 299,599
 305,827
 329,777
 362,304
 315,290
 308,757
 321,079
 306,559
 343,821
 325,084
 378,464
 342,494
 308,216
 333,394
 326,874
 344,529
 332,430
 353,071
 353,075
 337,453
 349,409
 321,612
 335,193
 361,111
 360,799
 327,387
 324,256
 338,756
 333,044
 300,532
 338,764
 342,865
 306,011
 332,316
 334,432
 326,398
 348,962
 334,077
 303,236
 332,814
 348,160
 364,508
 357,165
 311,440
 331,604
 359,116
 334,951
 342,578
 315,119
 370,035
 307,328
 337,623
 328,254
 359,478
 331,783
 340,878
 347,976
 319,620
 356,886
 348,571
 363,701
 325,979
 355,583
 317,032
 317,157
 313,510
 351,705
 323,461
 349,094
 349,436
 336,646
 354,889
 312,552
 333,219
 348,880
 316,780
 335,392
 374,868
 350,040
 323,316
 366,952
 348,719
 362,917
 367,025
 327,603
 361,591
 350,071
 317,410
 342,734
 328,963
 365,174
 334,032
 353,161
 353,580
 374,022
 337,209
 346,349
 361,551
 354,802
 362,673
 318,087
 337,167
 356,316
 312,586
 309,250
 365,895
 351,683
 313,001
 368,637
 340,792
 345,147
 362,031
 346,193
 346,829
 343,606
 357,363
 299,729
 364,456
 344,878
 361,036
 363,404
 341,105
 368,686
 334,107
 347,079
 377,060
 350,158
 347,840
 343,705
 350,358
 320,957
 338,589
 359,194
 345,397
 358,264
 363,975
 379,568
 334,621
 327,228
 375,775
 341,570
 308,821
 368,431
 371,329
 363,498
 332,855
 364,018
 352,382
 348,718
 343,086
 358,422
 357,195
 351,588
 330,283
 352,438
 344,010
 339,813
 378,533
 372,559
 368,465
 370,594
 355,652
 343,787
 378,079
 358,080
 361,775
 375,599
 379,128
 348,700
 317,650
 369,726
 330,764
 356,875
 352,632
 342,548
 342,112
 338,152
 367,453
 401,893
 352,742
 335,039
 359,704
 335,963
 378,243
 370,698
 374,722
 369,736
 373,842
 306,944
 358,929
 347,713
 371,434
 347,045
 382,958
 355,795
 353,854
 320,493
 382,454
 317,897
 358,189
 390,352
 379,130
 391,736
 369,959
 363,410
 373,252
 400,338
 361,852
 394,000
 356,240
 364,783
 368,777
 363,090
 363,571
 395,789
 368,611
 372,891
 379,173
 382,143
 348,720
 355,372
 361,716
 319,242
 381,913
 367,641
 364,628
 371,292
 333,585
 373,713
 380,839
 377,829
 378,210
 341,672
 341,458
 358,432
 385,188
 379,835
 357,173
 358,419
 363,653
 375,036
 306,466
 376,640
 366,566
 365,212
 341,554
 396,692
 337,287
 352,658
 377,167
 355,924
 356,043
 350,681
 356,089
 359,759
 403,889
 346,097
 314,349
 332,122
 360,554
 342,401
 354,398
 340,786
 348,406
 399,936
 400,019
 380,954
 357,499
 386,690
 385,860
 368,670
 342,022
 418,198
 365,685
 361,523
 388,051
 389,861
 382,208
 364,719
 366,882
 355,568
 386,344
 377,251
 372,996
 357,786
 350,346
 368,654
 377,632
 367,424
 353,138
 377,457
 349,617
 379,827
 368,472
 370,849
 360,581
 340,079
 378,839
 373,792
 377,395
 381,601
 364,519
 383,551
 366,154
 347,029
 380,788
 383,758
 328,097
 336,631
 371,419
 326,865
 388,879
 395,356
 411,721
 361,150
 357,031
 418,957
 345,316
 363,142
 338,386
 349,586
 380,125
 298,057
 383,729
 362,488
 400,871
 331,031
 361,726
 370,105
 385,504
 392,975
 371,620
 377,939
 351,875
 395,367
 366,775
 370,597
 373,248
 403,519
 420,197
 381,065
 348,258
 392,331
 352,798
 374,963
 361,322
 377,352
 359,419
 353,687
 385,854
 360,130
 377,078
 350,972
 369,900
 395,518
 359,685
 371,617
 365,750
 356,490
 396,973
 396,109
 339,998
 317,996
 393,534
 368,674
 380,117
 356,804
 362,706
 350,094
 383,932
 378,289
 355,486
 377,058
 352,642
 340,705
 345,402
 341,428
 342,354
 360,216
 370,193
 370,534
 352,334
 368,529
 359,733
 371,140
 351,797
 395,367
 347,738
 331,006
 389,917
 365,109
 381,244
 332,157
 377,342
 365,357
 392,294
 349,593
 371,974
 357,946
 359,645
 338,087
 332,956
 360,270
 365,371
 369,383
 353,244
 376,711
 377,601
 386,232
 372,999
 376,582
 370,114
 375,494
 336,424
 361,487
 353,297
 354,019
 399,397
 354,644
 330,958
 355,329
 359,096
 380,861
 362,741
 380,825
 391,282
 345,609
 348,508
 343,997
 339,005
 364,789
 385,439
 399,470
 369,341
 374,946
 362,952
 343,832
 371,303
 394,913
 381,877
 378,986
 372,667
 351,578
 353,791
 341,078
 362,757
 341,160
 359,268
 383,606
 355,997
 350,634
 337,485
 348,016
 353,475
 354,361
 398,792
 343,792
 344,996
 312,795
 345,108
 344,053
 405,621
 350,698
 379,227
 350,569
 358,013
 337,939
 352,503
 340,023
 354,105
 358,756
 379,136
 341,539
 368,026
 362,800
 331,838
 346,805
 313,391
 377,933
 335,746
 326,356
 283,017
 344,102
 367,562
 334,952
 356,143
 323,096
 341,866
 357,172
 334,441
 375,036
 368,953
 335,427
 342,949
 358,175
 337,452
 344,161
 336,650
 318,271
 305,358
 364,393
 358,659
 324,064
 340,612
 334,044
 376,732
 353,585
 331,979
 360,233
 328,811
 366,481
 302,922
 346,499
 357,750
 326,318
 346,860
 363,332
 355,807
 352,925
 337,021
 343,527
 331,757
 351,928
 278,419
 323,590
 334,794
 345,889
 336,412
 330,727
 342,268
 374,090
 337,937
 327,460
 332,765
 346,657
 349,652
 323,902
 320,180
 331,468
 303,010
 352,086
 342,303
 351,084
 375,146
 298,529
 343,981
 331,033
 334,782
 333,855
 362,114
 340,271
 323,272
 345,794
 328,219
 350,258
 369,863
 331,585
 314,854
 333,203
 326,467
 332,134
 323,474
 308,177
 346,932
 360,579
 333,494
 324,084
 336,389
 333,441
 334,826
 300,449
 349,492
 352,311
 298,529
 299,289
 352,550
 306,658
 368,405
 319,252
 336,312
 344,382
 333,264
 333,913
 311,988
 335,240
 329,268
 353,359
 355,972
 329,206
 317,734
 306,401
 318,711
 307,970
 309,884
 341,259
 360,805
 377,637
 359,364
 315,251
 369,033
 362,635
 350,586
 365,487
 362,993
 366,396
 338,807
 339,106
 326,217
 336,055
 327,309
 358,471
 348,620
 332,585
 367,152
 353,278
 334,962
 328,467
 288,159
 326,040
 327,885
 329,852
 332,304
 347,057
 305,440
 370,360
 333,661
 337,876
 304,959
 332,272
 347,715
 345,677
 329,274
 382,640
 326,205
 349,340
 324,152
 298,814
 286,748
 365,671
 313,800
 340,372
 340,195
 333,968
 333,809
 299,791
 328,456
 326,974
 321,013
 320,616
 342,326
 351,524
 351,166
 326,632
 367,752
 344,112
 302,414
 358,643
 344,381
 334,951
 345,923
 358,397
 343,173
 338,790
 344,613
 297,801
 334,588
 313,154
 352,055
 347,698
 327,990
 346,301
 336,792
 318,384
 352,325
 360,463
 324,599
 338,524
 335,353
 323,601
 335,730
 330,552
 354,162
 342,927
 327,404
 300,029
 320,717
 333,373
 338,914
 349,372
 344,976
 343,976
 379,630
 332,874
 362,158
 360,770
 352,673
 327,898
 324,020
 302,937
 359,219
 311,293
 333,069
 362,222
 336,380
 309,231
 348,593
 342,709
 344,907
 320,707
 342,949
 337,221
 327,834
 338,416
 348,121
 328,943
 344,883
 315,108
 327,899
 324,273
 306,801
 355,789
 344,907
 344,401
 300,737
 322,157
 281,662
 350,987
 349,196
 314,218
 354,104
 342,637
 310,720
 337,230
 339,861
 331,118
 373,111
 336,369
 341,977
 331,612
 334,635
 318,088
 336,861
 335,380
 326,476
 322,452
 374,664
 317,733
 334,578
 334,730
 312,486
 317,697
 339,263
 329,914
 327,983
 352,252
 273,431
 335,242
 391,422
 319,217
 314,544
 329,892
 348,893
 341,541
 344,157
 358,665
 340,362
 370,362
 343,135
 313,564
 333,356
 337,946
 344,535
 328,841
 334,197
 360,965
 314,662
 312,913
 388,600
 343,477
 326,562
 320,932
 328,439
 299,418
 345,933
 316,645
 326,773
 268,713
 338,250
 342,101
 323,119
 332,579
 348,140
 350,886
 350,028
 343,278
 343,647
 298,815
 345,105
 324,179
 321,930
 333,384
 344,413
 336,103
 339,466
 344,410
 331,412
 363,712
 326,383
 344,131
 328,326
 307,796
 345,080
 340,097
 362,117
 316,375
 300,626
 328,482
 336,328
 329,420
 322,696
 342,941
 359,229
 332,322
 338,737
 319,963
 321,838
 350,002
 345,857
 358,699
 289,228
 314,844
 324,768
 335,876
 351,868
 332,270
 329,610
 324,458
 340,560
 342,447
 312,179
 293,178
 329,286
 357,573
 330,332
 339,126
 324,940
 357,775
 363,239
 329,963
 319,159
 321,781
 349,700
 334,297
 344,681
 291,238
 317,257
 342,728
 320,080
 296,144
 326,859
 354,386
 328,920
 311,804
 352,695
 333,098
 346,762
 338,662
 342,719
 353,677
 282,352
 335,646
 366,794
 314,376
 322,544
 315,439
 340,945
 330,325
 303,778
 342,587
 306,561
 336,574
 343,863
 373,220
 351,063
 297,887
 319,268
 360,843
 358,466
 343,294
 349,152
 343,987
 344,968
 330,663
 294,576
 334,245
 324,284
 330,392
 373,391
 317,783
 339,512
 346,333
 325,028
 313,763
 341,340
 324,784
 306,818
 351,933
 311,786
 349,004
 377,389
 354,541
 309,954
 354,921
 369,046
 345,380
 342,093
 337,961
 322,889
 371,170
 338,125
 355,002
 338,359
 322,615
 340,157
 284,718
 346,417
 308,244
 339,380
 330,038
 336,145
 333,242
 312,149
 359,210
 346,584
 299,380
 318,844
 364,087
 297,152
 347,591
 355,217
 374,077
 337,549
 373,797
 350,359
 371,704
 321,995
 364,291
 339,975
 318,057
 369,014
 344,549
 355,876
 353,831
 324,215
 292,325
 328,415
 311,930
 349,110
 283,361
 367,605
 338,769
 337,617
 336,462
 331,483
 336,959
 368,341
 357,717
 308,171
 306,975
 374,690
 348,971
 296,232
 315,075
 352,852
 327,124
 311,635
 356,963
 343,146
 350,833
 343,615
 344,900
 353,403
 353,986
 381,801
 323,517
 328,794
 319,892
 335,842
 334,704
 335,795
 364,699
 293,081
 335,581
 343,136
 314,815
 321,736
 367,828
 330,256
 326,680
 352,678
 386,218
 309,801
 368,075
 348,521
 351,664
 353,486
 348,546
 328,938
 328,535
 347,995
 313,684
 329,989
 348,754
 316,676
 341,735
 316,310
 329,434
 353,633
 336,012
 360,074
 336,076
 332,032
 346,335
 346,497
 331,149
 338,107
 356,462
 295,480
 321,196
 352,472
 342,557
 372,866
 326,363
 366,681
 362,363
 354,429
 323,227
 370,160
 374,044
 354,013
 350,874
 347,227
 343,770
 289,836
 349,460
 334,782
 378,916
 339,280
 367,608
 342,487
 328,145
 329,606
 354,831
 319,459
 343,181
 346,296
 346,174
 338,211
 365,500
 354,872
 343,649
 364,986
 321,236
 343,354
 346,692
 367,295
 359,555
 316,124
 333,874
 322,462
 342,798
 334,644
 333,320
 378,433
 367,416
 321,193
 335,964
 348,232
 326,819
 352,021
 342,892
 347,700
 366,944
 342,705
 404,048
 375,545
 386,104
 344,563
 329,425
 381,606
 378,014
 340,644
 329,906
 310,304
 344,088
 326,413
 339,582
 339,912
 333,021
 371,629
 348,601
 347,359
 324,072
 363,870
 318,615
 349,990
 324,868
 354,388
 329,858
 320,479
 353,700
 368,639
 343,743
 371,209
 339,833
 357,428
 345,392
 318,995
 369,886
 333,009
 347,221
 338,539
 352,478
 344,990
 336,424
 338,894
 372,101
 363,055
 326,418
 269,885
 335,135
 369,824
 366,514
 307,877
 352,174
 348,376
 353,525
 356,748
 313,709
 346,755
 385,733
 358,648
 364,071
 324,129
 361,343
 343,472
 350,527
 379,822
 308,045
 337,381
 327,096
 362,265
 335,642
 368,025
 398,090
 347,193
 353,512
 350,044
 342,975
 341,364
 346,009
 348,470
 365,293
 357,657
 362,371
 325,426
 375,062
 354,335
 340,922
 364,558
 371,150
 361,099
 328,825
 341,567
 361,434
 334,046
 348,957
 331,525
 370,279
 394,958
 331,771
 388,100
 359,397
 348,236
 396,435
 331,581
 374,373
 393,601
 345,016
 344,350
 333,790
 346,855
 386,171
 331,124
 348,203
 344,910
 388,082
 371,032
 352,918
 358,734
 366,907
 378,839
 313,448
 363,490
 384,004
 343,664
 380,595
 333,745
 366,892
 370,055
 375,203
 363,133
 348,962
 363,761
 367,179
 359,037
 359,433
 344,814
 386,652
 357,829
 358,858
 333,233
 371,351
 352,744
 352,315
 342,147
 377,988
 351,805
 353,261
 369,295
 372,917
 319,920
 371,201
 387,659
 385,102
 354,200
 348,915
 372,950
 386,037
 355,933
 371,158
 377,545
 320,944
 340,423
 385,035
 353,374
 379,477
 357,482
 386,914
 365,870
 367,282
 362,586
 379,133
 349,465
 354,674
 349,279
 367,201
 334,172
 352,194
 367,796
 371,969
 360,063
 369,023
 364,784
 324,548
 384,665
 385,573
 386,810
 349,900
 389,975
 351,812
 354,881
 342,665
 372,342
 364,639
 351,740
 358,934
 341,131
 354,168
 372,236
 374,052
 367,039
 353,087
 370,805
 371,820
 343,773
 337,881
 344,098
 367,041
 394,696
 306,816
 322,487
 377,061
 395,485
 319,498
 357,622
 356,651
 311,135
 371,633
 345,855
 371,550
 376,345
 409,742
 367,813
 392,664
 343,712
 352,736
 376,654
 379,651
 371,971
 354,418
 364,967
 371,640
 375,211
 347,527
 374,983
 370,104
 365,730
 370,526
 377,763
 340,688
 375,957
 358,594
 376,862
 355,794
 394,042
 381,476
 351,970
 389,478
 361,478
 388,237
 382,839
 367,023
 382,743
 357,361
 390,307
 353,037
 397,394
 365,098
 374,147
 361,525
 380,619
 369,543
 360,286
 375,106
 379,285
 375,431
 364,922
 376,364
 355,901
 338,871
 399,136
 342,179
 345,471
 387,535
 364,693
 401,074
 368,127
 374,452
 374,103
 359,928
 382,532
 398,903
 362,318
 376,940
 380,605
 368,605
 394,909
 377,470
 372,464
 390,246
 391,811
 359,806
 380,956
 357,056
 381,023
 398,436
 402,832
 368,222
 393,380
 360,920
 380,136
 375,802
 404,973
 370,950
 375,217
 378,879
 368,439
 389,207
 352,200
 400,058
 386,855
 369,771
 335,300
 428,287
 398,467
 375,227
 366,015
 364,558
 377,527
 357,656
 377,241
 377,416
 352,290
 417,061
 366,822
 361,308
 395,387
 376,698
 381,448
 407,053
 376,892
 380,880
 366,992
 376,080
 324,856
 399,130
 380,102
 400,846
 410,011
 408,154
 406,119
 370,544
 387,064
 379,959
 416,603
 397,335
 386,099
 383,628
 412,272
 386,405
 418,675
 348,096
 399,696
 386,600
 394,120
 375,433
 388,867
 399,964
 367,346
 386,469
 417,725
 397,268
 424,553
 413,777
 385,870
 382,077
 369,616
 376,097
 378,579
 382,568
 387,356
 380,612
 374,644
 390,175
 429,218
 344,937
 354,537
 411,590
 397,031
 383,787
 415,828
 385,371
 361,001
 393,658
 414,995
 421,979
 419,778
 401,393
 383,887
 374,187
 370,097
 421,631
 419,783
 393,052
 375,377
 364,478
 386,090
 358,724
 409,830
 394,608
 334,892
 386,106
 381,573
 403,052
 393,903
 402,437
 405,588
 423,665
 405,593
 391,992
 364,475
 412,808
 369,630
 412,342
 399,277
 383,175
 381,764
 384,375
 384,420
 369,125
 358,433
 387,402
 389,686
 392,306
 346,602
 384,493
 414,786
 367,909
 370,124
 411,512
 409,571
 420,310
 362,182
 377,845
 412,260
 376,141
 419,134
 368,803
 415,036
 409,377
 383,181
 400,268
 415,187
 371,166
 405,367
 403,972
 404,192
 388,445
 384,633
 382,315
 397,192
 391,114
 367,823
 411,175
 378,595
 417,330
 378,161
 371,720
 388,853
 411,223
 404,402
 392,987
 381,282
 394,795
 408,046
 421,662
 397,708
 396,715
 420,721
 394,298
 431,249
 379,014
 407,370
 399,705
 427,637
 374,589
 414,829
 400,931
 395,700
 412,418
 396,568
 381,470
 391,783
 405,312
 409,201
 400,510
 382,816
 389,730
 403,555
 411,960
 375,938
 414,274
 363,480
 398,663
 369,239
 382,726
 370,695
 393,741
 394,898
 393,235
 409,575
 419,211
 420,279
 388,822
 435,330
 397,058
 402,777
 389,533
 414,557
 362,017
 403,826
 406,253
 421,382
 431,955
 414,542
 390,317
 333,447
 423,615
 367,571
 419,889
 384,386
 379,759
 400,284
 414,376
 443,173
 395,268
 449,805
 402,356
 402,029
 397,433
 393,567
 420,133
 403,880
 422,235
 430,287
 426,938
 433,779
 402,848
 417,780
 376,459
 426,833
 383,680
 397,676
 380,929
 398,337
 419,578
 396,405
 413,451
 416,035
 430,490
 416,065
 405,086
 438,888
 421,663
 408,651
 403,104
 395,835
 403,041
 376,993
 417,455
 416,506
 400,467
 391,794
 419,572
 403,927
 417,335
 417,002
 413,065
 419,275
 402,827
 402,657
 424,288
 414,178
 418,471
 402,567
 420,278
 432,446
 414,712
 391,036
 427,191
 392,139
 410,069
 425,012
 433,881
 419,168
 404,075
 427,650
 388,556
 440,850
 442,324
 440,573
 424,986
 452,173
 446,398
 371,155
 398,394
 428,420
 426,904
 419,071
 424,820
 399,771
 431,552
 431,618
 434,451
 395,783
 452,303
 441,002
 437,692
 415,701
 406,221
 427,063
 424,978
 422,544
 421,074
 418,233
 435,663
 410,334
 425,041
 423,939
 421,058
 399,880
 443,389
 422,896
 407,768
 438,533
 498,331
 372,308
 411,471
 421,517
 433,297
 435,217
 401,307
 436,113
 434,713
 452,352
 461,793
 458,745
 412,724
 412,779
 456,834
 443,382
 437,719
 419,389
 414,764
 463,062
 436,265
 454,517
 435,667
 461,719
 493,574
 457,874
 419,309
 422,640
 431,013
 447,169
 438,508
 429,977
 432,551
 452,209
 406,453
 416,180
 426,013
 433,910
 470,642
 416,327
 423,435
 421,793
 444,506
 428,134
 405,205
 455,479
 431,075
 446,304
 451,289
 422,247
 439,138
 446,025
 420,460
 405,968
 423,189
 424,569
 431,931
 455,173
 430,079
 433,651
 433,670
 432,998
 432,461
 430,019
 422,834
 428,635
 415,343
 429,673
 436,763
 445,470
 431,127
 477,357
 446,158
 430,465
 407,836
 430,348
 448,209
 431,020
 466,435
 389,934
 427,180
 465,113
 453,862
 427,683
 453,183
 438,371
 426,820
 439,854
 465,528
 452,062
 464,245
 444,525
 416,010
 444,292
 419,798
 420,123
 440,474
 481,442
 428,908
 403,171
 430,386
 449,436
 435,443
 420,749
 451,044
 453,013
 440,871
 435,955
 455,522
 448,202
 461,649
 402,323
 448,006
 466,979
 417,700
 441,903
 420,843
 447,154
 468,489
 424,047
 445,920
 448,698
 421,729
 458,213
 398,593
 455,918
 473,063
 460,707
 456,259
 472,091
 453,671
 455,985
 467,400
 435,094
 416,982
 464,824
 439,993
 474,871
 419,645
 472,000
 461,799
 482,814
 456,303
 420,726
 449,463
 451,471
 459,233
 464,525
 458,960
 428,863
 419,486
 436,692
 452,215
 476,333
 465,170
 455,311
 426,718
 407,398
 451,436
 427,081
 460,114
 474,815
 426,495
 288,958
 405,247
 451,545
 455,897
 441,629
 439,458
 438,084
 482,574
 439,342
 433,615
 482,275
 462,203
 461,472
 439,787
 441,737
 488,012
 485,315
 441,751
 446,341
 478,606
 441,285
 461,660
 445,821
 458,195
 468,769
 427,406
 436,151
 495,350
 462,970
 437,018
 464,773
 404,062
 472,653
 470,344
 472,218
 464,234
 483,827
 468,392
 463,796
 476,690
 479,802
 495,868
 504,344
 490,231
 496,580
 474,754
 509,963
 487,007
 484,086
 493,660
 483,992
 486,989
 486,997
 530,539
 528,696
 503,201
 525,237
 503,808
 539,242
 522,648
 522,460
 513,645
 501,172
 490,775
 506,404
 513,325
 516,012
 543,186
 555,006
 540,577
 528,379
 516,184
 532,921
 523,445
 550,706
 527,133
 525,880
 532,308
 540,470
 561,794
 481,106
 534,361
 521,373
 524,876
 565,472
 543,807
 539,103
 503,315
 533,656
 538,946
 541,287
 518,837
 539,699
 509,568
 487,215
 572,079
 553,259
 507,806
 543,701
 532,037
 522,568
 557,615
 484,806
 529,231
 524,886
 493,275
 510,528
 556,938
 560,417
 499,075
 527,009
 534,922
 575,419
 495,752
 563,347
 570,567
 506,012
 586,994
 519,589
 533,924
 541,647
 502,735
 506,502
 540,067
 516,830
 482,755
 540,498
 518,661
 508,912
 503,583
 535,508
 528,065
 536,868
 569,391
 530,723
 498,757
 506,854
 561,502
 521,965
 509,942
 505,258
 515,694
 510,619
 535,178
 501,021
 543,909
 521,153
 514,300
 529,444
 501,570
 523,440
 540,427
 500,150
 514,764
 521,568
 530,360
 508,050
 496,096
 498,116
 502,390
 493,385
 491,896
 506,700
 505,354
 531,847
 480,194
 487,030
 497,529
 483,703
 500,928
 511,400
 473,295
 479,813
 491,501
 480,337
 530,848
 490,940
 475,278
 521,488
 493,691
 487,869
 491,771
 487,038
 498,327
 508,123
 467,104
 503,455
 511,460
 462,518
 507,757
 486,635
 467,372
 513,790
 488,517
 482,784
 485,370
 492,544
 457,143
 479,198
 482,483
 432,237
 503,757
 483,589
 476,882
 485,718
 464,574
 513,205
 512,616
 482,471
 494,198
 465,736
 498,521
 483,564
 475,640
 521,303
 446,848
 496,231
 491,944
 494,552
 444,806
 489,504
 506,515
 488,648
 470,879
 483,393
 496,662
 480,249
 495,411
 531,688
 499,265
 501,517
 486,857
 485,753
 459,590
 523,623
 459,140
 451,256
 498,134
 413,349
 496,359
 485,318
 470,599
 509,938
 462,355
 518,068
 512,801
 503,949
 506,481
 494,466
 482,045
 541,226
 493,907
 536,635
 508,293
 490,273
 507,219
 492,477
 526,229
 518,475
 465,226
 526,652
 520,972
 468,715
 461,591
 496,224
 472,881
 474,829
 493,164
 506,762
 459,902
 505,155
 509,710
 516,975
 478,463
 511,967
 457,695
 493,208
 483,775
 479,700
 490,297
 455,426
 530,179
 499,505
 483,872
 474,810
 497,452
 485,661
 503,675
 510,767
 474,784
 475,623
 480,323
 493,021
 490,785
 481,081
 468,139
 478,169
 465,214
 448,872
 476,047
 516,377
 481,125
 483,755
 461,844
 486,472
 500,881
 525,087
 471,646
 533,497
 486,607
 455,535
 491,326
 473,571
 460,926
 463,414
 494,508
 483,285
 474,220
 458,695
 485,639
 496,094
 495,146
 487,452
 498,005
 507,634
 527,759
 510,980
 504,800
 490,406
 515,840
 491,828
 488,644
 491,061
 506,554
 517,705
 505,942
 493,287
 499,822
 496,537
 498,531
 488,352
 507,887
 531,582
 531,711
 506,040
 500,820
 487,362
 503,058
 530,965
 520,648
 515,390
 458,206
 540,160
 523,409
 483,432
 501,355
 593,076
 500,133
 547,057
 489,710
 500,464
 514,469
 505,644
 512,475
 521,873
 520,327
 518,909
 516,025
 494,893
 485,547
 473,386
 509,045
 555,934
 506,695
 484,293
 465,108
 512,527
 498,257
 535,259
 512,251
 490,173
 527,754
 526,759
 536,603
 489,640
 503,618
 510,051
 497,318
 483,850
 490,833
 531,201
 518,214
 497,703
 488,394
 527,034
 518,103
 527,878
 538,982
 519,796
 534,395
 534,453
 513,112
 494,890
 500,756
 538,431
 516,498
 540,128
 509,229
 497,647
 519,832
 511,830
 500,482
 541,289
 497,894
 512,375
 512,602
 506,501
 571,692
 510,137
 496,943
 505,618
 526,985
 526,316
 497,663
 457,489
 495,900
 522,269
 490,126
 521,523
 525,100
 541,508
 488,609
 516,587
 516,900
 527,327
 486,422
 542,014
 513,993
 563,796
 554,934
 536,920
 521,251
 518,658
 529,115
 508,407
 528,076
 541,619
 477,550
 525,018
 532,720
 532,924
 520,845
 523,378
 509,351
 511,699
 529,026
 505,638
 525,184
 510,805
 546,906
 536,314
 526,070
 541,712
 500,387
 525,256
 511,790
 548,183
 522,623
 507,185
 488,042
 561,191
 506,602
 553,239
 516,793
 500,433
 556,841
 535,733
 490,520
 546,281
 535,907
 518,816
 539,617
 507,111
 524,798
 522,175
 524,258
 513,845
 513,423
 531,890
 536,196
 510,003
 572,311
 522,448
 520,800
 486,045
 532,719
 534,159
 551,410
 548,424
 532,150
 538,146
 463,523
 506,159
 547,077
 536,031
 544,520
 524,134
 533,500
 483,837
 535,642
 521,452
 540,368
 549,740
 529,632
 547,023
 528,144
 515,495
 575,962
 530,504
 543,312
 547,155
 502,656
 508,747
 517,757
 553,483
 526,031
 532,839
 536,818
 510,847
 550,241
 527,242
 535,963
 496,287
 564,028
 525,114
 559,274
 505,733
 509,730
 511,539
 532,434
 540,744
 530,754
 537,741
 525,695
 495,516
 541,200
 542,518
 532,516
 479,661
 505,225
 496,851
 529,369
 546,802
 572,612
 510,287
 519,739
 510,244
 501,134
 530,194
 540,143
 550,984
 517,505
 545,679
 525,332
 519,982
 536,876
 517,153
 517,913
 523,218
 556,421
 521,280
 499,313
 530,529
 548,835
 545,630
 514,364
 524,555
 509,911
 524,943
 568,485
 524,234
 490,946
 531,733
 500,640
 544,872
 534,356
 505,590
 510,032
 509,494
 534,525
 487,269
 483,805
 529,376
 558,753
 504,569
 561,097
 542,503
 534,011
 491,961
 544,408
 503,886
 562,196
 542,588
 530,268
 523,669
 498,734
 486,365
 555,056
 506,202
 528,947
 543,705
 505,875
 551,424
 508,508
 486,479
 535,583
 525,591
 508,204
 528,996
 521,893
 512,662
 502,266
 511,004
 475,748
 541,651
 537,934
 518,428
 499,151
 543,483
 524,106
 532,470
 520,693
 536,929
 548,849
 515,920
 526,624
 504,823
 541,511
 499,710
 521,025
 525,050
 541,769
 528,666
 512,670
 520,600
 534,560
 518,951
 557,408
 502,926
 551,636
 549,667
 504,755
 496,054
 499,964
 537,889
 495,410
 539,658
 528,572
 492,562
 476,178
 530,408
 538,901
 520,357
 530,093
 503,593
 521,985
 506,157
 521,653
 508,579
 509,335
 512,669
 509,694
 529,508
 509,206
 506,182
 493,346
 498,836
 533,231
 530,565
 510,856
 522,885
 531,801
 524,539
 536,085
 534,752
 468,566
 514,339
 531,942
 532,761
 495,463
 542,938
 450,450
 499,265
 561,096
 518,594
 531,258
 491,309
 521,930
 481,679
 515,391
 517,346
 507,544
 537,168
 474,745
 508,114
 515,357
 487,984
 504,727
 541,898
 529,146
 530,950
 537,889
 525,608
 533,706
 505,975
 519,339
 475,218
 527,858
 493,426
 514,954
 508,708
 520,120
 482,439
 498,688
 516,536
 490,824
 474,010
 529,127
 499,979
 525,885
 496,694
 489,947
 485,354
 496,151
 522,450
 519,286
 498,661
 521,495
 506,623
 479,805
 511,770
 512,944
 513,840
 511,825
 498,510
 449,540
 502,422
 501,559
 537,661
 510,719
 504,137
 503,688
 507,319
 501,772
 509,110
 490,318
 518,546
 510,160
 483,850
 487,232
 491,191
 541,653
 507,403
 521,281
 496,813
 494,366
 491,818
 489,027
 517,432
 443,518
 490,046
 507,274
 481,588
 492,351
 508,528
 519,014
 509,251
 473,836
 477,682
 469,446
 492,020
 501,056
 502,830
 477,865
 504,726
 499,546
 517,219
 499,159
 496,601
 479,612
 508,750
 499,439
 472,505
 488,871
 502,539
 482,811
 501,691
 494,082
 494,793
 473,588
 484,130
 442,354
 504,348
 531,492
 501,441
 479,999
 502,522
 493,296
 515,231
 477,396
 481,402
 497,986
 412,096
 472,906
 475,703
 497,003
 474,561
 491,669
 488,827
 469,161
 513,289
 497,197
 490,957
 444,999
 475,612
 501,341
 470,373
 466,156
 488,424
 486,816
 479,084
 463,647
 485,872
 482,479
 481,706
 462,437
 503,520
 477,706
 503,694
 500,107
 496,977
 440,567
 475,441
 471,711
 482,869
 473,269
 486,450
 495,119
 490,152
 448,922
 515,237
 489,633
 457,272
 471,270
 526,380
 484,998
 457,160
 502,765
 448,373
 495,117
 503,602
 519,440
 465,059
 502,186
 519,701
 492,347
 493,591
 480,314
 455,747
 521,548
 476,387
 471,272
 523,879
 496,194
 480,219
 514,291
 469,682
 483,379
 500,520
 507,529
 478,237
 464,820
 503,274
 465,339
 527,890
 505,133
 503,855
 508,866
 478,719
 512,537
 490,586
 488,404
 495,074
 504,478
 513,436
 461,427
 494,437
 480,906
 466,953
 499,068
 514,408
 484,113
 498,777
 472,032
 512,992
 481,908
 502,920
 513,281
 510,331
 488,737
 528,120
 480,365
 514,167
 506,045
 467,922
 528,441
 481,023
 513,194
 529,713
 533,461
 519,067
 507,442
 507,493
 476,961
 483,947
 507,972
 468,269
 503,807
 525,939
 504,102
 521,305
 510,916
 551,992
 525,477
 503,755
 511,199
 506,206
 543,261
 497,997
 531,568
 504,016
 492,071
 506,943
 508,410
 524,663
 543,295
 519,564
 510,711
 555,480
 517,677
 545,429
 507,489
 503,290
 540,378
 534,437
 532,114
 542,653
 508,126
 516,005
 518,430
 540,590
 514,827
 521,613
 498,735
 530,160
 516,732
 550,304
 502,853
 538,135
 498,677
 547,572
 475,622
 546,814
 518,698
 531,255
 553,885
 528,341
 555,288
 499,287
 534,648
 491,814
 526,764
 553,390
 511,156
 550,896
 523,794
 516,812
 500,513
 541,770
 519,660
 539,423
 512,872
 512,731
 507,134
 515,236
 505,175
 531,509
 523,958
 552,456
 529,780
 530,167
 508,851
 547,231
 482,669
 439,339
 543,521
 573,546
 503,488
 481,109
 532,682
 531,580
 505,755
 517,869
 541,465
 525,714
 513,295
 524,230
 517,930
 538,093
 551,128
 492,487
 520,795
 491,187
 538,175
 550,003
 489,450
 507,096
 506,694
 534,145
 517,214
 475,779
 515,821
 536,014
 537,199
 564,883
 520,064
 527,795
 524,750
 536,628
 515,883
 528,160
 543,781
 510,983
 510,256
 490,442
 516,754
 544,641
 502,532
 532,257
 517,036
 535,692
 541,634
 519,958
 496,811
 533,671
 522,229
 500,329
 522,821
 538,957
 503,311
 526,535
 531,039
 485,584
 541,575
 508,766
 559,240
 515,378
 532,414
 523,942
 499,056
 465,507
 545,579
 518,875
 490,326
 521,343
 527,286
 473,771
 527,592
 512,716
 507,462
 438,832
 530,844
 477,508
 508,853
 545,343
 584,925
 524,057
 491,084
 501,268
 515,707
 518,815
 533,630
 485,213
 509,913
 527,756
 536,313
 537,452
 527,289
 502,961
 497,030
 534,726
 506,329
 488,628
 528,272
 501,246
 517,902
 507,768
 481,875
 476,017
 538,083
 484,496
 493,418
 527,130
 523,444
 508,838
 535,166
 488,815
 496,309
 463,212
 477,697
 462,009
 514,856
 541,922
 502,365
 503,870
 504,304
 557,961
 529,926
 497,078
 524,607
 507,068
 492,797
 514,719
 538,723
 497,378
 524,634
 517,317
 475,789
 523,800
 511,403
 473,783
 539,829
 514,501
 525,292
 506,760
 495,123
 474,403
























































































































































































































































































































































































































































































































































































































































































































































































































































































































































































































































































































































































































































































































































































































































































































































































































































































































































































































































































































































































































































































































































































































































































































































































































































































































































































































































































































































































































































































































































































































































































































































































































































































































































































































































































































































































































































































































































































































































































































































































































































































































































































































































































































































































































































































































































































































































































































































































































































































































































































































































































































































































































































































































































































































































































































































































































































































































































































































































































































































































































































































































































































































































































































































































































































































































































































































































































































































































































































































































































































































































































































































































































































































































































































































































































































































































































































































































































































































































































































































































































































































































































































































































































































































































































































































































































































































































































































































































































































































































































































































































































































































































































































































































































































































































































































































































































































































































































































































































































































































































































































































































































































































































































































































































































































































































































































































































































































































































































































































































































































































































































































































































































































































































































































































































































































































































































































































































































































































































































































































































































































































































































































































































































































































































































































































































































































































































































































































































































































































































































































































































































































































































































































































































































































































































































































































































































































































































































































































































































































































































































































































































































































































































































































































































































































































































































































































































































































































































































































































































































































































































































































































































































































































































































































































































































































































































































































































































































































































































































































































































































































































































































































































































































































































































































































































































































































































































































































































































































































































































































































































































































































































































































































































































































































































































































































































































































































































































































































































































































































































































































































































































































































































































































































































































































































































































































































































































































































































































































































































































































































































































































































































































































































































































































































































































































































































































































































































































































































































































































































































































































































































































































































































































































































































































































































































































































































































































































































































































































































































































































































































































































































































































































































































































































































































































































































































































































































































































































































































































































































































































































































































































































































































































































































































































































































































































































































































































































































































































































































































































































































































































































































































































































































































































































































































































































































































































































































































































































































































































































































































































































































































































































































































































































































































































































































































































































































































































































































































































































































































































































































































































































































































































































































































































































































































































































































































































































































































































































































































































































































































































































































































































































































































































































































































































































































































































































































































































































































































































































































































































































































































































































































































































































































































































































































































































































































































































































































































































































































































































































































































































































































































































































































































































































































































































































































































































































































































































































































































































































































































































































































































































































































































































































































































































































































































































































































































































































































































































































































































































































































































































































































































































































































































































































































































































































