 643,214
 634,905
 646,064
 637,748
 654,717
 621,375
 660,863
 588,375
 649,530
 611,020
 619,929
 638,271
 630,590
 637,991
 655,105
 636,168
 639,755
 671,327
 616,651
 657,649
 608,225
 596,233
 645,857
 621,756
 632,909
 593,916
 635,058
 608,268
 638,506
 648,606
 667,836
 638,335
 610,594
 616,650
 614,119
 636,179
 604,782
 600,606
 600,455
 625,722
 600,965
 644,219
 635,103
 628,099
 625,202
 642,581
 618,271
 620,508
 648,614
 655,570
 621,586
 584,620
 600,023
 634,442
 611,901
 613,668
 644,788
 630,165
 634,298
 628,467
 647,927
 615,387
 638,466
 607,834
 596,035
 646,162
 626,046
 652,357
 660,033
 605,616
 660,920
 611,740
 651,827
 610,982
 636,043
 642,991
 598,404
 638,492
 610,105
 603,108
 636,021
 589,320
 646,574
 631,801
 607,273
 620,094
 639,656
 601,077
 615,022
 645,017
 637,004
 607,772
 609,203
 634,551
 610,029
 619,847
 650,897
 610,596
 620,561
 612,048
 634,949
 650,582
 606,718
 634,622
 617,459
 615,153
 618,817
 632,036
 649,385
 638,378
 629,927
 620,643
 661,404
 599,611
 642,097
 634,812
 627,560
 620,308
 594,817
 600,048
 612,339
 599,335
 577,968
 638,380
 636,102
 616,068
 618,590
 634,565
 611,590
 613,175
 613,617
 625,677
 643,915
 609,758
 605,340
 587,443
 593,268
 582,597
 632,652
 611,052
 621,304
 646,317
 620,118
 628,575
 635,503
 599,174
 593,411
 604,622
 573,508
 586,165
 599,209
 621,732
 593,225
 593,457
 581,843
 606,133
 601,031
 620,634
 600,020
 659,095
 608,688
 629,444
 613,667
 587,575
 602,364
 596,218
 584,591
 589,335
 599,749
 620,079
 606,598
 587,278
 594,522
 578,336
 630,253
 582,701
 613,096
 600,277
 585,354
 624,830
 595,655
 601,096
 577,038
 603,602
 611,862
 593,643
 601,533
 604,047
 595,058
 605,865
 625,697
 613,838
 587,253
 562,603
 573,536
 611,278
 590,238
 576,127
 559,958
 619,073
 600,221
 580,745
 577,203
 590,449
 611,947
 572,424
 574,625
 554,477
 591,487
 562,912
 538,071
 581,275
 605,490
 602,963
 584,007
 577,597
 610,348
 546,016
 592,826
 586,471
 547,916
 578,590
 549,727
 589,376
 562,511
 589,781
 562,490
 581,987
 561,808
 609,428
 566,057
 605,932
 537,517
 606,826
 590,880
 572,251
 579,171
 590,758
 582,185
 567,641
 577,247
 586,485
 573,691
 555,252
 568,217
 563,933
 545,936
 548,313
 548,093
 556,970
 548,688
 559,242
 551,040
 547,947
 532,610
 553,884
 579,666
 575,366
 503,794
 554,766
 544,704
 553,216
 548,500
 586,544
 561,417
 536,282
 560,117
 496,512
 509,551
 538,384
 536,850
 549,680
 535,554
 561,267
 512,402
 546,041
 552,541
 547,970
 551,569
 528,206
 544,030
 516,604
 508,740
 553,269
 544,721
 532,570
 519,942
 563,447
 538,674
 526,714
 508,521
 546,586
 540,645
 533,861
 553,038
 534,808
 558,348
 534,065
 528,010
 551,517
 530,371
 535,340
 539,161
 530,182
 533,422
 558,510
 531,844
 510,623
 513,351
 551,282
 528,164
 494,528
 547,949
 515,420
 502,912
 514,248
 527,722
 523,302
 519,694
 546,839
 525,871
 558,906
 521,953
 489,931
 532,688
 541,075
 521,305
 512,496
 535,024
 516,371
 535,940
 523,916
 534,005
 512,973
 511,175
 522,211
 515,390
 513,478
 518,296
 546,354
 498,783
 548,761
 516,146
 526,511
 511,970
 509,337
 502,233
 494,806
 515,496
 496,095
 496,409
 494,342
 519,957
 493,832
 502,805
 513,169
 508,998
 549,995
 520,076
 486,864
 522,655
 484,373
 491,199
 515,683
 521,705
 511,962
 521,659
 503,529
 537,770
 512,363
 522,273
 489,913
 504,804
 464,483
 537,190
 474,521
 498,261
 480,844
 497,588
 493,515
 531,681
 468,100
 520,134
 497,156
 512,823
 547,119
 473,272
 512,016
 492,493
 525,149
 484,476
 501,985
 489,678
 532,895
 490,245
 493,565
 491,392
 489,860
 505,019
 497,733
 483,930
 500,272
 515,793
 467,223
 481,375
 506,153
 501,264
 511,726
 486,340
 504,444
 469,291
 516,738
 507,327
 487,285
 538,522
 520,187
 534,788
 483,115
 499,020
 501,238
 513,859
 466,680
 500,021
 476,739
 493,190
 527,034
 520,079
 490,204
 466,951
 503,257
 510,990
 512,506
 499,984
 487,497
 467,068
 488,908
 510,294
 480,555
 478,635
 497,694
 474,896
 502,194
 499,911
 497,415
 507,839
 489,665
 492,643
 503,421
 487,641
 480,308
 487,825
 445,305
 489,606
 491,693
 501,422
 493,990
 487,878
 516,136
 470,364
 491,514
 483,672
 498,069
 455,732
 446,363
 493,110
 468,564
 437,456
 493,065
 469,619
 481,085
 487,412
 490,706
 485,402
 450,517
 495,881
 488,719
 501,106
 501,132
 509,034
 463,831
 469,970
 479,611
 501,637
 488,610
 457,627
 524,791
 487,430
 482,116
 484,580
 511,806
 481,303
 514,042
 482,652
 493,686
 454,585
 475,074
 510,664
 481,864
 482,029
 484,572
 511,191
 529,168
 491,384
 514,598
 470,316
 500,990
 504,756
 488,717
 481,743
 474,720
 486,405
 486,928
 456,584
 519,609
 504,264
 498,940
 494,052
 481,788
 463,839
 514,937
 486,767
 469,306
 494,179
 469,781
 484,430
 480,032
 451,343
 479,085
 507,255
 485,067
 494,760
 441,433
 497,039
 521,976
 496,978
 469,161
 476,337
 463,447
 483,399
 480,035
 488,558
 477,810
 523,103
 527,514
 476,264
 427,821
 486,617
 481,649
 477,579
 516,438
 479,633
 502,498
 495,857
 486,603
 506,781
 501,590
 477,747
 478,759
 426,530
 500,801
 495,094
 465,669
 477,231
 484,562
 526,522
 484,073
 500,153
 501,377
 472,866
 490,662
 457,576
 462,437
 486,961
 482,511
 533,334
 492,054
 458,487
 485,282
 492,608
 488,637
 499,118
 514,268
 488,128
 483,069
 448,992
 477,424
 467,499
 473,150
 498,432
 487,241
 471,346
 510,335
 478,989
 469,632
 485,447
 459,466
 489,405
 497,470
 493,948
 493,424
 499,687
 493,409
 478,942
 474,037
 493,515
 478,155
 476,947
 483,400
 502,649
 466,347
 496,471
 468,673
 492,121
 498,977
 453,525
 512,737
 505,843
 456,555
 455,717
 456,112
 521,131
 458,150
 484,895
 440,301
 469,887
 457,210
 522,012
 491,699
 482,185
 470,026
 465,806
 451,445
 480,351
 464,354
 459,116
 459,515
 473,071
 485,324
 467,731
 482,986
 496,163
 501,941
 487,143
 473,478
 504,795
 518,817
 478,799
 475,838
 490,465
 508,508
 465,401
 494,564
 472,235
 494,079
 517,302
 504,094
 497,669
 483,418
 460,587
 505,845
 512,827
 516,270
 473,659
 482,958
 491,569
 474,327
 496,497
 481,607
 494,078
 487,329
 482,367
 436,142
 454,130
 492,393
 471,601
 497,209
 480,127
 508,513
 488,400
 509,084
 481,238
 509,623
 475,170
 499,473
 484,545
 471,491
 484,975
 452,190
 484,423
 471,671
 465,711
 505,762
 491,655
 466,534
 514,421
 476,876
 489,108
 468,759
 486,375
 482,240
 453,940
 464,407
 471,936
 499,094
 515,061
 481,780
 479,299
 533,394
 485,717
 469,313
 480,449
 473,279
 495,961
 485,940
 482,558
 515,959
 461,560
 518,664
 476,717
 491,895
 501,281
 475,657
 501,464
 483,843
 452,161
 471,585
 484,184
 478,347
 502,322
 476,142
 482,697
 496,841
 476,711
 512,632
 496,954
 498,526
 496,214
 487,100
 473,153
 487,781
 466,289
 490,511
 497,424
 482,029
 524,208
 477,533
 453,340
 511,093
 508,445
 508,206
 489,093
 477,943
 487,316
 504,262
 506,674
 516,879
 486,223
 472,226
 472,236
 439,198
 491,183
 489,252
 490,581
 479,573
 507,566
 471,119
 476,005
 460,120
 494,502
 498,484
 492,627
 501,580
 482,166
 490,949
 468,353
 509,864
 521,345
 507,197
 513,221
 487,479
 492,317
 472,462
 467,990
 486,060
 450,223
 463,053
 482,843
 513,610
 504,873
 498,560
 488,074
 472,061
 503,255
 461,327
 503,791
 501,260
 464,114
 476,785
 484,134
 478,661
 478,960
 508,991
 489,984
 485,941
 480,539
 520,450
 502,423
 534,754
 473,590
 477,020
 478,158
 498,552
 516,818
 472,304
 508,651
 480,536
 470,258
 504,916
 480,464
 479,178
 492,492
 470,429
 470,821
 517,069
 495,443
 488,737
 496,822
 480,536
 471,453
 482,125
 502,093
 481,755
 492,114
 514,274
 508,786
 499,149
 523,262
 493,821
 501,495
 463,785
 498,727
 483,994
 494,757
 501,846
 504,766
 505,519
 514,025
 493,717
 472,956
 504,073
 492,856
 501,475
 486,103
 478,376
 546,210
 501,509
 473,589
 500,362
 518,625
 506,505
 503,141
 503,976
 490,064
 519,727
 510,830
 442,210
 532,157
 486,533
 490,614
 520,792
 523,302
 499,929
 495,954
 528,093
 521,892
 469,999
 516,319
 493,075
 475,096
 491,550
 515,961
 471,953
 516,218
 504,673
 493,731
 470,740
 518,777
 537,558
 477,024
 472,732
 432,957
 493,309
 508,283
 457,891
 471,746
 526,964
 531,487
 502,607
 494,526
 537,039
 505,744
 497,103
 485,852
 544,327
 521,539
 512,876
 514,868
 515,686
 504,410
 496,179
 501,115
 506,765
 500,720
 524,858
 519,186
 473,084
 500,949
 500,322
 519,253
 503,691
 474,691
 471,359
 528,720
 475,307
 528,642
 519,580
 476,920
 534,455
 511,111
 525,336
 507,655
 508,975
 509,117
 499,676
 502,577
 496,013
 497,625
 490,151
 510,798
 499,279
 505,263
 495,798
 498,390
 522,692
 502,918
 499,174
 477,383
 511,639
 457,678
 488,101
 509,273
 521,630
 505,068
 541,197
 521,205
 520,871
 528,561
 542,640
 490,096
 527,158
 514,525
 513,201
 529,882
 527,489
 521,339
 510,446
 524,822
 508,334
 514,059
 525,426
 525,213
 505,567
 516,819
 542,768
 502,814
 533,040
 546,393
 536,545
 518,594
 523,129
 541,025
 510,748
 528,036
 470,611
 497,350
 518,044
 518,319
 534,333
 572,611
 524,035
 504,172
 505,333
 555,521
 571,006
 527,764
 542,297
 500,325
 540,122
 544,114
 524,584
 504,846
 525,442
 529,162
 554,662
 532,178
 523,857
 503,945
 524,965
 521,579
 568,400
 566,560
 519,433
 571,004
 529,707
 540,385
 536,684
 522,864
 534,035
 536,578
 566,377
 541,227
 548,151
 538,826
 519,592
 544,985
 549,147
 534,050
 530,386
 526,129
 526,150
 534,706
 536,655
 537,603
 518,724
 534,419
 509,038
 555,530
 537,368
 550,020
 517,880
 516,943
 562,281
 563,000
 569,913
 541,241
 556,221
 545,466
 562,344
 551,595
 553,058
 563,027
 557,460
 530,232
 541,073
 565,625
 555,407
 547,380
 548,193
 542,387
 545,132
 535,508
 553,985
 531,791
 523,114
 579,241
 573,987
 519,131
 559,155
 551,917
 546,645
 520,352
 593,040
 578,295
 505,470
 570,897
 549,038
 542,573
 515,877
 539,873
 564,031
 567,288
 575,467
 591,917
 570,777
 544,344
 544,862
 585,337
 559,757
 545,133
 575,564
 544,915
 574,631
 579,792
 571,837
 575,059
 564,252
 575,729
 587,097
 577,074
 598,695
 567,092
 583,076
 582,695
 551,192
 574,246
 603,156
 573,930
 545,996
 594,429
 591,791
 573,709
 600,120
 587,607
 567,170
 598,332
 552,025
 588,466
 606,102
 563,702
 591,720
 612,333
 581,479
 609,536
 586,183
 572,704
 641,164
 605,336
 592,181
 592,652
 607,452
 606,723
 594,369
 577,789
 562,492
 600,155
 610,798
 600,097
 579,765
 593,708
 625,712
 633,105
 611,015
 656,782
 618,095
 608,823
 628,425
 629,529
 572,715
 621,081
 642,107
 622,576
 618,358
 664,584
 664,414
 606,171
 646,353
 625,362
 630,065
 650,428
 650,696
 661,615
 629,802
 661,227
 655,127
 663,050
 670,121
 687,756
 642,055
 648,086
 656,128
 725,748
 678,663
 665,522
 690,254
 660,998
 673,413
 669,854
 663,053
 653,987
 745,472
 689,759
 735,120
 697,690
 712,237
 721,682
 742,215
 702,054
 701,839
 653,339
 700,777
 719,826
 729,712
 738,444
 749,374
 700,657
 721,067
 732,155
 714,798
 673,416
 725,305
 737,198
 716,864
 746,064
 770,485
 742,722
 791,525
 767,975
 716,969
 734,940
 775,634
 765,815
 779,280
 720,940
 785,438
 796,474
 773,924
 783,202
 771,071
 818,357
 803,488
 789,153
 833,577
 812,738
 791,481
 803,656
 819,065
 853,826
 852,984
 826,980
 835,026
 799,031
 831,712
 817,034
 856,068
 864,076
 809,891
 822,375
 871,665
 892,817
 873,714
 834,345
 860,030
 902,677
 857,234
 890,356
 913,513
 873,553
 893,486
 911,340
 907,781
 926,736
 902,171
 917,316
 951,137
 973,297
 909,604
 898,070
 946,770
 931,013
 930,275
 972,573
 972,393
 999,035
 947,364
 950,433
 975,260
 979,997
 947,850
 949,160
 972,586
 980,809
 1015,622
 983,331
 998,011
 987,734
 995,538
 989,024
 1052,500
 1044,867
 1041,420
 1053,558
 1064,487
 1036,532
 1063,771
 1068,015
 1014,703
 1068,326
 1083,608
 1081,653
 1052,359
 1076,939
 1102,443
 1109,584
 1112,355
 1110,470
 1103,218
 1085,115
 1142,697
 1170,943
 1164,091
 1136,257
 1188,687
 1155,678
 1179,731
 1167,616
 1206,933
 1198,136
 1202,353
 1183,385
 1246,476
 1213,180
 1220,117
 1230,425
 1229,490
 1187,818
 1258,887
 1280,516
 1225,769
 1235,515
 1257,786
 1233,084
 1212,626
 1290,445
 1248,873
 1277,526
 1300,975
 1249,734
 1307,176
 1321,304
 1314,362
 1307,505
 1319,849
 1348,680
 1368,635
 1384,085
 1320,496
 1368,002
 1344,754
 1413,373
 1355,677
 1365,092
 1383,335
 1393,201
 1394,710
 1392,420
 1454,414
 1404,015
 1411,823
 1420,609
 1412,077
 1440,764
 1472,271
 1440,183
 1448,573
 1470,785
 1439,312
 1474,289
 1464,016
 1507,611
 1510,098
 1476,643
 1536,620
 1513,133
 1534,174
 1560,622
 1496,802
 1520,654
 1550,097
 1543,412
 1541,601
 1537,986
 1501,927
 1585,044
 1569,362
 1577,094
 1572,754
 1569,859
 1590,144
 1619,990
 1600,327
 1617,564
 1607,410
 1627,491
 1617,320
 1609,303
 1593,324
 1599,694
 1621,269
 1648,776
 1738,261
 1667,912
 1668,497
 1742,948
 1678,904
 1683,680
 1652,892
 1709,106
 1688,665
 1780,639
 1772,182
 1719,095
 1747,442
 1763,919
 1758,644
 1733,948
 1728,004
 1764,665
 1760,879
 1806,472
 1796,617
 1760,069
 1719,768
 1821,685
 1801,094
 1778,767
 1803,127
 1827,716
 1870,381
 1815,497
 1802,429
 1845,691
 1927,776
 1880,056
 1925,000
 1873,671
 1868,288
 1914,240
 1941,350
 1893,853
 1852,987
 1908,278
 1888,837
 1938,192
 1887,762
 1972,343
 1952,747
 1944,019
 1914,074
 1971,652
 1942,196
 1876,606
 1992,705
 1972,516
 1991,095
 1991,617
 2035,030
 2000,734
 2031,893
 2016,270
 1998,827
 2056,736
 2041,965
 1998,191
 2054,035
 2036,248
 2031,404
 2032,578
 2102,826
 2062,765
 2057,150
 2052,632
 2085,969
 2082,035
 2100,771
 2072,057
 2039,091
 2123,883
 2088,213
 2097,351
 2144,962
 2078,491
 2168,870
 2156,030
 2097,798
 2128,379
 2152,509
 2131,539
 2160,270
 2172,279
 2173,452
 2227,505
 2214,762
 2171,540
 2241,901
 2218,617
 2218,434
 2199,036
 2202,550
 2202,497
 2260,608
 2239,578
 2183,274
 2213,325
 2203,043
 2254,990
 2232,046
 2221,929
 2240,281
 2298,177
 2277,366
 2234,867
 2317,434
 2260,023
 2232,810
 2274,797
 2308,694
 2271,634
 2355,106
 2317,935
 2268,705
 2305,822
 2353,081
 2323,926
 2311,841
 2329,090
 2294,183
 2368,446
 2333,465
 2361,850
 2406,288
 2373,687
 2354,410
 2357,818
 2356,592
 2365,751
 2408,681
 2390,705
 2390,877
 2409,215
 2364,765
 2416,787
 2466,867
 2356,488
 2379,910
 2370,016
 2395,152
 2493,163
 2411,269
 2464,668
 2477,945
 2391,104
 2440,206
 2412,042
 2438,805
 2455,556
 2415,355
 2456,391
 2447,925
 2479,983
 2469,920
 2476,902
 2542,357
 2502,528
 2476,896
 2536,114
 2458,988
 2460,989
 2486,493
 2575,352
 2528,885
 2518,234
 2563,249
 2515,114
 2473,237
 2549,605
 2491,520
 2497,075
 2560,917
 2533,175
 2580,935
 2588,092
 2597,056
 2505,347
 2565,533
 2544,887
 2632,953
 2597,092
 2561,023
 2535,953
 2598,082
 2629,830
 2504,588
 2594,348
 2554,404
 2500,753
 2590,529
 2549,813
 2616,184
 2658,406
 2609,655
 2579,377
 2641,121
 2614,687
 2626,532
 2646,627
 2652,306
 2657,079
 2699,737
 2649,131
 2654,914
 2630,211
 2627,942
 2642,686
 2662,811
 2693,299
 2718,472
 2690,877
 2673,875
 2710,431
 2639,222
 2709,303
 2666,570
 2716,717
 2711,075
 2691,274
 2668,159
 2707,821
 2733,933
 2677,640
 2676,477
 2694,228
 2726,853
 2759,443
 2716,948
 2635,974
 2756,361
 2658,168
 2735,870
 2750,572
 2762,569
 2749,211
 2735,803
 2739,117
 2720,217
 2776,468
 2751,681
 2794,128
 2746,521
 2743,231
 2742,958
 2739,738
 2816,326
 2781,684
 2813,947
 2812,366
 2789,061
 2811,105
 2820,961
 2801,826
 2817,550
 2804,796
 2831,166
 2860,277
 2847,298
 2815,687
 2872,934
 2858,630
 2820,857
 2836,933
 2863,301
 2852,403
 2816,043
 2851,309
 2828,829
 2843,361
 2898,443
 2842,267
 2884,653
 2885,802
 2853,516
 2850,345
 2920,706
 2838,909
 2900,272
 2878,085
 2867,782
 2884,411
 2917,999
 2931,135
 2884,760
 2949,109
 2914,336
 2869,200
 2928,682
 2901,535
 2931,053
 2918,610
 2937,431
 2896,562
 2980,767
 2945,528
 2980,766
 2925,116
 2920,760
 2915,184
 2914,537
 2960,970
 2954,037
 2901,299
 2942,487
 2938,656
 2928,539
 3044,875
 2903,393
 2943,880
 2977,800
 3024,520
 2972,870
 2917,930
 3010,605
 2996,410
 3007,809
 3030,969
 3076,532
 2996,722
 2989,154
 2963,090
 2981,068
 3018,828
 3039,621
 3037,554
 3049,387
 3028,578
 3005,778
 3029,150
 3022,078
 3052,554
 3046,586
 3068,240
 3054,617
 3059,560
 3087,416
 3029,802
 3076,389
 3053,188
 3105,688
 3101,785
 3070,321
 3160,458
 3025,258
 3103,507
 3064,223
 3096,225
 3148,874
 3087,343
 3108,848
 3101,940
 3064,149
 3089,043
 3118,512
 3152,203
 3099,664
 3087,181
 3068,855
 3148,079
 3193,820
 3115,586
 3116,326
 3134,461
 3122,194
 3154,296
 3152,201
 3165,266
 3174,544
 3109,940
 3121,012
 3143,934
 3155,976
 3170,055
 3181,979
 3208,001
 3161,288
 3187,693
 3119,844
 3213,576
 3179,204
 3191,566
 3120,090
 3182,740
 3153,627
 3218,503
 3135,178
 3172,259
 3193,861
 3187,087
 3167,841
 3156,149
 3188,767
 3188,893
 3197,690
 3227,303
 3219,867
 3187,962
 3164,367
 3197,096
 3225,612
 3296,819
 3231,625
 3208,991
 3172,492
 3188,799
 3209,623
 3212,059
 3221,015
 3293,451
 3321,478
 3269,823
 3227,128
 3230,682
 3231,754
 3261,998
 3279,408
 3274,873
 3276,708
 3218,363
 3235,668
 3302,038
 3329,506
 3267,917
 3330,390
 3309,346
 3271,709
 3257,456
 3267,176
 3365,030
 3281,493
 3312,961
 3317,230
 3342,364
 3370,763
 3344,586
 3321,725
 3313,369
 3344,448
 3314,540
 3243,994
 3349,440
 3341,336
 3350,220
 3296,106
 3299,864
 3249,140
 3281,700
 3280,679
 3389,819
 3255,686
 3304,227
 3310,875
 3382,911
 3370,553
 3326,362
 3305,513
 3333,726
 3347,353
 3403,847
 3318,845
 3394,563
 3311,121
 3327,441
 3394,075
 3404,800
 3329,208
 3356,347
 3430,583
 3421,427
 3330,967
 3390,663
 3357,744
 3418,451
 3425,428
 3397,738
 3427,529
 3431,232
 3387,624
 3409,593
 3429,256
 3407,883
 3374,855
 3398,772
 3396,035
 3377,160
 3417,497
 3391,182
 3448,099
 3379,035
 3381,934
 3407,479
 3402,327
 3424,167
 3478,661
 3430,192
 3434,624
 3456,785
 3456,352
 3483,085
 3432,526
 3493,166
 3490,430
 3392,931
 3451,738
 3452,136
 3445,035
 3425,711
 3413,991
 3488,147
 3447,200
 3481,239
 3402,189
 3538,024
 3462,037
 3457,159
 3496,420
 3497,219
 3461,567
 3500,369
 3470,679
 3461,478
 3508,142
 3483,706
 3499,245
 3511,823
 3481,958
 3495,529
 3519,946
 3508,765
 3562,298
 3475,832
 3522,590
 3515,583
 3530,646
 3531,117
 3521,037
 3559,207
 3545,813
 3555,922
 3589,113
 3508,128
 3577,228
 3538,542
 3565,613
 3528,659
 3515,311
 3546,913
 3569,795
 3528,140
 3556,669
 3498,442
 3574,838
 3557,115
 3572,203
 3591,626
 3567,086
 3621,528
 3585,517
 3576,187
 3612,069
 3627,531
 3588,322
 3587,166
 3594,008
 3516,859
 3560,894
 3572,814
 3602,424
 3545,289
 3604,689
 3605,179
 3540,159
 3566,719
 3585,196
 3606,630
 3604,509
 3657,954
 3590,135
 3575,659
 3600,289
 3539,400
 3599,149
 3608,379
 3586,686
 3619,289
 3649,537
 3609,545
 3624,183
 3549,674
 3576,511
 3525,560
 3660,455
 3600,194
 3631,042
 3724,857
 3625,789
 3655,429
 3576,983
 3620,263
 3651,115
 3643,249
 3635,722
 3665,992
 3603,720
 3687,797
 3620,423
 3675,085
 3615,428
 3661,294
 3676,325
 3674,287
 3582,691
 3706,171
 3698,153
 3674,273
 3618,303
 3662,666
 3648,217
 3677,959
 3642,881
 3710,001
 3664,974
 3647,326
 3659,814
 3691,513
 3644,439
 3712,579
 3629,376
 3702,597
 3654,231
 3674,978
 3664,152
 3713,893
 3725,617
 3675,286
 3706,825
 3736,681
 3701,037
 3711,619
 3716,696
 3708,816
 3670,197
 3809,445
 3744,093
 3729,317
 3740,369
 3687,674
 3743,031
 3744,459
 3710,629
 3756,852
 3734,210
 3705,578
 3706,612
 3815,608
 3719,831
 3681,414
 3732,901
 3772,332
 3719,536
 3742,883
 3766,435
 3766,856
 3713,935
 3774,507
 3771,555
 3786,363
 3765,064
 3838,759
 3750,399
 3786,213
 3781,853
 3780,169
 3773,769
 3743,503
 3812,586
 3747,280
 3810,383
 3788,637
 3801,633
 3781,870
 3709,443
 3834,217
 3821,473
 3768,255
 3829,304
 3759,097
 3815,165
 3762,498
 3756,043
 3805,477
 3841,447
 3797,877
 3840,663
 3820,268
 3837,000
 3820,908
 3780,104
 3827,245
 3785,136
 3845,278
 3760,051
 3823,076
 3848,017
 3839,563
 3855,540
 3848,845
 3885,639
 3789,712
 3791,011
 3871,481
 3800,170
 3796,772
 3818,458
 3892,388
 3884,994
 3927,871
 3851,467
 3837,031
 3882,766
 3843,041
 3856,384
 3911,620
 3825,976
 3875,377
 3937,974
 3836,207
 3834,490
 3923,193
 3904,059
 3838,603
 3798,935
 3906,896
 3929,589
 3953,303
 3851,782
 3891,365
 3886,917
 3971,777
 3869,253
 3931,032
 3912,783
 3852,491
 3912,380
 3926,478
 3862,521
 3965,763
 3965,323
 3885,037
 3885,268
 3948,141
 3896,091
 3868,496
 3913,660
 3907,991
 4015,282
 3963,082
 3986,917
 3961,770
 3884,166
 4001,124
 3999,716
 3986,867
 4018,952
 3991,820
 3953,480
 3967,709
 3972,594
 3993,184
 3993,107
 3983,886
 3980,960
 3973,242
 4030,097
 3974,326
 4008,075
 4038,108
 3960,845
 3962,256
 4020,857
 3959,543
 3911,365
 4008,227
 3953,132
 3963,454
 4038,321
 3991,037
 4030,437
 4008,997
 4070,223
 4044,142
 4065,915
 4029,064
 4046,193
 4033,546
 4090,256
 4051,063
 4034,398
 4061,775
 4060,593
 4029,668
 4060,466
 4065,419
 3992,353
 4114,813
 4095,408
 4038,111
 4034,505
 4045,096
 4096,138
 4087,768
 4081,676
 4054,199
 4052,121
 4178,444
 4077,731
 4055,483
 4065,658
 4066,816
 4095,413
 4124,551
 4106,282
 4099,123
 4160,722
 4121,056
 4151,303
 4144,580
 4130,711
 4168,388
 4127,079
 4145,036
 4082,738
 4142,147
 4143,254
 4069,061
 4141,261
 4199,598
 4183,940
 4188,233
 4103,714
 4160,545
 4122,514
 4128,886
 4123,106
 4082,557
 4171,412
 4235,744
 4232,172
 4196,280
 4222,181
 4123,727
 4181,004
 4197,922
 4185,757
 4206,869
 4221,629
 4266,758
 4135,245
 4158,795
 4259,113
 4129,787
 4218,528
 4288,055
 4245,151
 4183,838
 4199,753
 4250,632
 4250,732
 4224,542
 4206,414
 4196,747
 4180,316
 4236,088
 4242,330
 4222,932
 4241,351
 4214,711
 4256,309
 4176,834
 4210,858
 4287,497
 4388,528
 4196,424
 4185,888
 4303,796
 4303,015
 4223,560
 4275,394
 4341,330
 4289,685
 4290,940
 4268,160
 4316,994
 4196,426
 4286,320
 4264,839
 4318,015
 4318,086
 4251,969
 4307,965
 4384,935
 4277,038
 4308,943
 4276,713
 4318,603
 4281,372
 4283,082
 4320,430
 4336,048
 4347,971
 4366,858
 4371,031
 4330,551
 4317,288
 4321,108
 4290,916
 4341,057
 4319,487
 4338,581
 4378,862
 4263,654
 4276,223
 4317,999
 4277,632
 4402,436
 4331,174
 4340,489
 4471,733
 4443,544
 4342,579
 4329,921
 4414,532
 4326,938
 4419,338
 4361,701
 4357,896
 4431,366
 4375,650
 4364,758
 4433,872
 4397,849
 4419,987
 4291,520
 4378,364
 4408,963
 4379,933
 4395,564
 4436,340
 4421,179
 4362,459
 4467,559
 4435,467
 4405,511
 4359,293
 4434,258
 4435,113
 4369,971
 4454,460
 4446,010
 4421,896
 4333,106
 4430,700
 4379,614
 4428,710
 4521,316
 4515,413
 4461,825
 4416,141
 4484,881
 4501,270
 4450,667
 4435,543
 4438,215
 4440,557
 4445,082
 4470,286
 4469,246
 4503,523
 4408,504
 4448,540
 4425,534
 4453,021
 4471,798
 4481,015
 4466,049
 4552,323
 4477,559
 4451,491
 4444,937
 4477,884
 4481,213
 4472,815
 4505,786
 4426,132
 4466,403
 4503,960
 4551,100
 4592,026
 4493,000
 4511,604
 4444,771
 4468,555
 4486,078
 4485,051
 4440,434
 4461,096
 4549,823
 4553,315
 4423,814
 4453,226
 4514,660
 4610,655
 4506,746
 4527,172
 4575,421
 4569,597
 4512,309
 4527,891
 4501,603
 4544,953
 4534,230
 4548,878
 4568,527
 4543,382
 4568,699
 4501,316
 4557,118
 4550,408
 4513,374
 4511,086
 4592,127
 4535,237
 4540,974
 4536,290
 4606,284
 4594,301
 4557,409
 4503,693
 4520,145
 4546,161
 4546,928
 4585,968
 4647,910
 4553,987
 4540,150
 4516,902
 4640,478
 4592,674
 4582,775
 4600,811
 4647,769
 4594,775
 4599,330
 4620,090
 4621,783
 4601,984
 4596,337
 4547,892
 4541,650
 4559,526
 4553,280
 4586,993
 4554,173
 4574,150
 4589,804
 4583,418
 4551,195
 4634,294
 4638,587
 4586,301
 4506,573
 4670,084
 4594,558
 4581,168
 4623,395
 4606,101
 4610,795
 4648,081
 4671,800
 4623,403
 4714,812
 4596,430
 4635,798
 4709,313
 4689,488
 4628,549
 4663,240
 4633,835
 4668,310
 4643,207
 4666,947
 4705,158
 4709,610
 4685,869
 4643,980
 4685,479
 4667,465
 4739,133
 4668,477
 4749,751
 4699,152
 4761,827
 4780,604
 4757,183
 4775,564
 4708,312
 4684,370
 4672,062
 4684,687
 4680,412
 4722,967
 4627,808
 4796,368
 4727,871
 4707,481
 4793,317
 4793,671
 4796,482
 4818,281
 4732,996
 4767,788
 4749,640
 4741,691
 4748,542
 4792,919
 4752,785
 4817,894
 4756,407
 4797,823
 4780,526
 4627,001
 4730,204
 4794,405
 4768,565
 4774,183
 4750,368
 4805,363
 4905,759
 4805,854
 4801,972
 4795,166
 4751,898
 4764,856
 4691,752
 4794,786
 4739,448
 4806,996
 4773,869
 4808,573
 4808,364
 4811,145
 4789,015
 4764,095
 4804,880
 4724,133
 4697,094
 4778,278
 4820,672
 4789,144
 4734,378
 4764,030
 4860,304
 4831,948
 4796,038
 4798,573
 4761,846
 4759,879
 4781,155
 4848,031
 4738,043
 4819,543
 4767,395
 4801,610
 4780,989
 4789,158
 4759,050
 4831,750
 4784,265
 4753,243
 4819,308
 4753,131
 4791,122
 4832,686
 4796,905
 4855,027
 4746,679
 4836,631
 4760,429
 4804,642
 4801,109
 4783,541
 4858,608
 4774,082
 4791,538
 4809,038
 4857,701
 4797,490
 4846,784
 4816,450
 4760,252
 4751,323
 4858,972
 4779,619
 4913,326
 4800,829
 4847,126
 4745,604
 4750,811
 4863,047
 4825,048
 4862,467
 4848,936
 4753,191
 4801,271
 4789,352
 4764,900
 4850,062
 4831,440
 4753,374
 4778,490
 4802,207
 4745,311
 4821,286
 4809,054
 4801,594
 4776,550
 4781,920
 4843,454
 4784,437
 4781,921
 4780,589
 4742,445
 4812,560
 4808,374
 4780,152
 4752,971
 4759,247
 4799,238
 4805,519
 4765,780
 4789,884
 4814,012
 4801,387
 4812,318
 4797,844
 4795,090
 4750,072
 4831,566
 4883,001
 4807,789
 4855,874
 4744,694
 4834,152
 4822,668
 4810,044
 4849,928
 4823,502
 4868,553
 4820,554
 4763,029
 4819,786
 4704,907
 4836,129
 4766,995
 4800,771
 4790,475
 4798,549
 4863,247
 4877,399
 4849,708
 4879,170
 4865,660
 4858,246
 4941,877
 4902,622
 4797,304
 4819,138
 4872,164
 4874,757
 4854,784
 4812,494
 4931,462
 4813,089
 4867,973
 4911,273
 4869,520
 4913,228
 4883,941
 4942,111
 4801,130
 4870,375
 4845,600
 4917,963
 4817,887
 4874,884
 4906,481
 4930,095
 4854,239
 4796,078
 4924,162
 4916,793
 4824,935
 4916,849
 4846,398
 4857,853
 4852,445
 4883,200
 4833,205
 4942,931
 4877,809
 4930,275
 4965,540
 4916,605
 4832,881
 4955,412
 4925,015
 4921,630
 4968,861
 4921,811
 4884,196
 4953,569
 4896,077
 4870,975
 4970,592
 4942,274
 4957,226
 4909,894
 4906,004
 4887,658
 5016,249
 4986,436
 4982,058
 4863,540
 4999,589
 4922,057
 4894,809
 4926,349
 4955,515
 4981,309
 4969,460
 5028,096
 5050,912
 4896,399
 4956,342
 4959,262
 5032,963
 4993,541
 4932,035
 4978,782
 4979,538
 5032,689
 4976,790
 5003,142
 4981,374
 4930,642
 4948,410
 5003,837
 4960,882
 4989,584
 4967,157
 4973,684
 4977,179
 4994,423
 4984,229
 5058,036
 5002,474
 5040,929
 4945,532
 5050,461
 5073,043
 5036,058
 5010,763
 4970,428
 5042,283
 4939,354
 5044,851
 5057,918
 5031,086
 5000,731
 5059,145
 5006,623
 5054,664
 5077,047
 5054,192
 5051,113
 5111,881
 5075,501
 5096,110
 5079,178
 4989,853
 5048,212
 5063,362
 5113,659
 5077,948
 5045,929
 5084,591
 5054,315
 5114,023
 5086,060
 5074,219
 5198,435
 5083,647
 5083,057
 5161,697
 5134,222
 5119,282
 5126,295
 5117,561
 5199,868
 5050,593
 5158,948
 5077,693
 5092,880
 5143,608
 5107,418
 5147,718
 5201,434
 5064,541
 5091,018
 5084,121
 5120,071
 5143,211
 5211,070
 5144,371
 5155,880
 5112,633
 5158,060
 5170,361
 5074,792
 5099,966
 5176,850
 5127,526
 5109,144
 5157,086
 5144,207
 5132,312
 5123,542
 5108,772
 5158,881
 5191,183
 5094,735
 5115,670
 5204,618
 5152,315
 5082,742
 5098,264
 5032,802
 5134,514
 5243,460
 5176,743
 5179,347
 5181,217
 5190,934
 5134,749
 5133,574
 5130,691
 5194,162
 5144,759
 5145,315
 5161,925
 5198,968
 5205,177
 5202,605
 5124,967
 5148,660
 5197,607
 5237,352
 5100,291
 5119,919
 5179,356
 5140,735
 5136,172
 5192,965
 5132,371
 5248,175
 5172,339
 5136,965
 5160,761
 5185,661
 5172,063
 5138,908
 5163,043
 5183,901
 5155,924
 5172,863
 5190,508
 5194,741
 5127,648
 5171,930
 5159,377
 5180,020
 5186,675
 5221,854
 5178,767
 5200,815
 5189,556
 5238,783
 5233,221
 5172,218
 5165,515
 5157,145
 5143,650
 5121,625
 5147,078
 5217,313
 5252,670
 5272,135
 5212,242
 5235,746
 5174,766
 5250,208
 5156,655
 5250,443
 5148,561
 5208,603
 5111,143
 5240,518
 5181,681
 5199,181
 5196,880
 5224,651
 5204,287
 5240,934
 5283,807
 5202,818
 5185,390
 5229,889
 5203,339
 5173,955
 5162,932
 5197,575
 5146,909
 5263,679
 5207,910
 5223,770
 5202,793
 5195,528
 5201,799
 5182,336
 5113,229
 5128,595
 5189,537
 5260,006
 5176,831
 5239,898
 5175,106
 5253,513
 5216,061
 5181,258
 5267,844
 5259,473
 5153,878
 5228,734
 5178,139
 5241,499
 5170,576
 5244,120
 5254,048
 5227,203
 5130,773
 5164,545
 5272,526
 5210,957
 5203,012
 5181,732
 5084,804
 5198,484
 5232,890
 5161,027
 5180,270
 5217,934
 5180,407
 5168,089
 5148,228
 5190,491
 5190,474
 5223,980
 5191,779
 5217,581
 5190,574
 5244,895
 5228,139
 5157,859
 5197,322
 5213,278
 5150,040
 5259,426
 5189,217
 5242,324
 5212,368
 5168,904
 5255,021
 5174,586
 5162,467
 5170,204
 5149,201
 5211,963
 5128,000
 5156,060
 5189,815
 5173,494
 5154,826
 5200,816
 5187,009
 5188,293
 5168,739
 5261,630
 5150,626
 5148,552
 5224,429
 5161,288
 5092,689
 5137,042
 5175,707
 5101,244
 5137,714
 5176,029
 5144,637
 5134,879
 5157,134
 5189,989
 5180,806
 5168,259
 5153,637
 5187,757
 5173,311
 5202,902
 5086,066
 5206,483
 5121,966
 5050,601
 5154,986
 5142,160
 5139,611
 5047,573
 5158,796
 5197,814
 5128,886
 5118,666
 5170,006
 5194,557
 5262,796
 5114,796
 5062,386
 5154,028
 5119,495
 5175,528
 5126,616
 5104,179
 5184,921
 5064,418
 5136,931
 5123,577
 5163,252
 5185,110
 5144,002
 5122,104
 5061,438
 5122,695
 5104,897
 5132,315
 5125,306
 5039,055
 5049,974
 5120,752
 5076,496
 5089,603
 5069,639
 5076,013
 5098,783
 5143,448
 5026,959
 5136,554
 5079,494
 5067,652
 5037,033
 5090,679
 5058,635
 5078,135
 5159,836
 5094,071
 5074,781
 5055,917
 5033,815
 5121,671
 4990,388
 5056,747
 5092,634
 5059,605
 5197,810
 5018,907
 5115,800
 5046,572
 5061,968
 5049,350
 5091,000
 5033,966
 5002,105
 5148,710
 5043,971
 4954,690
 4977,737
 5059,965
 5059,692
 5032,275
 5017,558
 5017,582
 5048,617
 5063,623
 5115,057
 5009,116
 5054,649
 4973,036
 5028,132
 5041,024
 5002,823
 5049,671
 5060,772
 5094,339
 4980,467
 5049,036
 4994,412
 5040,351
 4963,025
 4942,832
 4967,313
 4983,808
 5005,731
 5026,789
 4973,437
 4923,909
 5011,963
 4991,211
 4970,023
 4919,740
 4976,347
 4988,025
 5101,192
 5025,922
 4963,493
 5004,645
 5015,605
 5023,140
 5049,207
 4985,080
 4947,971
 5000,259
 4970,605
 4977,486
 5001,933
 4921,311
 4897,094
 4956,657
 4932,163
 4899,287
 4991,696
 4966,581
 4916,243
 4937,118
 4931,094
 4871,955
 4947,259
 4931,942
 4904,318
 4859,296
 4895,557
 4902,386
 4961,507
 4980,993
 4872,269
 4968,505
 4952,351
 4859,032
 4900,503
 4837,179
 4769,538
 4957,457
 4928,113
 4873,584
 4881,889
 4862,083
 4853,515
 4851,477
 4836,673
 4856,350
 4855,067
 4911,122
 4885,897
 4891,697
 4789,206
 4904,620
 4860,339
 4846,196
 4932,851
 4905,243
 4880,491
 4835,243
 4843,076
 4869,529
 4832,168
 4852,750
 4900,343
 4856,557
 4757,812
 4814,473
 4847,458
 4810,478
 4810,975
 4845,490
 4796,348
 4835,852
 4709,090
 4807,126
 4767,345
 4814,146
 4838,201
 4798,589
 4762,112
 4847,374
 4815,808
 4748,975
 4722,297
 4744,712
 4839,422
 4820,490
 4814,234
 4795,801
 4795,958
 4840,023
 4797,978
 4826,847
 4766,462
 4763,904
 4725,343
 4779,603
 4835,555
 4740,081
 4826,625
 4740,897
 4738,645
 4776,913
 4747,732
 4698,471
 4760,552
 4775,462
 4754,439
 4744,344
 4692,572
 4772,566
 4736,652
 4696,916
 4687,690
 4717,544
 4659,502
 4722,491
 4644,593
 4679,672
 4726,010
 4686,481
 4666,002
 4741,864
 4777,540
 4690,048
 4712,980
 4659,350
 4662,646
 4730,680
 4635,570
 4638,603
 4678,532
 4647,291
 4642,801
 4693,468
 4586,729
 4620,776
 4637,288
 4674,258
 4639,736
 4669,273
 4662,838
 4573,668
 4565,877
 4640,471
 4661,460
 4584,602
 4596,732
 4625,325
 4591,558
 4629,749
 4680,224
 4562,607
 4543,422
 4634,302
 4584,334
 4581,836
 4555,140
 4664,228
 4567,633
 4692,375
 4533,301
 4579,464
 4578,102
 4542,825
 4575,096
 4524,053
 4589,316
 4571,525
 4580,526
 4578,927
 4608,644
 4484,823
 4609,991
 4531,084
 4589,785
 4543,805
 4597,945
 4629,253
 4552,143
 4538,352
 4573,517
 4551,573
 4581,927
 4532,712
 4511,595
 4522,717
 4549,169
 4551,851
 4493,163
 4494,274
 4542,787
 4488,261
 4492,452
 4465,309
 4524,796
 4501,753
 4518,685
 4500,779
 4529,024
 4471,900
 4493,619
 4429,964
 4445,650
 4458,186
 4484,020
 4451,027
 4502,925
 4439,492
 4470,364
 4459,168
 4476,144
 4393,118
 4470,653
 4421,828
 4455,940
 4482,488
 4403,331
 4497,208
 4460,959
 4453,693
 4466,699
 4415,458
 4485,039
 4440,390
 4497,387
 4458,963
 4442,150
 4364,650
 4415,765
 4425,208
 4365,402
 4412,807
 4355,775
 4383,641
 4362,078
 4370,542
 4383,911
 4393,311
 4392,464
 4336,608
 4356,067
 4352,167
 4482,611
 4368,261
 4377,256
 4399,675
 4443,982
 4379,664
 4407,346
 4356,971
 4380,244
 4345,045
 4352,302
 4385,330
 4385,757
 4345,515
 4455,850
 4362,358
 4366,132
 4374,664
 4323,462
 4289,490
 4393,408
 4317,456
 4377,771
 4244,283
 4249,923
 4377,405
 4302,371
 4322,600
 4314,360
 4291,134
 4243,410
 4328,664
 4333,715
 4294,137
 4202,526
 4316,043
 4289,566
 4252,698
 4273,416
 4259,340
 4256,524
 4231,652
 4272,747
 4255,309
 4258,037
 4291,762
 4206,658
 4159,835
 4202,638
 4280,853
 4284,215
 4251,471
 4300,631
 4231,374
 4265,171
 4232,535
 4140,376
 4213,740
 4272,220
 4212,264
 4231,474
 4194,982
 4188,963
 4208,738
 4234,936
 4150,982
 4198,377
 4085,415
 4208,985
 4171,289
 4217,558
 4193,540
 4135,613
 4130,143
 4149,920
 4182,513
 4126,101
 4201,827
 4171,386
 4212,904
 4177,386
 4106,618
 4159,248
 4145,116
 4164,960
 4112,687
 4145,475
 4183,791
 4041,318
 4175,291
 4120,549
 4086,559
 4079,732
 4114,209
 4113,565
 4112,185
 4085,244
 4073,334
 4067,563
 4042,799
 4033,473
 4107,337
 4033,618
 4101,873
 4081,996
 4102,446
 3999,865
 4088,459
 4051,965
 4079,852
 4082,799
 4121,262
 4067,812
 4023,935
 4046,808
 4021,582
 4086,090
 4001,162
 4073,824
 4050,831
 4064,039
 4076,353
 4016,404
 3994,298
 4075,808
 4000,315
 4027,361
 3960,419
 3925,969
 3922,521
 3946,383
 4068,437
 3955,897
 3938,459
 3910,396
 3942,675
 3886,273
 3959,888
 3968,562
 3889,379
 3932,004
 3978,295
 3912,967
 3871,097
 3915,049
 3864,717
 3954,499
 3950,847
 3966,946
 3908,809
 3922,803
 3858,440
 3879,979
 3931,419
 3931,489
 3899,183
 3897,941
 3847,791
 3888,569
 3830,453
 3851,419
 3830,915
 3830,991
 3852,576
 3876,062
 3887,305
 3907,835
 3833,842
 3781,685
 3804,319
 3857,069
 3780,759
 3829,719
 3827,195
 3782,050
 3792,824
 3811,257
 3812,762
 3822,433
 3755,329
 3784,122
 3837,860
 3783,259
 3802,251
 3809,496
 3780,856
 3812,297
 3815,440
 3761,260
 3805,906
 3891,467
 3753,488
 3726,131
 3792,423
 3728,181
 3799,528
 3764,277
 3732,489
 3796,882
 3799,669
 3804,288
 3811,067
 3869,121
 3806,106
 3731,249
 3827,981
 3732,277
 3730,128
 3788,943
 3734,636





























































































































































































































































































































































































































































































































































































































































































































































































































































































































































































































































































































































































































































































































































































































































































































































































































































































































































































































































































































































































































































































































































































































































































































































































































































































































































































































































































































































































































































































































































































































































































































































































































































































































































































































































































































































































































































































































































































































































































































































































































































































































































































































































































































































































































































































































































































































































































































































































































































































































































































































































































































































































































































































































































































































































































































































































































































































































































































































































































































































































































































































































































































































































































































































































































































































































































































































































































































































































































































































































































































































































































































































































































































































































































































































































































































































































































































































































































































































































































































































































































































































































































































































































































































































































































































































































































































































































































































































































































































































































































































































































































































































































































































































































































































































































































































































































































































































































































































































































































































































































































































































































































































































































































































































































































































































































































































































































































































































































































































































































































































































































































































































































































































































































































































































































































































































































































































































































































































































































































































































































































































































































































































































































































































































































































































































































































































































































































































































































































































































































































































































































































































































































































































































































































































































































































































































































































































































































































































































































































































































































































































































































































































































































































































































































































































































































































































































































































































































































































































































































































































































































































































































































































































































































































































































































































































































































































































































































































































































































































































































































































































































































































































































































































































































































































































































































































































































































































































































































































































































































































































































































































































































































































































































































































































































































































































































































































































































































































































































































































































































































































































































































































































































































































































































































































































































































































































































































































































































































































































































































































































































































































































































































































































































































































































































































































































































































































































































































































































































































































































































































































































































































































































































































































































































































































































































































































































































































































































































































































































































































































































































































































































































































































































































































































































































































































































































































































































































































































































































































































































































































































































































































































































































































































































































































































































































































































































































































































































































































































































































































































































































































































































































































































































































































































































































































































































































































































































































































































































































































































































































































































































































































































































































































































































































































































































































































































































































































































































































































































































































































































































































































































































































































































































































































































































































































































































































































































































































































































































































































































































































































































































































































































































































































































































































































































































































































































































































































































































































































































































































































































































































































































































































































































































































































































































































































































































































































































































































































































































































































































































































































































































































































































































































































































































































































































































































































































































































































































































































































































































































































































































































































































































































































































































































































































































































































































































































































































































































































































































































































































































































































































































































































































































































































































































































































