 585,596
 618,521
 611,111
 630,375
 611,573
 590,518
 629,187
 567,076
 637,788
 577,160
 637,952
 626,256
 619,667
 581,740
 600,765
 584,831
 575,038
 610,160
 563,130
 626,520
 617,509
 606,063
 617,732
 602,368
 605,602
 591,732
 619,767
 589,700
 640,691
 652,702
 659,917
 632,328
 598,306
 618,288
 610,842
 603,411
 615,158
 620,267
 571,236
 613,161
 629,364
 622,647
 615,169
 626,461
 600,899
 607,083
 606,256
 634,981
 616,938
 637,001
 612,029
 579,977
 604,119
 644,273
 624,735
 620,768
 632,773
 603,131
 632,114
 625,191
 621,713
 614,295
 626,724
 628,861
 614,058
 643,977
 620,039
 609,485
 642,011
 620,361
 650,271
 617,474
 641,996
 685,529
 654,338
 634,253
 610,145
 619,924
 641,235
 629,049
 644,213
 622,361
 634,832
 662,111
 616,831
 595,518
 641,021
 618,553
 638,779
 686,251
 671,138
 660,474
 632,413
 638,374
 643,616
 609,197
 661,820
 633,534
 633,668
 665,843
 655,429
 641,298
 656,416
 663,567
 648,043
 626,076
 631,925
 636,406
 665,769
 653,396
 630,200
 644,946
 670,962
 652,859
 666,673
 658,022
 642,033
 630,684
 631,408
 662,307
 657,941
 629,372
 650,603
 640,564
 665,047
 650,747
 642,893
 658,595
 642,993
 679,530
 634,917
 652,437
 643,641
 653,448
 637,562
 653,798
 658,531
 618,096
 616,541
 636,993
 668,544
 648,774
 648,790
 698,480
 668,271
 652,968
 641,471
 660,874
 669,354
 623,302
 644,265
 657,504
 641,558
 667,185
 647,925
 659,108
 647,452
 643,025
 648,352
 670,017
 677,228
 681,054
 663,365
 635,635
 688,107
 662,300
 641,662
 665,247
 659,278
 706,914
 664,489
 695,959
 670,435
 668,175
 664,113
 648,784
 676,721
 669,909
 651,709
 647,768
 684,402
 688,477
 655,408
 706,002
 650,364
 677,747
 678,538
 696,890
 684,078
 660,205
 684,953
 703,404
 687,468
 652,168
 677,575
 683,367
 691,273
 643,848
 660,720
 696,624
 681,322
 691,883
 660,488
 669,639
 659,460
 664,994
 686,309
 656,604
 697,710
 678,420
 646,205
 692,141
 683,587
 687,887
 689,684
 703,481
 681,892
 673,538
 661,912
 662,929
 684,450
 656,141
 653,220
 690,683
 694,403
 675,524
 679,909
 710,055
 699,707
 733,673
 659,173
 700,413
 680,877
 688,746
 663,242
 705,781
 722,804
 673,497
 700,423
 658,845
 693,300
 691,070
 691,383
 720,184
 691,916
 681,625
 709,230
 695,223
 700,191
 672,204
 696,963
 689,495
 710,511
 682,569
 656,583
 686,048
 702,819
 708,622
 724,432
 712,326
 707,179
 686,199
 676,568
 704,236
 714,881
 704,764
 702,384
 684,655
 707,797
 681,198
 690,041
 718,435
 696,936
 735,210
 716,109
 738,826
 733,585
 723,005
 690,560
 707,064
 689,574
 688,363
 710,536
 720,932
 728,495
 723,990
 721,192
 722,918
 738,559
 687,277
 689,291
 770,774
 760,190
 679,678
 721,793
 718,855
 728,195
 715,108
 737,452
 729,284
 754,285
 776,731
 707,370
 750,547
 712,827
 747,472
 735,279
 765,940
 748,188
 782,843
 743,614
 732,369
 742,646
 784,937
 745,122
 749,085
 739,622
 756,501
 761,631
 768,569
 748,420
 773,810
 760,613
 754,805
 759,334
 735,499
 757,781
 779,282
 738,458
 727,998
 757,397
 786,060
 774,576
 768,290
 769,769
 755,683
 754,323
 783,268
 778,802
 786,926
 788,780
 807,901
 705,381
 746,056
 784,218
 772,027
 782,399
 751,489
 794,843
 800,018
 760,738
 767,682
 760,802
 823,970
 785,429
 770,125
 800,633
 798,213
 751,637
 782,049
 799,817
 755,255
 797,853
 793,119
 780,573
 796,498
 808,105
 758,300
 818,209
 787,341
 786,055
 770,353
 792,889
 775,779
 831,556
 787,183
 776,243
 793,232
 787,311
 752,655
 793,552
 773,389
 854,914
 796,710
 836,680
 836,023
 810,782
 808,020
 811,161
 805,042
 790,857
 819,288
 787,047
 833,269
 811,371
 844,183
 831,360
 836,381
 835,430
 828,690
 798,776
 837,237
 832,551
 806,918
 828,989
 835,744
 856,524
 822,476
 870,272
 852,877
 849,946
 855,614
 851,391
 823,430
 850,364
 887,188
 883,221
 791,954
 864,929
 839,567
 870,484
 870,818
 873,303
 839,645
 828,789
 852,256
 854,313
 861,575
 845,695
 868,621
 860,788
 901,353
 875,451
 883,444
 800,755
 908,885
 904,056
 854,110
 858,744
 858,961
 826,333
 911,521
 868,824
 892,543
 893,955
 897,081
 882,582
 887,352
 871,846
 878,439
 884,317
 880,846
 874,084
 920,954
 904,195
 873,007
 896,659
 919,728
 872,045
 926,509
 883,442
 888,554
 878,985
 831,933
 885,507
 878,164
 896,754
 926,968
 933,832
 922,361
 921,315
 900,852
 934,324
 896,981
 935,245
 872,924
 917,806
 912,643
 912,900
 885,173
 918,345
 897,676
 939,909
 918,690
 921,294
 918,554
 942,359
 937,045
 936,778
 944,343
 907,287
 931,834
 973,353
 949,981
 955,935
 994,720
 955,763
 922,867
 966,176
 935,679
 962,571
 963,617
 982,631
 976,627
 945,725
 975,580
 941,935
 958,937
 968,074
 936,475
 954,169
 960,152
 943,735
 940,678
 963,562
 1003,021
 964,819
 996,246
 956,451
 952,663
 1000,679
 1006,155
 976,142
 1022,741
 1026,194
 977,560
 993,654
 1013,749
 990,857
 970,033
 964,981
 950,976
 978,729
 984,551
 1027,000
 978,157
 1038,854
 1010,399
 1020,248
 979,474
 984,720
 984,894
 1018,992
 1011,662
 1045,881
 998,530
 1007,901
 1025,052
 1065,491
 1062,298
 1028,224
 1037,436
 1039,806
 1064,959
 1047,726
 1045,812
 1026,885
 999,497
 996,966
 1044,204
 1057,611
 1039,655
 1079,070
 1058,275
 1074,020
 1058,605
 1049,563
 1064,986
 1074,432
 1043,349
 1044,670
 1021,950
 1021,625
 1060,867
 1045,061
 1099,627
 1056,230
 1052,442
 1066,867
 1044,600
 1068,462
 1098,903
 1042,453
 1105,661
 1084,418
 1088,001
 1025,101
 1062,428
 1080,883
 1119,663
 1037,413
 1066,299
 1081,920
 1065,190
 1065,987
 1108,819
 1056,019
 1103,132
 1114,628
 1130,489
 1095,792
 1132,112
 1083,238
 1042,562
 1107,096
 1094,740
 1137,769
 1067,763
 1077,455
 1110,238
 1077,557
 1100,276
 1103,517
 1114,196
 1096,597
 1117,034
 1111,778
 1113,554
 1068,752
 1114,202
 1186,048
 1071,731
 1142,986
 1135,256
 1128,250
 1111,751
 1167,541
 1129,037
 1131,538
 1149,689
 1146,015
 1078,133
 1137,350
 1132,275
 1123,488
 1129,620
 1137,443
 1158,433
 1153,674
 1158,007
 1136,777
 1161,397
 1186,467
 1128,565
 1196,746
 1158,612
 1166,381
 1162,328
 1163,301
 1149,123
 1141,241
 1167,947
 1139,064
 1216,886
 1184,677
 1149,897
 1206,004
 1143,966
 1150,353
 1155,471
 1183,751
 1219,689
 1167,795
 1138,864
 1174,508
 1152,625
 1167,148
 1181,750
 1156,265
 1162,896
 1212,820
 1116,624
 1197,417
 1179,702
 1208,608
 1188,068
 1197,200
 1192,818
 1180,897
 1165,263
 1178,651
 1231,612
 1185,690
 1233,477
 1148,643
 1172,726
 1218,432
 1152,060
 1241,636
 1215,231
 1178,688
 1231,573
 1198,079
 1186,064
 1217,295
 1171,011
 1220,107
 1202,763
 1203,994
 1212,420
 1222,077
 1254,662
 1229,969
 1241,836
 1217,935
 1221,518
 1223,132
 1245,279
 1219,447
 1230,623
 1289,273
 1253,976
 1220,134
 1269,641
 1252,059
 1243,409
 1288,405
 1243,110
 1245,946
 1269,042
 1274,333
 1264,820
 1252,944
 1295,397
 1273,819
 1210,503
 1314,033
 1244,026
 1325,618
 1305,718
 1307,904
 1270,712
 1294,000
 1326,644
 1300,043
 1255,194
 1295,207
 1289,097
 1287,438
 1311,077
 1280,300
 1272,028
 1305,702
 1306,690
 1304,086
 1309,294
 1345,722
 1302,440
 1347,852
 1323,583
 1366,183
 1334,007
 1327,269
 1321,824
 1320,686
 1277,096
 1343,653
 1308,903
 1291,983
 1272,051
 1259,866
 1316,371
 1360,572
 1293,585
 1382,472
 1326,363
 1343,264
 1291,335
 1365,584
 1356,733
 1360,160
 1356,279
 1343,145
 1391,796
 1361,554
 1355,005
 1340,818
 1381,011
 1383,211
 1413,721
 1364,765
 1398,431
 1344,807
 1396,192
 1355,985
 1398,307
 1368,398
 1390,700
 1323,254
 1415,518
 1402,574
 1399,122
 1349,762
 1374,189
 1377,058
 1381,081
 1423,944
 1364,252
 1381,978
 1385,242
 1424,590
 1406,288
 1441,075
 1394,707
 1401,593
 1409,282
 1416,650
 1449,527
 1422,497
 1425,107
 1425,700
 1436,536
 1414,934
 1414,930
 1419,874
 1400,771
 1471,048
 1422,966
 1480,434
 1424,808
 1498,742
 1462,481
 1439,935
 1489,732
 1430,150
 1456,485
 1456,105
 1383,294
 1442,751
 1422,567
 1508,616
 1500,567
 1443,751
 1519,705
 1460,423
 1497,754
 1516,679
 1494,883
 1450,948
 1483,416
 1456,918
 1501,714
 1447,486
 1486,525
 1520,028
 1467,260
 1521,095
 1513,348
 1481,937
 1501,312
 1490,096
 1525,475
 1545,056
 1499,918
 1519,966
 1497,110
 1487,212
 1524,362
 1599,696
 1529,413
 1497,923
 1525,519
 1551,747
 1514,236
 1539,745
 1490,786
 1579,095
 1519,544
 1601,176
 1596,948
 1575,155
 1594,653
 1539,342
 1572,846
 1592,859
 1557,078
 1556,430
 1590,803
 1565,998
 1553,506
 1546,515
 1533,090
 1605,481
 1612,231
 1620,950
 1577,479
 1593,021
 1624,910
 1614,619
 1630,261
 1547,069
 1619,163
 1655,163
 1567,088
 1606,885
 1612,677
 1688,743
 1640,476
 1646,048
 1589,438
 1622,313
 1615,311
 1664,135
 1662,808
 1672,788
 1598,862
 1654,921
 1668,027
 1706,723
 1662,174
 1680,217
 1624,700
 1632,308
 1652,078
 1659,785
 1649,729
 1647,829
 1714,650
 1645,380
 1664,224
 1706,768
 1669,029
 1708,095
 1635,294
 1664,053
 1744,284
 1647,557
 1693,350
 1683,933
 1698,976
 1676,381
 1730,949
 1710,883
 1721,103
 1719,362
 1716,894
 1694,750
 1691,644
 1713,930
 1735,451
 1705,937
 1699,476
 1694,422
 1756,408
 1728,169
 1706,129
 1709,187
 1724,055
 1724,707
 1763,322
 1743,262
 1734,046
 1706,835
 1728,491
 1704,949
 1743,390
 1754,903
 1760,790
 1728,453
 1752,681
 1811,319
 1739,543
 1763,051
 1796,976
 1756,419
 1738,699
 1816,700
 1804,855
 1833,790
 1764,056
 1775,312
 1729,179
 1766,646
 1717,228
 1828,826
 1786,143
 1803,319
 1762,069
 1804,738
 1814,188
 1820,069
 1799,623
 1842,033
 1826,933
 1806,432
 1838,594
 1862,080
 1814,742
 1836,090
 1804,445
 1769,836
 1784,104
 1821,458
 1811,821
 1842,307
 1808,508
 1837,260
 1824,901
 1801,586
 1803,628
 1805,736
 1831,520
 1825,683
 1867,840
 1838,529
 1814,643
 1822,584
 1889,752
 1865,340
 1878,574
 1863,354
 1811,038
 1907,665
 1889,033
 1879,777
 1855,050
 1883,282
 1835,471
 1839,652
 1863,717
 1861,231
 1857,779
 1877,671
 1890,933
 1943,905
 1853,040
 1880,542
 1915,654
 1876,717
 1882,199
 1891,301
 1873,590
 1899,659
 1922,560
 1867,530
 1883,656
 1897,653
 1885,771
 1912,896
 1901,235
 1918,867
 1871,635
 1972,844
 1925,962
 1931,696
 1939,577
 1876,939
 1932,593
 1929,763
 1901,462
 1891,224
 1944,093
 1929,699
 1945,455
 1951,165
 1939,582
 1938,655
 1933,187
 1992,644
 1958,525
 1935,248
 1967,924
 1962,933
 1943,061
 2015,299
 1945,328
 2001,064
 1964,902
 1982,513
 1949,935
 1994,092
 2061,047
 1979,673
 1949,173
 1940,599
 1929,663
 2010,852
 1998,356
 1932,786
 1995,447
 1947,913
 1999,510
 1965,442
 1967,786
 1971,117
 1966,993
 1982,073
 2001,003
 1939,957
 1993,326
 1948,477
 2010,962
 1976,801
 2012,536
 1992,548
 2015,328
 2062,304
 2000,217
 1963,707
 1953,106
 2006,426
 2012,307
 1996,361
 1997,899
 2007,027
 2072,528
 2019,545
 2044,312
 2005,911
 2027,848
 2050,454
 2023,070
 2056,979
 2043,914
 2086,818
 1978,525
 2047,188
 2076,566
 2007,951
 2023,135
 2045,387
 2027,094
 2081,639
 2045,724
 2024,326
 2044,181
 2083,719
 2018,135
 2065,847
 2108,773
 2123,062
 2124,088
 2093,582
 2052,617
 2071,984
 2112,392
 2078,207
 2109,757
 2054,888
 2102,184
 2080,632
 2100,594
 2099,667
 2078,456
 2088,844
 2071,582
 2115,558
 2069,120
 2124,313
 2118,032
 2091,948
 2143,163
 2178,193
 2187,853
 2103,941
 2122,824
 2150,166
 2145,585
 2161,852
 2132,356
 2120,610
 2143,956
 2199,412
 2129,141
 2128,052
 2118,467
 2168,869
 2162,218
 2181,901
 2158,541
 2149,245
 2200,737
 2206,984
 2215,877
 2186,895
 2138,142
 2149,876
 2164,100
 2200,910
 2209,928
 2180,703
 2219,511
 2237,786
 2201,543
 2165,386
 2226,060
 2186,990
 2216,540
 2157,391
 2208,105
 2199,847
 2202,087
 2188,701
 2256,156
 2202,797
 2231,399
 2243,852
 2199,188
 2224,434
 2203,961
 2222,407
 2243,580
 2258,307
 2236,307
 2208,544
 2253,523
 2230,520
 2221,293
 2267,390
 2241,183
 2242,014
 2287,427
 2240,010
 2237,879
 2217,513
 2274,153
 2286,981
 2222,420
 2299,744
 2218,246
 2270,267
 2307,045
 2306,413
 2290,071
 2296,785
 2287,891
 2227,351
 2254,635
 2303,997
 2246,235
 2275,502
 2314,190
 2286,132
 2263,727
 2287,027
 2283,086
 2323,968
 2272,770
 2352,358
 2309,225
 2326,928
 2373,092
 2351,022
 2375,485
 2333,513
 2388,892
 2339,921
 2308,517
 2365,147
 2376,607
 2393,924
 2345,328
 2374,946
 2356,611
 2355,014
 2381,706
 2373,995
 2393,478
 2399,019
 2312,539
 2408,358
 2411,181
 2363,277
 2370,861
 2390,587
 2385,376
 2413,597
 2374,077
 2398,598
 2354,031
 2405,125
 2346,549
 2433,315
 2409,220
 2403,311
 2410,569
 2410,882
 2411,006
 2421,123
 2439,249
 2472,959
 2442,928
 2445,556
 2404,802
 2410,411
 2416,355
 2469,704
 2416,446
 2437,702
 2404,312
 2435,173
 2444,293
 2491,847
 2455,569
 2477,715
 2472,374
 2431,879
 2491,920
 2481,936
 2482,184
 2432,231
 2472,920
 2478,140
 2492,362
 2488,166
 2447,748
 2485,372
 2524,815
 2496,836
 2505,313
 2518,166
 2512,815
 2540,872
 2460,475
 2458,943
 2525,917
 2557,649
 2543,316
 2555,519
 2552,395
 2488,645
 2541,095
 2489,480
 2573,792
 2508,238
 2579,747
 2514,306
 2569,563
 2565,942
 2539,612
 2553,781
 2524,346
 2686,707
 2598,254
 2523,865
 2587,525
 2600,352
 2610,691
 2611,862
 2571,097
 2623,110
 2573,359
 2590,325
 2580,639
 2572,615
 2616,313
 2579,294
 2623,693
 2642,582
 2593,637
 2616,043
 2631,166
 2605,358
 2596,818
 2625,584
 2558,066
 2626,630
 2610,623
 2580,217
 2611,922
 2622,976
 2641,175
 2635,710
 2622,890
 2670,092
 2599,991
 2580,699
 2650,009
 2641,686
 2690,392
 2682,135
 2590,097
 2681,680
 2710,507
 2659,530
 2643,175
 2700,355
 2660,839
 2656,824
 2673,479
 2687,712
 2603,830
 2663,233
 2710,679
 2673,443
 2661,561
 2681,857
 2695,787
 2691,618
 2705,736
 2664,606
 2688,947
 2699,501
 2717,649
 2716,145
 2701,468
 2755,498
 2706,384
 2719,989
 2741,022
 2684,932
 2717,375
 2757,336
 2738,134
 2714,531
 2760,742
 2745,794
 2695,040
 2763,571
 2761,362
 2749,390
 2677,413
 2738,370
 2704,944
 2735,593
 2709,981
 2731,839
 2743,648
 2727,540
 2736,863
 2759,645
 2762,268
 2799,471
 2765,772
 2749,669
 2735,547
 2757,197
 2757,274
 2698,580
 2683,656
 2762,704
 2760,193
 2786,064
 2807,177
 2751,129
 2793,792
 2782,061
 2803,179
 2730,504
 2787,064
 2765,711
 2741,180
 2801,819
 2790,635
 2802,352
 2808,355
 2809,012
 2846,724
 2831,374
 2808,196
 2793,742
 2778,972
 2797,457
 2810,430
 2783,358
 2845,689
 2793,615
 2791,500
 2832,813
 2766,305
 2818,311
 2760,990
 2878,571
 2858,531
 2821,079
 2826,615
 2829,760
 2810,747
 2832,174
 2866,677
 2915,167
 2825,596
 2863,819
 2906,621
 2827,156
 2898,254
 2850,524
 2859,048
 2856,857
 2840,827
 2887,234
 2847,730
 2812,154
 2843,740
 2882,988
 2863,963
 2851,666
 2818,042
 2878,337
 2925,525
 2831,314
 2901,712
 2906,368
 2826,454
 2916,085
 2792,652
 2871,554
 2922,674
 2890,732
 2912,246
 2859,644
 2892,512
 2830,732
 2956,710
 2907,220
 2925,552
 2902,964
 2885,674
 2859,972
 2907,681
 2901,107
 2923,244
 2944,333
 2927,607
 2900,345
 2956,643
 2927,960
 2914,278
 2924,095
 2964,982
 2951,769
 2877,060
 2952,830
 2943,685
 2959,671
 2910,032
 2914,719
 2967,867
 2998,766
 2974,796
 2982,854
 3021,466
 2983,996
 2940,516
 3026,468
 2945,928
 3018,816
 3000,820
 2978,307
 2943,251
 2956,352
 2997,262
 2949,984
 2944,524
 2937,245
 2964,219
 3018,635
 2912,957
 2933,274
 2970,178
 2994,909
 2971,072
 2933,700
 3005,826
 3007,973
 2969,623
 2998,384
 3041,911
 3042,842
 3028,870
 2999,651
 2972,303
 3036,398
 3018,551
 3005,353
 2991,505
 2991,872
 2990,451
 3039,714
 3022,211
 3008,342
 3044,885
 3001,509
 2984,690
 2928,818
 3062,213
 3024,168
 3064,831
 3038,668
 3018,332
 3018,404
 3082,943
 3028,524
 3059,304
 3047,159
 3079,045
 3061,813
 3077,121
 3001,104
 3042,466
 3056,152
 3050,175
 3105,934
 3053,881
 3082,988
 3056,444
 3107,912
 3116,436
 3068,016
 3062,329
 3076,129
 3120,009
 3124,102
 3144,228
 3123,925
 3106,773
 3083,274
 3143,822
 3195,671
 3110,535
 3074,393
 3075,624
 3150,073
 3068,246
 3135,826
 3155,856
 3126,432
 3118,411
 3153,868
 3100,550
 3122,396
 3157,206
 3196,623
 3155,220
 3131,863
 3123,363
 3128,662
 3151,205
 3090,540
 3187,460
 3164,545
 3171,617
 3164,009
 3142,924
 3190,437
 3197,325
 3258,341
 3192,166
 3197,067
 3162,935
 3146,881
 3185,512
 3147,866
 3196,514
 3221,693
 3240,441
 3213,059
 3184,686
 3273,958
 3202,028
 3185,724
 3228,205
 3244,755
 3247,341
 3188,423
 3217,271
 3226,451
 3238,103
 3217,861
 3217,741
 3272,106
 3252,404
 3282,754
 3229,144
 3221,558
 3290,021
 3267,978
 3252,201
 3207,475
 3220,518
 3221,989
 3214,799
 3181,061
 3252,528
 3219,691
 3311,789
 3274,350
 3262,609
 3276,018
 3283,164
 3285,527
 3276,969
 3297,915
 3264,827
 3281,917
 3253,545
 3304,180
 3330,920
 3261,379
 3346,130
 3283,857
 3323,192
 3312,052
 3351,659
 3363,286
 3280,173
 3306,672
 3353,260
 3231,983
 3352,633
 3245,310
 3337,047
 3356,717
 3331,016
 3276,202
 3274,897
 3347,558
 3321,850
 3328,895
 3389,895
 3413,656
 3377,541
 3370,118
 3381,001
 3293,000
 3310,826
 3348,933
 3386,845
 3354,973
 3355,559
 3337,928
 3365,872
 3392,576
 3428,213
 3332,527
 3405,463
 3339,001
 3451,543
 3440,703
 3392,401
 3475,986
 3447,864
 3424,110
 3423,457
 3430,020
 3417,257
 3427,827
 3391,720
 3373,724
 3455,338
 3429,549
 3458,531
 3436,193
 3441,056
 3480,286
 3411,679
 3489,148
 3423,505
 3367,297
 3444,826
 3492,171
 3460,112
 3501,696
 3495,385
 3465,928
 3466,067
 3549,216
 3450,286
 3511,839
 3433,763
 3467,776
 3471,416
 3470,828
 3518,062
 3493,872
 3493,202
 3531,142
 3477,376
 3483,536
 3500,648
 3505,371
 3545,493
 3550,871
 3463,362
 3507,123
 3515,895
 3506,139
 3536,516
 3528,442
 3519,537
 3500,035
 3536,586
 3545,269
 3557,859
 3539,616
 3532,658
 3567,934
 3556,315
 3534,323
 3538,204
 3609,870
 3618,544
 3564,521
 3576,151
 3585,124
 3518,613
 3590,365
 3622,383
 3555,786
 3536,762
 3587,203
 3571,983
 3553,393
 3598,393
 3611,301
 3660,900
 3569,650
 3552,351
 3578,023
 3582,645
 3639,922
 3574,866
 3601,187
 3653,540
 3567,888
 3556,522
 3599,135
 3698,692
 3680,248
 3651,789
 3606,988
 3611,677
 3622,546
 3675,138
 3637,004
 3631,564
 3631,357
 3625,249
 3609,423
 3692,982
 3641,683
 3675,619
 3620,842
 3686,054
 3576,138
 3670,797
 3675,482
 3675,570
 3661,243
 3682,768
 3682,703
 3654,097
 3663,174
 3640,854
 3731,971
 3705,973
 3752,876
 3754,608
 3754,827
 3771,141
 3767,910
 3685,622
 3666,867
 3729,100
 3705,585
 3724,349
 3724,428
 3705,702
 3688,436
 3713,836
 3755,417
 3674,638
 3711,607
 3733,687
 3725,896
 3650,182
 3731,724
 3758,879
 3708,994
 3737,816
 3780,304
 3741,009
 3765,739
 3768,552
 3752,565
 3691,127
 3790,995
 3709,362
 3727,272
 3744,741
 3739,246
 3803,613
 3715,858
 3813,189
 3734,294
 3768,596
 3784,857
 3728,368
 3780,245
 3771,388
 3779,718
 3744,281
 3797,572
 3763,552
 3762,159
 3774,952
 3813,746
 3782,611
 3762,117
 3748,015
 3746,775
 3801,387
 3841,864
 3835,333
 3833,576
 3771,877
 3863,259
 3822,166
 3819,283
 3852,795
 3809,961
 3799,524
 3839,098
 3794,435
 3808,115
 3819,385
 3833,395
 3840,464
 3825,586
 3843,035
 3874,455
 3844,864
 3862,803
 3811,308
 3867,848
 3846,287
 3854,302
 3831,974
 3896,511
 3879,626
 3898,119
 3873,839
 3895,079
 3875,131
 3860,938
 3862,180
 3787,202
 3874,052
 3877,418
 3912,954
 3920,783
 3875,213
 3844,010
 3872,080
 3854,727
 3925,855
 3927,430
 3916,717
 3923,571
 3855,920
 3872,066
 3874,286
 3901,148
 3882,614
 3983,602
 3944,937
 3931,728
 3849,373
 3843,030
 3898,204
 3970,969
 3958,479
 3909,232
 3966,149
 3936,594
 3979,882
 3983,376
 3910,438
 3944,097
 3922,706
 3987,831
 3852,726
 3957,782
 3897,881
 3882,586
 3860,522
 4024,640
 3886,415
 3958,724
 3907,813
 3964,992
 3944,449
 3952,790
 3883,596
 3943,163
 4006,045
 3884,643
 3994,962
 3966,649
 3980,840
 3952,868
 3945,823
 3948,429
 3984,125
 3948,762
 3950,942
 3929,149
 3910,427
 3898,099
 3974,818
 3954,856
 4032,481
 3974,639
 3951,573
 3992,251
 3922,085
 3967,287
 4015,774
 4002,721
 4022,283
 3918,395
 3988,309
 4014,103
 3999,108
 3956,214
 4010,975
 3981,429
 4043,172
 3980,194
 4000,874
 3979,599
 4007,072
 3984,826
 3996,104
 4063,045
 4027,240
 4013,854
 4010,128
 3961,838
 4069,954
 4078,879
 3990,814
 4056,715
 4055,750
 4025,646
 4061,306
 4012,739
 4008,253
 4065,581
 4066,857
 4077,750
 4039,377
 4077,341
 3988,518
 4056,574
 4054,147
 4023,092
 4037,041
 4090,056
 4097,097
 4053,722
 4116,870
 4003,087
 4072,869
 4068,063
 4077,254
 4101,692
 4114,322
 4135,496
 4050,900
 4080,887
 4058,821
 4055,061
 4174,937
 4114,829
 4105,112
 4105,428
 4117,179
 4087,642
 4078,784
 4174,129
 4100,944
 4098,990
 4097,103
 4157,823
 4081,253
 4093,166
 4157,545
 4189,203
 4090,170
 4135,803
 4135,685
 4149,309
 4165,509
 4089,905
 4188,308
 4161,829
 4153,835
 4109,173
 4163,155
 4188,635
 4136,827
 4115,546
 4194,346
 4202,985
 4209,755
 4222,383
 4146,713
 4162,771
 4168,870
 4172,158
 4183,766
 4185,263
 4213,319
 4150,433
 4181,223
 4177,862
 4180,006
 4146,298
 4146,957
 4136,510
 4236,977
 4165,166
 4247,686
 4149,419
 4226,557
 4201,032
 4214,921
 4233,566
 4182,055
 4133,699
 4226,879
 4196,109
 4226,614
 4158,031
 4239,112
 4282,882
 4258,780
 4247,683
 4229,416
 4223,912
 4225,884
 4222,049
 4234,258
 4256,313
 4259,465
 4224,579
 4225,718
 4227,957
 4229,957
 4236,409
 4303,251
 4294,535
 4261,327
 4242,755
 4273,023
 4284,286
 4198,649
 4235,770
 4264,824
 4277,723
 4309,101
 4324,622
 4274,729
 4358,536
 4296,769
 4312,420
 4301,455
 4302,532
 4321,510
 4425,996
 4304,371
 4309,588
 4307,100
 4299,838
 4296,757
 4410,690
 4282,972
 4247,128
 4336,205
 4291,629
 4364,427
 4372,888
 4398,025
 4372,948
 4330,788
 4400,818
 4350,456
 4368,948
 4326,687
 4296,596
 4419,249
 4417,567
 4386,516
 4329,850
 4349,570
 4335,777
 4403,425
 4382,959
 4375,512
 4391,263
 4360,046
 4353,348
 4429,525
 4351,499
 4339,940
 4394,212
 4383,231
 4375,896
 4331,228
 4378,323
 4444,660
 4482,117
 4453,116
 4395,714
 4446,210
 4425,005
 4460,419
 4509,402
 4396,458
 4400,993
 4407,595
 4432,042
 4438,940
 4447,198
 4438,111
 4538,247
 4475,742
 4420,795
 4472,564
 4471,401
 4471,610
 4533,973
 4471,499
 4512,179
 4457,490
 4379,327
 4457,931
 4471,466
 4486,499
 4534,367
 4540,211
 4571,514
 4557,496
 4538,851
 4482,185
 4446,719
 4561,332
 4496,980
 4522,602
 4488,061
 4558,348
 4484,781
 4561,217
 4533,517
 4537,573
 4533,327
 4538,721
 4561,920
 4559,312
 4658,794
 4538,659
 4537,913
 4544,572
 4570,306
 4557,848
 4645,883
 4558,769
 4656,422
 4532,144
 4557,939
 4553,101
 4541,175
 4572,405
 4542,937
 4570,139
 4634,473
 4619,407
 4639,954
 4569,737
 4590,753
 4636,205
 4581,986
 4606,108
 4602,818
 4611,720
 4663,510
 4692,998
 4623,500
 4722,464
 4610,996
 4611,034
 4662,925
 4590,240
 4616,854
 4684,267
 4679,241
 4617,139
 4668,704
 4715,799
 4656,325
 4678,535
 4666,448
 4672,527
 4582,926
 4699,816
 4634,245
 4688,549
 4732,196
 4699,966
 4727,930
 4691,518
 4672,202
 4720,746
 4735,818
 4703,777
 4736,317
 4721,922
 4670,246
 4691,389
 4706,678
 4682,221
 4740,827
 4725,264
 4736,439
 4712,550
 4743,159
 4749,174
 4755,724
 4766,695
 4732,301
 4735,586
 4746,539
 4758,453
 4715,792
 4704,119
 4758,363
 4854,170
 4785,144
 4709,608
 4786,047
 4778,692
 4741,843
 4805,730
 4691,073
 4702,843
 4817,007
 4761,866
 4738,530
 4828,378
 4793,441
 4739,562
 4777,858
 4810,987
 4799,103
 4865,448
 4760,013
 4776,254
 4765,959
 4815,861
 4804,810
 4768,254
 4824,081
 4862,967
 4838,133
 4865,629
 4855,756
 4868,426
 4792,217
 4757,755
 4837,800
 4827,255
 4912,658
 4830,656
 4796,450
 4859,534
 4789,270
 4803,637
 4807,947
 4813,020
 4793,788
 4821,176
 4835,701
 4825,742
 4841,314
 4851,586
 4801,000
 4847,603
 4915,804
 4840,098
 4834,962
 4848,054
 4867,772
 4838,427
 4803,200
 4878,472
 4905,013
 4857,839
 4891,629
 4860,308
 4914,778
 4906,733
 4839,459
 4894,584
 4925,810
 4896,628
 4841,810
 4850,302
 4918,616
 4826,657
 4871,879
 4841,751
 4951,231
 4918,951
 4880,927
 4939,558
 4931,905
 4934,785
 4897,231
 4933,768
 4951,161
 4898,096
 4901,429
 4928,753
 4933,321
 4909,770
 4953,114
 4985,512
 4955,736
 4993,122
 4945,804
 4852,753
 4990,748
 4924,783
 4950,827
 4849,689
 4995,173
 4889,131
 4953,851
 4906,841
 4826,102
 4937,000
 4950,625
 4876,976
 4977,805
 5024,574
 4933,864
 4949,693
 5025,561
 4979,698
 4900,871
 4966,097
 4943,036
 4919,262
 4928,204
 5019,149
 4942,135
 4945,939
 4925,917
 4994,192
 4985,235
 5001,207
 4948,593
 4962,407
 4904,829
 4952,196
 4978,171
 4973,109
 5069,450
 4961,631
 4996,673
 4937,039
 4969,533
 5030,787
 5047,914
 4965,864
 4952,764
 4973,188
 4997,878
 4967,557
 5020,161
 5011,879
 4965,782
 5026,824
 5074,573
 4952,448
 4984,874
 4979,816
 4985,324
 5004,498
 5013,345
 5006,746
 5088,677
 5027,051
 5026,027
 5039,153
 4940,014
 5086,632
 4916,594
 5006,995
 5097,817
 5085,794
 5034,193
 5104,223
 5126,136
 5070,332
 5163,092
 5135,109
 4917,683
 5087,593
 5087,406
 5101,255
 5087,689
 5067,190
 5140,163
 5075,267
 5138,301
 5123,970
 5107,664
 5100,607
 5097,967
 5089,048
 5101,963
 5156,111
 5091,075
 5031,458
 5044,132
 5101,077
 5119,069
 5152,407
 5065,713
 5107,499
 5096,149
 5159,727
 5102,292
 5107,114
 5031,413
 5113,043
 5012,040
 5120,548
 5118,520
 5039,545
 5155,435
 5083,252
 5090,390
 5148,220
 5073,694
 5097,874
 5070,417
 5105,175
 5138,576
 5127,475
 5151,879
 5077,519
 5096,932
 5051,394
 5094,315
 5217,183
 5139,289
 5131,195
 5084,308
 5087,579
 5113,604
 5114,765
 5095,525
 5184,938
 5139,224
 5200,272
 5130,409
 5119,076
 5139,907
 5094,988
 5194,874
 5112,658
 5164,242
 5099,583
 5094,794
 5105,452
 5139,121
 5210,523
 5132,130
 5117,587
 5155,607
 5150,175
 5155,197
 5192,863
 5177,750
 5120,713
 5194,772
 5058,230
 5133,555
 5159,283
 5192,164
 5137,807
 5166,728
 5181,490
 5156,550
 5201,579
 5267,786
 5151,166
 5102,039
 5155,071
 5085,302
 5151,799
 5184,271
 5105,409
 5124,605
 5110,194
 5073,165
 5093,277
 5188,311
 5191,736
 5161,211
 5121,363
 5061,840
 5173,754
 5153,829
 5167,059
 5096,436
 5142,878
 5157,446
 5128,079
 5182,111
 5122,802
 5146,863
 5133,477
 5123,606
 5073,264
 5132,036
 5102,873
 5163,407
 5151,197
 5116,973
 5119,797
 5089,998
 5103,593
 5139,944
 5125,557
 5148,978
 5166,092
 5194,668
 5148,917
 5123,518
 5140,298
 5175,797
 5097,829
 5183,647
 5126,946
 5124,152
 5175,497
 5117,605
 5134,785
 5156,122
 5087,976
 5140,776
 5141,203
 5058,216
 5161,940
 5122,783
 5086,450
 5082,018
 5203,823
 5175,212
 5151,177
 5182,641
 5170,718
 5113,332
 5161,474
 5147,971
 5146,830
 5120,532
 5187,514
 5112,303
 5138,225
 5158,931
 5166,192
 5212,312
 5196,617
 5220,879
 5174,803
 5095,407
 5173,863
 5185,867
 5130,758
 5189,057
 5227,793
 5160,927
 5199,886
 5187,464
 5204,664
 5270,902
 5175,355
 5245,277
 5214,352
 5250,403
 5170,043
 5193,140
 5207,960
 5192,668
 5152,394
 5197,922
 5223,239
 5225,553
 5202,126
 5189,021
 5231,362
 5219,351
 5245,185
 5194,285
 5148,683
 5222,397
 5244,569
 5296,350
 5279,669
 5223,371
 5231,977
 5209,349
 5161,328
 5283,334
 5228,282
 5245,955
 5176,783
 5239,753
 5246,024
 5228,738
 5223,891
 5327,671
 5280,828
 5290,952
 5213,894
 5288,523
 5220,189
 5331,509
 5144,118
 5252,202
 5311,980
 5313,570
 5270,689
 5242,010
 5234,426
 5315,273
 5328,439
 5312,738
 5302,310
 5321,004
 5296,048
 5307,989
 5249,432
 5317,195
 5210,840
 5275,200
 5320,776
 5228,651
 5271,184
 5289,531
 5344,901
 5375,933
 5349,526
 5292,047
 5290,485
 5344,338
 5299,573
 5322,779
 5301,669
 5334,467
 5386,314
 5288,803
 5321,516
 5305,173
 5319,555
 5326,733
 5398,967
 5382,808
 5359,774
 5393,160
 5302,419
 5362,646
 5372,304
 5350,263
 5455,433
 5371,073
 5325,837
 5391,060
 5329,548
 5302,470
 5370,441
 5319,285
 5315,989
 5378,239
 5413,002
 5294,688
 5447,207
 5378,059
 5438,536
 5444,268
 5333,644
 5369,611
 5366,466
 5393,826
 5326,712
 5375,794
 5315,333
 5477,295
 5429,688
 5447,601
 5368,858
 5538,676
 5349,887
 5421,933
 5452,787
 5475,556
 5487,649
 5326,999
 5471,183
 5454,913
 5378,546
 5395,697
 5449,064
 5421,106
 5409,848
 5442,470
 5406,586
 5434,087
 5408,332
 5483,688
 5388,317
 5428,090
 5477,718
 5406,312
 5418,257
 5464,992
 5430,210
 5398,359
 5484,661
 5493,950
 5500,828
 5511,084
 5403,870
 5490,345
 5451,452
 5431,746
 5480,199
 5427,465
 5397,949
 5459,801
 5480,634
 5414,769
 5465,741
 5438,636
 5509,214
 5479,508
 5478,646
 5457,148
 5398,023
 5499,869
 5453,360
 5421,558
 5481,863
 5419,217
 5453,964
 5410,736
 5457,005
 5453,303
 5434,483
 5547,815
 5390,482
 5441,178
 5512,377
 5548,308
 5438,175
 5420,635
 5425,618
 5521,342
 5394,930
 5417,016
 5437,404
 5465,412
 5469,587
 5437,359
 5523,949
 5524,518
 5507,665
 5510,793
 5434,647
 5501,053
 5449,771
 5487,341
 5459,320
 5563,464
 5471,316
 5418,896
 5431,899
 5459,343
 5405,629
 5481,314
 5529,382
 5542,379
 5445,815
 5482,906
 5535,938
 5470,332
 5446,512
 5461,878
 5503,830
 5474,776
 5492,103
 5479,910
 5534,682
 5447,940
 5444,447
 5460,069
 5448,459
 5481,031
 5445,168
 5488,059
 5466,402
 5515,628
 5475,869
 5583,039
 5415,893
 5522,083
 5527,569
 5512,220
 5582,543
 5491,908
 5494,796
 5448,565
 5497,288
 5533,388
 5463,758
 5378,946
 5472,656
 5491,760
 5454,288
 5515,835
 5526,111
 5484,295
 5417,791
 5494,967
 5508,557
 5479,633
 5481,594
 5561,983
 5520,741
 5458,406
 5487,876
 5472,932
 5540,154
 5424,119
 5564,313
 5482,927
 5469,745
 5403,427
 5510,973
 5450,502
 5546,099
 5498,133
 5488,658
 5489,513
 5498,173
 5443,295
 5514,094
 5393,487
 5527,661
 5472,963
 5413,670
 5441,707
 5500,537
 5448,252
 5465,702
 5491,117
 5537,276
 5439,875
 5532,171
 5505,910
 5424,664
 5502,743
 5461,393
 5425,318
 5451,332
 5505,883
 5484,294
 5411,031
 5503,621
 5438,765
 5466,372
 5418,019
 5417,921
 5521,856
 5464,108
 5472,964
 5490,827
 5475,968
 5432,520
 5412,444
 5540,321
 5385,992
 5446,987
 5411,608
 5477,040
 5410,230
 5452,305
 5510,971
 5487,629
 5486,744
 5389,973
 5441,645
 5469,945
 5461,595
 5436,865
 5458,083
 5447,540
 5495,102
 5359,795
 5445,103
 5387,723
 5523,101
 5443,853
 5336,654
 5566,192
 5384,414
 5516,730
 5414,417
 5499,078
 5439,894
 5446,858
 5401,342
 5429,297
 5414,565
 5372,090
 5405,118
 5416,613
 5519,659
 5358,040
 5369,231
 5411,417
 5467,301
 5382,451
 5381,094
 5465,926
 5410,751
 5390,630
 5399,337
 5449,194
 5374,803
 5436,246
 5431,306
 5441,382
 5439,746
 5382,966
 5417,537
 5430,518
 5406,269
 5421,801
 5322,086
 5376,067
 5369,160
 5448,500
 5422,858
 5383,889
 5361,784
 5326,411
 5428,485
 5336,962
 5322,307
 5397,078
 5351,861
 5423,767
 5427,902
 5340,244
 5346,305
 5416,464
 5297,407
 5297,104
 5423,627
 5313,414
 5384,293
 5341,259
 5378,218
 5300,405
 5351,914
 5331,672
 5368,934
 5316,683
 5343,282
 5316,577
 5361,950
 5365,324
 5314,238
 5383,613
 5366,339
 5271,374
 5299,503
 5328,563
 5338,406
 5383,222
 5300,165
 5390,778
 5313,085
 5297,352
 5291,287
 5331,572
 5352,907
 5252,507
 5340,403
 5281,266
 5274,451
 5331,905
 5244,285
 5251,658
 5294,419
 5317,385
 5264,161
 5214,641
 5247,124
 5259,509
 5331,062
 5304,232
 5314,370
 5289,184
 5329,928
 5258,960
 5217,334
 5240,449
 5233,876
 5245,342
 5278,685
 5258,194
 5241,874
 5233,907
 5238,563
 5263,591
 5264,247
 5330,953
 5156,768
 5220,016
 5254,866
 5257,723
 5266,189
 5261,385
 5276,366
 5167,494
 5262,457
 5225,984
 5211,607
 5136,890
 5203,165
 5240,065
 5149,297
 5237,077
 5253,777
 5231,414
 5175,568
 5197,523
 5200,035
 5169,596
 5191,101
 5190,641
 5293,075
 5143,243
 5135,217
 5201,139
 5184,762
 5186,579
 5140,552
 5094,661
 5136,283
 5162,162
 5308,774
 5193,222
 5193,530
 5138,859
 5198,936
 5172,041
 5183,881
 5114,479
 5171,666
 5171,624
 5200,093
 5143,259
 5094,681
 5168,215
 5132,493
 5132,913
 5119,071
 5141,848
 5158,361
 5020,632
 5095,052
 5135,954
 5116,856
 5185,478
 5152,786
 5188,455
 5080,932
 5026,774
 5175,775
 5088,896
 5071,203
 5115,805
 5043,961
 5079,011
 5081,003
 5053,064
 5134,950
 5056,082
 5090,591
 5094,493
 5017,666
 5039,071
 5124,676
 5094,583
 5123,958
 5072,300
 5060,667
 4999,510
 5092,262
 5007,825
 5144,910
 5033,312
 5113,974
 5084,234
 5118,623
 5044,189
 5009,302
 5071,125
 5020,403
 5037,689
 5116,629
 4957,660
 5015,732
 5091,124
 4979,302
 5042,537
 4968,364
 5032,269
 4954,096
 4963,343
 4969,796
 5024,351
 4973,207
 4976,184
 4943,789
 5065,285
 4966,177
 4952,183
 4975,978
 5020,799
 4920,747
 5008,496
 4862,024
 4916,641
 4903,542
 5001,138
 5019,965
 4934,080
 4962,337
 4970,587
 4916,337
 4904,989
 4857,386
 4900,730
 4935,535
 4909,237
 4970,470
 4925,415
 4919,630
 4922,812
 4863,445
 4846,783
 4883,811
 4880,281
 4838,814
 4922,563
 4865,795
 4870,225
 4841,441
 4872,996
 4893,899
 4880,275
 4842,233
 4877,041
 4937,767
 4881,673
 4833,386
 4912,694
 4820,521
 4786,788
 4901,250
 4852,880
 4826,539
 4862,152
 4859,070
 4774,513
 4737,611
 4853,621
 4842,773
 4883,936
 4798,688
 4785,038
 4805,478
 4732,633
 4779,189
 4828,684
 4854,031
 4795,445
 4789,726
 4816,763
 4767,558
 4764,877
 4785,378
 4781,828
 4837,765
 4771,127
 4813,765
 4808,802
 4778,370
 4700,922
 4758,002
 4763,183
 4749,698
 4747,586
 4779,713
 4772,781
 4828,895
 4828,288
 4732,070
 4737,848
 4729,866
 4721,583
 4698,572
 4744,957
 4672,819
 4767,048
 4702,624
 4724,377
 4670,396
 4736,574
 4712,981
 4759,087
 4650,847
 4683,071
 4693,837
 4734,371
 4712,472
 4689,135
 4698,934
 4752,031
 4639,229
 4641,033
 4696,787
 4696,802
 4644,019
 4668,610
 4703,017
 4663,468
 4711,514
 4661,254
 4689,706
 4659,375
 4644,963
 4669,844
 4679,889
 4695,251
 4569,200
 4607,055
 4589,674
 4667,721
 4634,268
 4572,753
 4630,449
 4661,969
 4597,576
 4540,010
 4593,144
 4568,291
 4590,847
 4675,809
 4633,224
 4547,763
 4537,113
 4616,018
 4608,761
 4568,319
 4543,593
 4599,643
 4537,306
 4594,022
 4520,086
 4555,842
 4524,467
 4635,948
 4535,859
 4464,144
 4489,408
 4565,384
 4508,339
 4583,044
 4558,181
 4489,249
 4553,046
 4482,064
 4515,821
 4546,629
 4464,776
 4461,088
 4470,534
 4516,561
 4485,665
 4485,632
 4489,770
 4502,782
 4497,281
 4438,358
 4462,683
 4486,392
 4483,919
 4418,446
 4514,895
 4370,033
 4385,887
 4430,810
 4443,292
 4431,560
 4441,933
 4462,924
 4414,988
 4430,467
 4355,625
 4455,975
 4397,030
 4432,800
 4481,817
 4389,339
 4396,857
 4374,124
 4405,644
 4344,563
 4365,067
 4305,819
 4369,819
 4367,844
 4358,691
 4385,863
 4332,798
 4350,863
 4284,627
 4342,886
 4364,011
 4360,176
 4332,437
 4310,302
 4311,545
 4277,294
 4262,362
 4344,972
 4390,015
 4313,677
 4282,560
 4329,764
 4329,208
 4279,353
 4299,932
 4314,517
 4242,787
 4194,870
 4320,493
 4337,950
 4256,805
 4249,633
 4268,815
 4257,256
 4216,179
 4237,226
 4196,625
 4269,602
 4325,478
 4265,820
 4250,672
 4188,959
 4208,144
 4276,312
 4222,777
 4193,379
 4300,526
 4208,193
 4195,443
 4195,402
 4235,679
 4226,403
 4213,831
 4293,349
 4174,808
 4317,987
 4120,407
 4157,915
 4204,097
 4162,535
 4177,787
 4255,135
 4194,329
 4200,272
 4213,274
 4206,239
 4132,780
 4183,597
 4229,963
 4177,089
 4166,738
 4151,845
 4116,086
 4140,525
 4205,115
 4078,151
 4081,661
 4146,061
 4129,232
 4119,234
 4049,323
 4116,461
 4083,730
 4121,477
 4081,393
 4070,866
 4151,581
 4121,752
 4089,537
 4042,323
 4131,212
 4077,080
 3961,482
 4103,465
 3979,678
 4031,503
 4074,273
 4027,567
 4072,376
 3999,808
 4014,634
 3942,238
 4055,937
 4034,435
 4014,144
 3978,769
 4002,893
 3965,301
 3983,371
 3979,214
 4026,157
 3988,823
 4014,231
 3954,978
 3945,742
 4007,777
 3929,142
 3918,764
 3961,879
 3949,092
 3920,843
 3952,053
 3974,924
 3981,662
 3947,926
 3964,993
 3962,948
 3975,896
 3985,251
 3978,818
 3876,362
 3882,656
 3936,873
 3924,184
 3901,278
 3894,763
 3845,750
 3876,768
 3915,406
 3941,438
 3846,057
 3866,760
 3874,616
 3807,916
 3906,024
 3850,566
 3882,949
 3942,153
 3886,777
 3956,113
 3864,315
 3899,705
 3865,361
 3888,262
 3856,927
 3888,471
 3826,794
 3865,675
 3870,896




























































































































































































































































































































































































































































































































































































































































































































































































































































































































































































































































































































































































































































































































































































































































































































































































































































































































































































































































































































































































































































































































































































































































































































































































































































































































































































































































































































































































































































































































































































































































































































































































































































































































































































































































































































































































































































































































































































































































































































































































































































































































































































































































































































































































































































































































































































































































































































































































































































































































































































































































































































































































































































































































































































































































































































































































































































































































































































































































































































































































































































































































































































































































































































































































































































































































































































































































































































































































































































































































































































































































































































































































































































































































































































































































































































































































































































































































































































































































































































































































































































































































































































































































































































































































































































































































































































































































































































































































































































































































































































































































































































































































































































































































































































































































































































































































































































































































































































































































































































































































































































































































































































































































































































































































































































































































































































































































































































































































































































































































































































































































































































































































































































































































































































































































































































































































































































































































































































































































































































































































































































































































































































































































































































































































































































































































































































































































































































































































































































































































































































































































































































































































































































































































































































































































































































































































































































































































































































































































































































































































































































































































































































































































































































































































































































































































































































































































































































































































































































































































































































































































































































































































































































































































































































































































































































































































































































































































































































































































































































































































































































































































































































































































































































































































































































































































































































































































































































































































































































































































































































































































































































































































































































































































































































































































































































































































































































































































































































































































































































































































































































































































































































































































































































































































































































































































































































































































































































































































































































































































































































































































































































































































































































































































































































































































































































































































































































































































































































































































































































































































































































































































































































































































































































































































































































































































































































































































































































































































































































































































































































































































































































































































































































































































































































































































































































































































































































































































































































































































































































































































































































































































































































































































































































































































































































































































































































































































































































































































































































































































































































































































































































































































































































































































































































































































































































































































































































































































































































































































































































































































































































































































































































































































































































































































































































































































































































































































































































































































































































































































































































































































































































































































































































































































































































































































































































































































































































































































































































































































































































































































































































































































































































































































































































































































































































































































































































































































































































































































































































































































































































































































































































































































































































































































































































































































































































































































































































































































































































































































































































































































































































































































































































































































































































































































































































































































































































































































































































































































































































































































































































































































































































































































































































































































































































































































































































































































































































































































































































































































































































































































































































































































































































































































































































































































