 634,475
 617,702
 635,141
 619,998
 622,222
 656,054
 624,818
 641,896
 656,083
 616,208
 622,933
 636,632
 640,147
 669,394
 643,363
 632,618
 617,636
 659,039
 623,751
 636,623
 624,882
 611,251
 638,212
 663,808
 655,846
 615,489
 644,616
 629,840
 656,256
 639,595
 670,293
 666,188
 648,824
 655,152
 640,060
 626,895
 656,391
 616,717
 639,776
 664,497
 622,264
 628,109
 666,778
 662,778
 678,996
 640,943
 655,408
 641,535
 646,975
 689,976
 645,343
 606,465
 610,400
 635,534
 669,791
 646,982
 660,899
 661,295
 629,929
 640,482
 652,023
 632,044
 670,415
 672,005
 644,641
 657,904
 672,195
 663,552
 670,410
 622,273
 647,540
 645,327
 704,802
 688,533
 662,803
 676,578
 648,102
 713,312
 663,899
 647,618
 648,309
 643,114
 648,212
 653,100
 647,960
 661,600
 634,741
 696,651
 658,167
 647,475
 655,846
 656,378
 664,362
 665,407
 665,734
 648,519
 683,939
 682,686
 669,440
 668,300
 657,341
 675,704
 623,102
 651,006
 702,383
 624,164
 665,512
 674,089
 694,987
 681,249
 671,434
 701,744
 730,490
 666,512
 665,854
 679,595
 673,435
 661,541
 647,246
 662,034
 699,993
 662,686
 662,345
 691,628
 688,257
 689,796
 680,303
 693,001
 701,702
 706,291
 634,097
 697,493
 687,605
 668,740
 676,884
 649,702
 674,095
 663,152
 666,239
 651,739
 670,729
 698,745
 675,824
 681,004
 695,031
 690,378
 700,999
 676,711
 694,750
 661,531
 665,018
 671,157
 674,599
 676,470
 661,032
 695,426
 665,201
 695,454
 674,294
 713,981
 676,136
 713,549
 701,867
 687,244
 687,014
 692,883
 683,987
 685,727
 686,858
 711,010
 705,176
 676,844
 651,866
 695,482
 652,917
 679,640
 664,979
 713,326
 683,112
 733,238
 693,686
 688,477
 697,187
 696,445
 674,394
 672,286
 660,242
 698,528
 695,547
 691,335
 730,555
 708,319
 695,660
 703,505
 635,249
 671,352
 719,399
 670,062
 700,861
 705,635
 705,352
 695,433
 673,869
 683,565
 705,335
 672,094
 683,305
 672,988
 724,471
 702,449
 698,634
 690,229
 697,513
 725,843
 673,573
 681,089
 665,235
 680,638
 709,971
 693,513
 703,291
 697,647
 713,840
 718,536
 721,982
 670,335
 706,396
 700,771
 666,665
 762,072
 663,815
 721,712
 671,047
 721,787
 692,461
 700,046
 751,476
 693,431
 728,822
 696,255
 707,773
 715,100
 703,671
 715,542
 692,462
 724,223
 722,337
 746,832
 716,029
 700,057
 715,259
 700,144
 712,149
 725,440
 684,982
 760,322
 723,026
 701,523
 707,775
 760,658
 734,758
 705,860
 701,144
 709,424
 703,958
 705,583
 728,326
 708,412
 718,993
 721,339
 729,908
 711,882
 755,646
 722,649
 760,346
 729,542
 709,828
 735,839
 757,188
 743,109
 728,350
 745,980
 702,344
 753,700
 777,374
 737,097
 747,953
 726,468
 760,131
 754,452
 712,229
 754,663
 772,478
 708,623
 769,034
 759,542
 751,406
 732,584
 767,762
 749,764
 769,577
 754,886
 756,795
 722,967
 771,809
 757,029
 777,331
 770,855
 737,811
 764,548
 773,924
 734,008
 775,414
 786,029
 751,949
 781,853
 765,290
 775,615
 742,790
 821,817
 774,634
 779,544
 797,477
 810,238
 801,386
 792,297
 781,811
 767,267
 798,533
 764,589
 792,622
 786,060
 800,791
 810,342
 753,112
 754,317
 803,202
 765,245
 792,455
 809,863
 799,703
 808,720
 759,995
 793,843
 779,575
 774,211
 800,695
 790,264
 812,593
 798,106
 762,923
 785,431
 809,681
 798,848
 799,356
 824,738
 819,202
 801,489
 794,508
 826,013
 802,275
 843,183
 778,738
 809,503
 820,713
 836,365
 814,113
 771,681
 840,874
 805,090
 775,952
 784,825
 819,103
 785,063
 841,933
 813,670
 830,583
 834,465
 820,352
 816,007
 851,715
 807,249
 857,917
 797,256
 818,658
 846,400
 823,889
 851,984
 848,298
 850,371
 850,112
 819,015
 811,623
 908,089
 872,538
 814,145
 863,855
 842,116
 857,275
 854,358
 862,127
 870,278
 831,732
 848,970
 860,938
 879,435
 874,000
 869,171
 857,438
 872,811
 848,034
 834,861
 871,325
 867,394
 878,217
 816,464
 875,029
 879,335
 856,464
 880,254
 881,407
 858,530
 882,041
 873,778
 898,421
 878,471
 875,339
 882,055
 893,755
 884,731
 849,046
 909,272
 909,857
 862,418
 878,306
 888,951
 901,598
 876,775
 879,770
 888,179
 906,341
 909,882
 893,673
 897,458
 913,889
 898,173
 864,560
 907,286
 919,906
 882,535
 873,395
 848,078
 889,648
 906,208
 913,753
 883,383
 895,840
 905,529
 935,670
 916,952
 910,748
 918,592
 882,808
 896,923
 895,338
 924,313
 895,935
 970,385
 950,489
 929,461
 946,164
 937,443
 932,412
 932,753
 935,518
 931,360
 967,231
 901,994
 895,697
 935,690
 913,976
 928,533
 951,378
 942,720
 954,881
 970,436
 947,275
 960,528
 932,409
 918,402
 977,738
 971,429
 970,622
 978,926
 999,899
 966,048
 961,497
 961,642
 963,446
 934,859
 996,977
 967,713
 993,280
 985,911
 952,825
 1006,709
 1008,837
 961,395
 962,340
 961,871
 987,210
 1016,404
 986,606
 978,907
 959,739
 971,345
 963,726
 983,138
 981,846
 998,265
 1011,874
 1004,517
 964,673
 1011,272
 1009,810
 1034,904
 1027,787
 1012,930
 1005,056
 1043,761
 1007,852
 989,751
 972,175
 1047,356
 1014,712
 1020,756
 1002,536
 1045,898
 1017,517
 1016,611
 965,878
 1003,190
 1028,003
 1037,330
 1037,416
 1015,733
 1057,053
 1012,217
 1018,524
 1040,453
 1064,541
 1071,296
 1054,279
 1067,962
 1082,132
 1057,554
 1061,018
 1047,011
 1009,254
 1060,314
 1078,911
 1068,601
 1055,586
 1055,818
 1088,220
 1068,436
 1038,640
 1038,772
 1053,679
 1065,468
 1069,519
 1045,707
 1080,061
 1092,815
 1094,759
 1054,298
 1100,740
 1079,748
 1050,210
 1082,557
 1080,204
 1155,428
 1063,207
 1088,730
 1087,695
 1069,978
 1109,206
 1096,561
 1061,496
 1102,733
 1101,857
 1063,569
 1082,739
 1110,792
 1118,415
 1118,103
 1088,787
 1065,176
 1134,016
 1091,440
 1088,419
 1138,939
 1061,939
 1123,936
 1108,188
 1128,873
 1143,776
 1093,704
 1134,799
 1160,483
 1128,074
 1127,036
 1087,133
 1141,776
 1108,885
 1122,495
 1111,778
 1110,004
 1105,889
 1140,417
 1135,531
 1095,215
 1102,026
 1089,107
 1126,885
 1141,789
 1148,973
 1160,167
 1135,634
 1127,843
 1143,285
 1142,304
 1132,708
 1118,348
 1140,418
 1148,189
 1156,284
 1138,773
 1125,548
 1165,107
 1172,003
 1139,552
 1154,245
 1146,042
 1158,517
 1168,170
 1157,096
 1167,789
 1145,552
 1149,669
 1143,152
 1127,260
 1174,836
 1204,052
 1222,633
 1135,970
 1170,778
 1192,572
 1180,118
 1197,523
 1194,947
 1201,121
 1169,706
 1176,274
 1221,476
 1172,286
 1207,016
 1210,149
 1223,166
 1221,878
 1222,377
 1191,444
 1185,129
 1204,278
 1203,420
 1193,803
 1182,728
 1218,486
 1199,466
 1178,916
 1183,020
 1236,527
 1235,388
 1196,613
 1233,020
 1228,978
 1188,941
 1219,780
 1246,825
 1225,335
 1201,898
 1274,171
 1218,832
 1206,271
 1216,476
 1183,572
 1234,853
 1261,745
 1214,097
 1234,266
 1253,207
 1243,466
 1248,537
 1259,039
 1232,954
 1235,171
 1302,049
 1268,763
 1259,042
 1223,523
 1236,844
 1235,681
 1255,087
 1268,549
 1249,329
 1242,043
 1224,508
 1281,612
 1248,677
 1322,564
 1312,562
 1263,455
 1275,881
 1286,112
 1279,280
 1254,194
 1266,520
 1281,983
 1292,304
 1348,043
 1306,266
 1287,642
 1299,734
 1300,703
 1300,589
 1292,058
 1298,757
 1332,515
 1310,102
 1302,612
 1308,153
 1334,834
 1308,432
 1289,214
 1293,710
 1306,837
 1311,589
 1313,363
 1351,675
 1302,830
 1335,326
 1294,139
 1334,096
 1344,215
 1334,885
 1334,987
 1337,918
 1369,523
 1339,769
 1279,424
 1367,454
 1320,740
 1318,247
 1336,456
 1367,453
 1280,761
 1310,223
 1355,778
 1330,359
 1360,009
 1356,883
 1379,489
 1346,968
 1377,050
 1397,326
 1401,973
 1372,220
 1382,649
 1355,904
 1388,599
 1387,156
 1383,958
 1360,099
 1335,025
 1331,955
 1389,568
 1369,217
 1411,180
 1405,993
 1402,683
 1418,685
 1378,369
 1401,371
 1400,130
 1404,365
 1412,211
 1408,106
 1373,263
 1418,022
 1418,556
 1462,819
 1391,542
 1410,765
 1413,003
 1376,197
 1421,570
 1401,905
 1428,774
 1410,755
 1385,239
 1430,615
 1435,443
 1431,864
 1409,741
 1471,211
 1426,166
 1412,884
 1427,609
 1430,463
 1450,476
 1455,598
 1458,385
 1413,720
 1514,581
 1440,800
 1451,843
 1447,913
 1474,225
 1437,017
 1437,859
 1477,214
 1470,529
 1555,709
 1464,000
 1489,642
 1516,050
 1518,317
 1493,245
 1511,842
 1492,154
 1499,789
 1496,798
 1504,830
 1503,455
 1500,094
 1542,626
 1522,460
 1516,625
 1508,698
 1553,468
 1516,037
 1568,347
 1516,657
 1520,125
 1513,412
 1586,130
 1555,752
 1552,761
 1593,415
 1567,642
 1550,079
 1537,534
 1563,489
 1529,255
 1563,229
 1566,698
 1599,301
 1527,736
 1583,972
 1572,918
 1612,838
 1615,133
 1555,999
 1643,298
 1646,107
 1584,384
 1588,925
 1539,193
 1569,548
 1566,067
 1567,814
 1562,854
 1581,178
 1620,423
 1566,883
 1584,579
 1587,014
 1602,245
 1573,659
 1594,216
 1556,353
 1578,749
 1620,484
 1594,668
 1616,715
 1650,906
 1628,396
 1651,671
 1609,731
 1644,051
 1660,270
 1662,279
 1631,367
 1658,166
 1658,862
 1654,568
 1644,271
 1682,773
 1713,276
 1688,388
 1696,328
 1635,350
 1687,740
 1636,240
 1692,826
 1678,674
 1654,656
 1738,407
 1664,222
 1698,903
 1675,911
 1703,162
 1640,374
 1655,774
 1683,987
 1705,236
 1694,798
 1684,612
 1710,966
 1708,807
 1701,503
 1733,679
 1714,706
 1694,615
 1683,044
 1686,038
 1725,879
 1737,246
 1688,535
 1745,282
 1748,263
 1741,528
 1703,706
 1744,939
 1699,223
 1736,985
 1753,424
 1793,141
 1702,862
 1708,436
 1742,443
 1764,083
 1736,599
 1763,717
 1753,282
 1743,117
 1792,040
 1787,824
 1743,472
 1782,172
 1826,064
 1754,289
 1791,996
 1733,079
 1765,976
 1770,648
 1812,877
 1760,618
 1774,535
 1772,248
 1808,353
 1799,084
 1754,904
 1807,613
 1809,984
 1754,194
 1841,002
 1794,291
 1771,970
 1826,749
 1849,833
 1830,752
 1836,845
 1839,767
 1752,091
 1852,521
 1824,943
 1810,919
 1900,261
 1796,253
 1766,832
 1809,226
 1871,156
 1882,272
 1808,173
 1807,961
 1865,385
 1821,624
 1833,808
 1811,820
 1813,382
 1866,199
 1857,632
 1849,817
 1865,290
 1860,246
 1839,514
 1872,003
 1853,052
 1928,546
 1830,586
 1895,962
 1880,904
 1862,546
 1897,527
 1889,729
 1865,806
 1911,383
 1839,379
 1912,050
 1904,649
 1949,529
 1890,506
 1928,070
 1881,919
 1927,042
 1941,435
 1927,669
 1875,625
 1911,691
 1905,501
 1959,059
 1885,733
 1897,438
 1880,638
 1926,800
 1903,387
 1926,185
 1906,069
 1957,487
 1942,078
 1953,282
 1934,341
 1959,276
 1961,187
 1931,385
 1933,464
 1962,357
 1913,379
 1901,735
 1929,180
 1989,422
 1936,526
 1946,001
 1931,778
 1950,778
 1983,984
 1916,803
 1970,526
 2035,257
 1951,359
 1962,463
 1970,033
 1973,644
 1977,070
 1946,147
 1909,860
 1964,629
 1962,033
 1976,422
 2000,919
 1954,824
 1972,300
 1950,539
 1982,378
 1961,885
 2037,067
 1965,588
 1983,576
 2000,908
 1979,316
 2007,975
 1996,025
 2015,573
 2001,701
 2014,233
 2027,129
 1988,169
 1923,027
 2028,279
 2049,239
 1992,667
 2009,569
 2048,308
 2018,216
 2038,265
 2044,009
 1970,180
 2007,397
 2018,096
 2032,914
 2034,152
 2064,628
 2049,508
 1960,879
 2054,506
 2050,401
 1976,319
 2064,893
 1996,446
 2035,162
 2048,466
 2032,676
 2061,664
 2073,984
 1999,278
 2061,114
 2103,872
 2020,239
 2052,626
 2067,505
 2081,161
 2132,975
 2088,869
 2065,013
 2110,536
 2079,350
 2047,626
 2109,811
 2125,976
 2069,268
 2054,729
 2072,829
 2093,304
 2079,357
 2131,233
 2104,148
 2118,768
 2105,132
 2152,428
 2067,251
 2079,841
 2158,103
 2161,195
 2092,667
 2074,859
 2116,650
 2092,057
 2136,601
 2083,625
 2157,484
 2159,273
 2144,878
 2139,520
 2153,093
 2171,703
 2143,339
 2158,146
 2094,951
 2137,544
 2131,259
 2129,211
 2149,986
 2172,559
 2121,226
 2199,021
 2166,139
 2196,897
 2166,064
 2170,010
 2136,957
 2162,780
 2184,046
 2179,559
 2145,389
 2143,058
 2163,256
 2158,912
 2186,164
 2145,757
 2206,644
 2207,769
 2244,339
 2122,627
 2236,110
 2250,909
 2193,817
 2212,171
 2150,837
 2199,640
 2165,168
 2210,552
 2235,396
 2230,760
 2241,026
 2183,066
 2211,903
 2265,270
 2237,542
 2215,430
 2226,503
 2246,584
 2205,059
 2272,625
 2231,208
 2254,616
 2289,775
 2206,274
 2241,176
 2237,360
 2243,925
 2301,354
 2257,486
 2255,082
 2228,982
 2232,100
 2267,047
 2299,152
 2279,264
 2263,848
 2276,547
 2322,337
 2288,664
 2252,388
 2315,899
 2289,802
 2322,378
 2333,278
 2355,880
 2370,753
 2255,295
 2307,364
 2257,460
 2263,180
 2319,521
 2330,872
 2290,654
 2359,605
 2375,023
 2319,875
 2358,057
 2293,084
 2311,427
 2315,683
 2412,976
 2365,409
 2365,589
 2336,643
 2366,512
 2287,041
 2311,731
 2351,609
 2368,665
 2346,781
 2420,277
 2345,935
 2342,319
 2377,367
 2403,661
 2295,335
 2420,373
 2460,060
 2404,783
 2409,090
 2387,037
 2429,067
 2427,523
 2365,885
 2403,786
 2439,500
 2406,217
 2417,000
 2415,020
 2488,136
 2411,776
 2417,123
 2459,761
 2364,312
 2439,964
 2440,068
 2459,305
 2480,065
 2449,925
 2467,334
 2481,954
 2439,565
 2401,438
 2434,741
 2451,083
 2440,357
 2458,657
 2487,437
 2452,799
 2490,795
 2470,615
 2488,212
 2463,555
 2490,008
 2486,305
 2434,671
 2469,641
 2478,927
 2507,358
 2509,019
 2498,270
 2500,450
 2508,856
 2539,561
 2545,988
 2485,106
 2540,830
 2506,807
 2510,562
 2511,538
 2499,357
 2551,312
 2576,490
 2512,459
 2502,818
 2487,678
 2529,878
 2519,796
 2514,603
 2553,585
 2536,090
 2617,703
 2534,240
 2533,792
 2609,359
 2527,870
 2553,235
 2544,826
 2580,757
 2609,723
 2625,173
 2566,499
 2553,931
 2533,140
 2629,066
 2597,038
 2634,579
 2583,463
 2587,322
 2577,089
 2619,309
 2637,612
 2603,597
 2601,028
 2562,846
 2626,405
 2593,925
 2606,044
 2609,454
 2574,426
 2641,148
 2627,698
 2590,039
 2604,615
 2615,716
 2664,350
 2630,622
 2607,588
 2703,430
 2627,259
 2647,974
 2616,102
 2647,874
 2638,813
 2659,162
 2617,483
 2649,367
 2708,335
 2615,052
 2634,868
 2677,006
 2678,674
 2680,694
 2623,702
 2696,692
 2642,623
 2716,930
 2689,846
 2700,916
 2685,557
 2652,690
 2675,214
 2714,625
 2679,676
 2675,507
 2663,684
 2704,473
 2683,213
 2717,796
 2731,303
 2708,499
 2666,242
 2789,904
 2674,982
 2731,457
 2754,949
 2662,814
 2745,228
 2744,775
 2774,725
 2738,560
 2709,405
 2699,919
 2728,081
 2719,880
 2654,593
 2722,083
 2661,575
 2764,311
 2686,103
 2774,368
 2757,221
 2742,489
 2741,190
 2754,027
 2748,332
 2747,084
 2755,987
 2766,976
 2800,998
 2798,002
 2751,658
 2710,776
 2784,853
 2767,939
 2783,052
 2759,700
 2772,481
 2786,064
 2741,095
 2749,764
 2814,545
 2736,186
 2858,885
 2826,623
 2835,397
 2747,961
 2850,407
 2769,324
 2793,092
 2780,780
 2829,108
 2782,797
 2831,705
 2788,229
 2848,610
 2781,454
 2823,482
 2793,907
 2838,009
 2827,049
 2796,810
 2836,213
 2793,684
 2768,916
 2819,006
 2807,388
 2846,460
 2847,714
 2827,129
 2845,381
 2852,829
 2836,587
 2816,208
 2842,277
 2824,625
 2843,897
 2849,625
 2886,756
 2876,311
 2893,238
 2878,594
 2824,309
 2903,831
 2888,806
 2878,511
 2892,969
 2899,886
 2858,029
 2890,981
 2845,851
 2845,941
 2886,618
 2866,921
 2846,934
 2873,369
 2826,125
 2949,499
 2875,511
 2836,011
 2933,288
 2897,783
 2867,458
 2904,106
 2914,215
 2880,297
 2902,242
 2906,439
 2930,129
 2914,385
 2893,566
 2938,386
 2913,887
 3027,123
 2915,951
 2942,360
 2965,005
 2874,092
 2954,983
 2912,588
 2903,349
 2924,967
 2865,155
 2901,990
 2901,976
 2916,103
 2933,746
 2966,352
 2941,907
 2985,465
 2977,967
 2965,191
 2911,989
 2952,302
 2954,802
 2913,083
 2970,020
 2966,306
 2961,331
 2973,830
 2993,700
 2978,150
 2974,033
 2991,535
 2992,779
 3002,506
 2967,548
 2985,520
 2943,430
 2924,864
 3057,122
 2977,326
 2985,321
 3001,431
 3008,640
 2999,396
 2963,780
 3012,032
 3031,185
 3052,248
 2971,655
 3004,303
 3028,694
 3052,560
 3006,251
 3018,767
 3043,341
 2994,148
 2986,973
 3022,920
 3015,730
 2991,778
 2986,137
 3042,060
 2970,901
 3079,282
 3088,896
 3042,154
 2997,959
 2988,513
 3009,919
 3064,944
 3012,153
 3014,586
 3043,310
 3067,484
 3054,449
 3010,581
 3091,875
 3073,504
 3029,137
 3098,433
 3069,732
 3074,663
 3060,360
 3108,548
 3080,181
 3085,128
 3067,431
 3135,255
 3131,320
 3073,921
 3137,130
 3100,872
 3072,658
 3063,149
 3114,359
 3135,027
 3151,136
 3122,382
 3082,419
 3079,466
 3110,308
 3064,087
 3086,717
 3123,369
 3087,774
 3115,491
 3151,712
 3181,569
 3063,191
 3167,598
 3171,488
 3126,057
 3085,602
 3151,067
 3131,680
 3115,973
 3116,068
 3148,666
 3070,969
 3192,448
 3151,327
 3154,208
 3155,257
 3179,542
 3146,796
 3200,562
 3177,936
 3186,341
 3162,857
 3207,429
 3228,031
 3193,531
 3141,635
 3253,320
 3150,430
 3165,851
 3252,724
 3248,942
 3209,678
 3189,104
 3198,586
 3237,934
 3246,378
 3151,238
 3233,511
 3265,069
 3172,119
 3228,772
 3232,386
 3238,570
 3201,056
 3243,564
 3200,930
 3203,269
 3256,814
 3172,122
 3181,174
 3284,031
 3257,057
 3282,921
 3270,162
 3282,511
 3301,410
 3211,780
 3206,424
 3240,467
 3219,837
 3262,086
 3256,828
 3325,442
 3346,713
 3244,314
 3263,730
 3300,914
 3298,361
 3339,228
 3281,804
 3316,164
 3267,444
 3299,966
 3230,179
 3318,085
 3302,339
 3316,912
 3325,636
 3416,035
 3247,062
 3317,253
 3239,041
 3276,077
 3327,971
 3328,411
 3325,645
 3291,193
 3226,741
 3373,364
 3328,318
 3322,004
 3304,601
 3345,621
 3295,402
 3363,356
 3420,372
 3372,145
 3413,110
 3359,519
 3351,003
 3403,393
 3349,251
 3360,524
 3350,845
 3352,985
 3393,476
 3359,109
 3384,895
 3385,532
 3390,664
 3401,452
 3408,986
 3438,778
 3393,341
 3438,982
 3401,928
 3412,062
 3408,539
 3409,907
 3453,328
 3423,730
 3348,100
 3400,600
 3402,705
 3451,249
 3487,319
 3459,161
 3416,988
 3487,477
 3476,880
 3456,074
 3400,277
 3442,809
 3501,163
 3435,247
 3408,804
 3496,163
 3536,407
 3466,666
 3472,205
 3427,118
 3449,817
 3475,624
 3499,245
 3518,280
 3402,340
 3440,043
 3555,158
 3515,107
 3432,872
 3589,879
 3463,562
 3531,978
 3465,333
 3437,781
 3485,993
 3509,659
 3472,876
 3557,235
 3479,601
 3484,115
 3569,382
 3573,785
 3544,915
 3500,472
 3530,900
 3604,734
 3587,690
 3545,324
 3567,933
 3504,884
 3567,742
 3583,449
 3555,646
 3557,953
 3593,851
 3548,854
 3560,172
 3580,588
 3563,702
 3602,912
 3535,699
 3597,529
 3621,768
 3601,630
 3574,081
 3606,121
 3604,679
 3591,917
 3623,025
 3611,500
 3624,681
 3656,258
 3604,876
 3659,393
 3622,533
 3635,620
 3572,748
 3651,871
 3647,882
 3607,665
 3623,594
 3615,777
 3617,976
 3662,101
 3630,276
 3638,682
 3612,723
 3593,382
 3641,114
 3657,662
 3641,646
 3678,805
 3619,342
 3706,623
 3630,450
 3626,900
 3734,798
 3651,862
 3636,680
 3688,239
 3672,804
 3663,424
 3697,600
 3693,866
 3630,386
 3753,220
 3700,999
 3667,478
 3671,093
 3647,134
 3710,399
 3635,795
 3696,897
 3716,379
 3780,496
 3654,815
 3682,987
 3680,160
 3797,939
 3704,797
 3730,980
 3639,426
 3714,324
 3709,798
 3676,421
 3793,845
 3764,975
 3685,287
 3657,267
 3739,421
 3739,550
 3674,758
 3742,373
 3782,362
 3709,267
 3721,159
 3698,111
 3765,585
 3781,850
 3716,669
 3786,425
 3771,681
 3724,094
 3762,337
 3753,759
 3714,977
 3664,426
 3754,461
 3759,003
 3801,447
 3790,273
 3813,379
 3790,318
 3744,752
 3779,426
 3806,341
 3771,526
 3801,625
 3751,697
 3775,021
 3802,573
 3769,764
 3752,852
 3786,981
 3798,435
 3799,079
 3747,594
 3803,026
 3768,410
 3845,709
 3742,372
 3831,678
 3800,727
 3765,368
 3867,343
 3792,447
 3850,375
 3800,617
 3874,597
 3862,702
 3794,462
 3793,444
 3852,783
 3807,423
 3815,482
 3812,452
 3911,592
 3819,469
 3784,433
 3809,396
 3871,124
 3906,089
 3853,483
 3858,735
 3884,496
 3879,353
 3847,874
 3841,345
 3888,798
 3880,047
 3853,019
 3884,844
 3888,782
 3938,769
 3865,949
 3899,027
 3884,465
 3934,469
 3849,471
 3875,356
 3837,524
 3896,637
 3881,827
 3940,201
 3916,744
 3820,148
 3876,981
 3958,390
 3930,912
 3941,869
 3891,033
 3898,515
 3928,451
 3879,684
 3894,639
 3961,556
 3908,710
 3834,507
 3972,310
 3930,104
 3901,368
 3848,264
 3877,426
 3891,869
 3988,334
 3974,589
 3935,948
 3951,303
 3927,744
 3932,834
 3928,735
 3939,984
 3926,336
 3971,339
 3909,026
 3937,577
 3948,608
 3960,014
 3898,450
 3932,748
 3986,854
 3922,213
 3890,651
 3995,508
 4015,255
 4020,435
 3955,598
 4004,532
 3970,002
 3968,287
 4014,025
 3923,636
 3939,526
 3907,424
 3974,285
 3956,796
 4012,746
 3985,514
 3973,273
 4043,324
 4042,222
 4024,485
 4023,539
 4005,944
 4063,342
 4029,110
 4020,522
 4013,158
 4040,317
 4006,754
 4038,407
 4013,978
 4017,201
 4064,198
 3963,537
 3996,778
 4030,662
 4037,928
 4032,067
 4059,456
 4107,555
 4029,698
 4048,807
 4085,767
 4004,709
 3980,389
 4026,996
 4008,017
 4040,331
 4001,683
 4008,443
 4067,860
 4017,108
 3995,146
 4119,648
 4117,102
 4091,949
 4029,547
 4006,889
 4106,756
 4054,663
 4149,174
 4022,818
 4028,849
 4064,114
 3979,132
 4091,405
 4119,327
 4080,638
 4129,667
 4060,417
 4093,091
 4069,198
 4070,358
 4080,609
 4076,841
 4100,548
 4093,228
 4079,364
 4088,102
 4088,342
 4029,200
 4091,501
 4156,228
 4106,211
 4067,862
 4124,431
 4125,520
 4113,189
 4108,298
 4181,307
 4150,339
 4055,210
 4170,379
 4131,040
 4135,772
 4095,662
 4181,833
 4134,837
 4180,255
 4155,441
 4115,672
 4181,763
 4140,182
 4163,514
 4128,202
 4124,737
 4161,403
 4123,738
 4223,564
 4185,509
 4177,260
 4211,460
 4193,681
 4096,143
 4135,283
 4138,298
 4116,592
 4193,182
 4109,553
 4146,883
 4143,540
 4188,511
 4190,383
 4114,349
 4163,614
 4225,803
 4201,205
 4188,649
 4248,506
 4184,645
 4248,948
 4189,017
 4214,102
 4269,338
 4207,996
 4163,463
 4150,147
 4236,250
 4217,603
 4234,216
 4231,193
 4279,605
 4215,089
 4303,115
 4182,176
 4298,186
 4204,038
 4179,451
 4202,582
 4228,460
 4279,945
 4266,904
 4237,460
 4158,052
 4223,403
 4259,073
 4261,471
 4244,564
 4256,685
 4195,514
 4266,743
 4296,301
 4249,713
 4207,644
 4324,080
 4297,930
 4309,101
 4263,728
 4317,874
 4321,126
 4264,274
 4267,091
 4211,889
 4347,315
 4354,278
 4381,486
 4320,481
 4288,289
 4307,100
 4313,491
 4377,858
 4336,142
 4323,386
 4349,255
 4355,046
 4416,967
 4337,120
 4333,840
 4288,525
 4368,852
 4345,807
 4340,471
 4338,714
 4348,195
 4349,897
 4382,612
 4340,606
 4350,120
 4417,373
 4430,065
 4397,084
 4351,888
 4338,435
 4383,232
 4387,254
 4350,576
 4402,644
 4385,570
 4354,705
 4407,204
 4366,973
 4392,300
 4414,087
 4441,432
 4389,391
 4351,016
 4433,737
 4408,389
 4351,535
 4443,228
 4382,858
 4397,426
 4450,042
 4425,843
 4425,950
 4477,998
 4393,123
 4421,392
 4376,408
 4393,130
 4423,912
 4524,320
 4438,878
 4417,519
 4478,026
 4399,311
 4448,945
 4522,504
 4508,909
 4439,270
 4490,258
 4428,479
 4528,383
 4423,133
 4480,491
 4401,110
 4477,133
 4467,749
 4434,069
 4508,268
 4503,211
 4517,443
 4476,136
 4419,429
 4511,406
 4551,413
 4435,741
 4398,491
 4555,210
 4572,020
 4533,750
 4523,497
 4563,297
 4548,540
 4522,994
 4547,929
 4522,548
 4593,892
 4537,200
 4530,985
 4558,667
 4585,262
 4569,146
 4573,137
 4551,805
 4558,485
 4619,456
 4655,863
 4574,862
 4552,495
 4537,917
 4597,609
 4559,059
 4628,212
 4650,564
 4649,189
 4660,781
 4621,580
 4563,782
 4549,570
 4544,545
 4608,351
 4634,015
 4520,008
 4591,392
 4596,523
 4608,576
 4627,426
 4661,783
 4638,699
 4606,716
 4644,016
 4635,981
 4672,527
 4639,613
 4594,066
 4646,313
 4659,621
 4640,305
 4641,089
 4603,423
 4738,830
 4670,800
 4700,793
 4692,047
 4698,985
 4645,643
 4596,835
 4707,365
 4673,286
 4711,696
 4765,262
 4698,438
 4705,198
 4697,397
 4668,448
 4656,553
 4707,513
 4706,696
 4732,070
 4701,354
 4715,852
 4674,627
 4697,015
 4728,739
 4748,958
 4712,375
 4745,447
 4696,194
 4791,704
 4682,547
 4733,240
 4740,028
 4754,288
 4722,715
 4744,814
 4816,921
 4771,334
 4821,841
 4720,291
 4697,928
 4720,614
 4729,918
 4754,368
 4776,496
 4784,703
 4757,858
 4704,676
 4843,482
 4751,862
 4786,805
 4781,039
 4812,572
 4783,162
 4794,835
 4798,802
 4863,555
 4759,910
 4811,085
 4761,948
 4770,875
 4757,998
 4791,968
 4867,857
 4758,575
 4862,922
 4802,133
 4850,126
 4779,046
 4791,262
 4868,272
 4736,841
 4805,822
 4761,526
 4689,867
 4816,179
 4875,517
 4764,158
 4887,455
 4902,754
 4834,110
 4772,055
 4785,070
 4809,582
 4769,101
 4762,053
 4874,541
 4813,431
 4848,257
 4821,769
 4839,697
 4809,440
 4847,190
 4877,430
 4802,691
 4876,822
 4842,836
 4854,204
 4803,926
 4845,529
 4865,498
 4894,785
 4867,232
 4890,490
 4901,477
 4824,366
 4843,936
 4922,832
 4871,165
 4913,149
 4878,391
 4860,908
 4916,490
 4948,841
 4826,453
 4881,529
 4902,738
 4924,912
 4975,448
 4900,826
 4942,811
 4911,881
 4889,392
 4982,497
 4906,560
 4881,906
 4866,133
 4989,656
 4886,280
 4888,841
 4990,864
 4978,243
 4899,781
 4870,838
 4908,753
 4977,108
 4986,971
 4917,857
 4840,931
 4979,170
 4945,384
 4938,233
 4975,907
 4950,195
 4971,233
 4825,505
 4932,237
 5008,572
 4906,701
 5017,497
 4941,052
 4972,992
 4927,643
 4967,424
 4975,896
 4973,220
 4935,944
 4929,752
 4862,192
 4958,077
 4977,865
 4964,245
 4877,809
 5088,018
 4931,321
 4950,798
 4926,390
 4894,986
 4968,527
 4941,691
 4926,269
 4949,214
 5028,347
 4985,044
 5021,351
 5045,283
 4999,864
 4994,181
 4967,842
 5002,211
 5023,719
 4997,709
 4997,565
 5029,014
 4967,907
 5072,055
 5033,780
 5020,411
 4960,150
 5002,270
 4944,126
 5029,307
 4998,705
 4983,496
 5011,364
 4970,567
 4980,664
 4974,665
 5018,480
 5035,205
 5009,165
 5117,763
 5063,566
 5040,836
 5028,338
 5065,560
 5018,789
 4960,167
 5061,182
 5002,264
 5069,532
 5073,584
 5055,976
 5053,870
 5108,526
 5050,999
 5003,305
 5053,903
 5074,191
 5045,200
 5080,610
 5070,892
 5007,415
 5059,267
 5063,934
 5107,492
 5095,757
 5098,334
 5092,825
 5079,354
 5052,773
 5015,848
 5046,961
 5068,564
 5084,503
 5119,886
 5132,115
 5095,633
 5086,529
 5074,825
 5093,880
 5096,632
 5115,077
 5087,894
 4993,763
 5058,022
 5101,261
 5074,055
 5071,239
 5089,013
 5072,966
 5065,097
 5083,927
 5110,890
 5016,507
 5069,836
 5092,767
 5122,888
 5049,229
 5082,417
 5095,372
 5027,540
 5182,796
 5102,830
 5175,328
 5110,689
 5014,979
 5055,064
 5140,784
 5102,529
 5081,834
 5091,790
 5118,559
 5106,353
 5129,695
 5072,055
 5139,978
 5032,181
 5138,433
 5129,256
 5086,367
 5069,342
 5123,717
 5056,054
 5135,781
 5103,245
 5017,561
 5114,340
 5137,261
 5143,244
 5199,513
 5055,242
 5121,571
 5109,681
 5082,900
 5095,485
 5114,111
 5093,221
 5081,075
 5117,097
 5022,396
 5115,048
 5174,091
 5062,243
 5124,680
 5079,084
 5099,986
 5035,054
 5121,363
 5145,671
 5092,107
 5125,157
 5138,933
 5056,568
 5131,955
 5078,530
 5037,421
 5103,468
 5111,333
 5140,310
 5076,679
 5097,665
 5072,172
 5142,958
 5122,807
 5181,702
 5123,071
 5060,721
 5089,214
 5101,194
 5129,535
 5136,121
 5100,981
 5105,560
 5151,073
 5108,925
 5083,108
 5140,448
 5141,936
 5053,464
 5097,010
 5139,137
 5086,532
 5138,079
 5109,688
 5042,785
 5117,308
 5101,509
 5110,094
 5137,226
 5100,789
 5093,988
 5056,536
 5136,710
 5140,244
 5067,272
 5107,703
 5095,203
 5111,310
 5136,219
 5049,476
 5164,669
 5064,536
 5190,842
 5046,342
 5112,340
 5128,531
 5099,196
 5108,188
 5150,466
 5192,407
 5068,952
 5105,685
 5146,604
 5196,102
 5153,571
 5126,896
 5130,707
 5143,320
 5086,111
 5085,253
 5145,909
 5131,347
 5189,102
 5206,576
 5159,217
 5113,641
 5215,512
 5169,296
 5220,093
 5166,220
 5165,560
 5094,637
 5186,115
 5198,269
 5144,947
 5087,524
 5209,442
 5181,373
 5126,489
 5166,645
 5256,761
 5182,652
 5203,842
 5172,440
 5248,338
 5202,244
 5158,725
 5145,867
 5106,225
 5201,667
 5290,177
 5237,241
 5259,850
 5246,304
 5262,885
 5189,617
 5215,996
 5220,082
 5200,339
 5255,840
 5180,761
 5169,416
 5257,911
 5205,975
 5242,102
 5291,459
 5198,526
 5235,595
 5248,106
 5166,436
 5195,332
 5274,239
 5160,090
 5247,260
 5154,710
 5257,988
 5251,298
 5269,542
 5270,214
 5304,786
 5290,513
 5257,351
 5208,514
 5211,113
 5276,566
 5157,482
 5240,120
 5265,995
 5277,243
 5302,576
 5214,278
 5247,672
 5258,733
 5340,457
 5321,946
 5264,621
 5307,487
 5251,971
 5294,326
 5349,997
 5256,308
 5216,112
 5262,028
 5308,906
 5291,235
 5345,446
 5297,884
 5246,724
 5309,602
 5302,693
 5276,903
 5322,879
 5286,912
 5316,169
 5386,638
 5300,168
 5348,188
 5291,865
 5362,817
 5419,047
 5331,846
 5314,351
 5366,224
 5412,729
 5417,841
 5408,431
 5360,583
 5307,464
 5356,067
 5398,907
 5341,485
 5377,661
 5314,637
 5356,203
 5398,185
 5318,063
 5441,250
 5367,156
 5412,375
 5267,824
 5427,265
 5382,382
 5384,796
 5334,276
 5415,754
 5375,419
 5388,712
 5362,775
 5426,241
 5352,059
 5468,606
 5456,710
 5390,523
 5436,608
 5470,869
 5390,202
 5405,688
 5438,915
 5480,957
 5338,619
 5367,469
 5396,890
 5371,906
 5374,840
 5403,825
 5443,863
 5368,595
 5389,906
 5431,690
 5456,318
 5462,751
 5397,589
 5342,889
 5420,049
 5397,340
 5419,578
 5423,096
 5431,810
 5394,538
 5380,145
 5396,473
 5354,876
 5531,205
 5325,986
 5504,084
 5416,933
 5427,930
 5331,668
 5448,533
 5413,219
 5413,639
 5413,050
 5440,790
 5446,318
 5406,913
 5446,629
 5418,077
 5460,697
 5451,422
 5501,620
 5414,145
 5470,325
 5452,461
 5399,672
 5370,937
 5416,879
 5455,806
 5412,953
 5416,742
 5481,914
 5456,127
 5506,451
 5422,887
 5422,368
 5396,177
 5450,047
 5465,191
 5453,216
 5496,138
 5423,011
 5476,691
 5351,459
 5478,540
 5531,118
 5380,393
 5428,622
 5454,701
 5415,187
 5425,336
 5422,886
 5464,009
 5441,719
 5377,229
 5364,725
 5398,242
 5421,936
 5407,811
 5371,939
 5429,993
 5386,972
 5471,991
 5424,090
 5417,083
 5490,322
 5461,162
 5468,939
 5425,053
 5457,729
 5443,003
 5409,331
 5415,686
 5435,456
 5433,125
 5355,818
 5452,997
 5446,742
 5446,138
 5478,232
 5505,015
 5431,444
 5476,691
 5517,768
 5427,711
 5363,269
 5443,390
 5400,840
 5407,928
 5465,483
 5520,204
 5407,873
 5434,324
 5492,884
 5473,941
 5456,947
 5461,884
 5490,059
 5542,869
 5375,196
 5412,804
 5456,474
 5419,138
 5515,032
 5420,297
 5410,303
 5474,462
 5365,979
 5461,863
 5470,286
 5511,942
 5454,076
 5477,653
 5486,200
 5403,770
 5468,955
 5437,561
 5503,171
 5474,042
 5386,212
 5416,165
 5412,305
 5453,449
 5449,200
 5508,873
 5505,024
 5491,663
 5409,754
 5360,959
 5443,424
 5384,942
 5405,823
 5415,634
 5455,112
 5435,421
 5483,281
 5440,074
 5344,484
 5434,514
 5498,433
 5440,950
 5455,449
 5494,205
 5357,300
 5482,262
 5454,824
 5472,145
 5483,181
 5403,060
 5440,438
 5479,892
 5413,345
 5387,084
 5385,820
 5321,223
 5383,105
 5426,614
 5475,515
 5472,195
 5408,167
 5394,993
 5452,232
 5421,439
 5373,279
 5386,774
 5405,189
 5343,121
 5393,200
 5401,440
 5394,747
 5374,925
 5429,229
 5340,693
 5375,040
 5412,293
 5449,866
 5357,381
 5399,858
 5403,494
 5372,375
 5463,378
 5388,148
 5404,619
 5488,553
 5410,196
 5353,795
 5384,365
 5400,502
 5400,056
 5372,786
 5416,744
 5366,088
 5385,654
 5262,302
 5349,145
 5366,257
 5397,371
 5428,586
 5359,196
 5358,262
 5354,323
 5425,597
 5359,216
 5302,118
 5303,212
 5365,217
 5352,820
 5383,005
 5343,737
 5308,752
 5266,927
 5317,085
 5396,194
 5383,237
 5337,661
 5338,014
 5359,326
 5297,192
 5354,757
 5378,742
 5356,986
 5342,465
 5318,547
 5368,335
 5319,222
 5342,975
 5359,959
 5344,920
 5337,820
 5287,000
 5330,238
 5319,967
 5370,093
 5355,459
 5320,328
 5313,513
 5280,917
 5332,218
 5344,085
 5304,121
 5322,802
 5196,427
 5259,823
 5353,309
 5283,928
 5246,261
 5286,057
 5329,537
 5255,267
 5261,662
 5221,806
 5251,877
 5295,250
 5305,308
 5265,844
 5236,185
 5245,412
 5281,874
 5300,752
 5265,068
 5289,066
 5193,885
 5261,890
 5251,623
 5282,788
 5227,901
 5223,968
 5192,866
 5238,766
 5270,893
 5191,146
 5278,077
 5210,367
 5262,726
 5164,729
 5240,032
 5326,378
 5193,151
 5226,072
 5266,937
 5239,337
 5241,792
 5194,035
 5135,587
 5199,549
 5228,719
 5233,102
 5250,483
 5264,520
 5262,413
 5156,768
 5228,208
 5155,470
 5170,888
 5212,395
 5250,190
 5274,181
 5069,190
 5222,589
 5219,430
 5160,544
 5114,499
 5157,563
 5120,462
 5174,146
 5184,648
 5127,621
 5132,837
 5144,438
 5222,372
 5154,706
 5175,330
 5159,153
 5146,404
 5149,442
 5227,075
 5091,799
 5136,695
 5170,016
 5076,260
 5088,670
 5124,153
 5125,634
 5248,997
 5126,912
 5177,111
 5046,620
 5088,888
 5024,446
 5176,683
 5112,611
 5136,324
 5079,643
 5107,999
 5140,837
 5118,410
 5062,732
 5168,488
 5117,474
 5075,842
 5105,145
 5077,951
 5193,313
 5131,770
 5157,311
 5093,083
 5063,062
 5126,768
 5064,313
 5090,970
 5109,877
 4964,515
 5068,733
 5059,678
 5115,986
 5104,609
 4972,690
 5074,095
 5071,172
 5069,448
 5039,649
 5047,890
 5110,252
 4997,828
 5057,534
 4989,919
 5088,905
 5059,631
 4982,783
 5047,997
 4971,920
 4960,734
 5069,324
 5018,201
 5026,945
 4998,906
 5032,327
 5016,241
 4934,303
 5019,340
 5014,764
 4952,888
 4928,106
 4892,417
 4956,065
 4937,453
 4988,972
 4961,417
 4955,818
 4971,267
 5027,346
 4983,117
 5017,447
 5059,735
 4999,014
 4899,559
 4949,177
 4918,567
 4894,091
 4968,347
 4979,011
 4999,697
 4947,306
 4895,734
 4916,651
 4940,776
 4961,421
 4900,803
 4894,804
 4891,638
 4868,686
 4954,287
 4925,200
 4895,494
 4901,318
 4910,996
 4904,626
 4863,047
 4830,678
 4867,185
 4856,055
 4923,777
 4863,652
 4866,287
 4911,778
 4890,747
 4929,959
 4862,258
 4945,583
 4838,458
 4837,123
 4861,213
 4847,176
 4834,494
 4822,082
 4828,120
 4859,983
 4923,735
 4822,533
 4868,839
 4804,714
 4837,874
 4833,355
 4846,589
 4851,552
 4802,908
 4733,423
 4811,908
 4831,763
 4802,366
 4760,275
 4826,041
 4795,532
 4827,138
 4844,290
 4748,447
 4825,138
 4763,763
 4782,465
 4889,578
 4790,406
 4790,803
 4768,972
 4699,890
 4704,480
 4800,922
 4858,560
 4775,820
 4726,627
 4693,303
 4714,642
 4788,049
 4704,642
 4762,089
 4751,176
 4724,953
 4671,054
 4731,748
 4801,285
 4723,356
 4668,605
 4689,570
 4756,646
 4695,796
 4672,522
 4723,222
 4667,716
 4736,492
 4684,834
 4682,398
 4720,646
 4590,847
 4755,047
 4680,868
 4610,854
 4691,093
 4621,083
 4700,001
 4673,630
 4676,207
 4716,568
 4576,631
 4608,822
 4699,876
 4607,280
 4652,775
 4690,234
 4600,137
 4657,399
 4621,097
 4642,942
 4638,892
 4615,668
 4599,814
 4669,499
 4644,629
 4604,276
 4641,445
 4543,902
 4618,792
 4559,643
 4557,903
 4625,173
 4571,874
 4578,562
 4542,170
 4640,006
 4623,193
 4607,679
 4506,696
 4546,176
 4587,678
 4517,665
 4591,705
 4565,231
 4592,000
 4508,168
 4543,928
 4498,169
 4569,138
 4512,463
 4545,303
 4507,268
 4544,870
 4435,162
 4470,099
 4528,836
 4569,593
 4522,478
 4499,096
 4501,423
 4478,548
 4545,749
 4493,205
 4465,065
 4457,027
 4557,961
 4560,980
 4549,682
 4523,965
 4468,599
 4552,019
 4436,946
 4478,332
 4505,599
 4468,429
 4464,921
 4485,306
 4454,410
 4430,439
 4489,443
 4374,981
 4457,159
 4359,737
 4417,410
 4414,270
 4482,826
 4397,222
 4463,772
 4391,966
 4361,378
 4396,296
 4348,633
 4459,139
 4342,517
 4344,837
 4356,070
 4396,209
 4356,206
 4342,099
 4426,075
 4368,116
 4388,987
 4319,714
 4295,708
 4350,875
 4355,893
 4368,936
 4335,481
 4376,032
 4359,558
 4376,804
 4319,579
 4247,312
 4353,634
 4295,459
 4252,702
 4308,664
 4301,715
 4279,478
 4229,321
 4282,986
 4300,722
 4222,473
 4236,685
 4327,852
 4260,395
 4261,058
 4257,607
 4299,226
 4271,732
 4243,749
 4226,831
 4288,251
 4236,598
 4284,040
 4263,900
 4278,555
 4262,873
 4306,038
 4229,393
 4177,579
 4233,454
 4220,764
 4187,867
 4230,192
 4143,428
 4265,936
 4248,445
 4224,235
 4221,882
 4235,772
 4200,904
 4146,796
 4165,774
 4210,565
 4202,908
 4161,458
 4162,520
 4205,484
 4192,770
 4113,678
 4180,886
 4162,808
 4164,953
 4095,118
 4121,693
 4157,400
 4132,174
 4136,334
 4182,478
 4062,082
 4146,405
 4152,513
 4103,113
 4089,040
 4091,237
 4102,568
 4049,740
 4069,140
 4066,915
 4057,314
 4132,236
 4049,056
 4075,264
 4058,024
 4052,873
 4079,698
 4089,858
 4049,840
 4017,505
 4086,800
 4079,160
 4022,389
 4034,546
 4077,353
 3983,874
 4091,997
 4025,826
 4042,153
 4016,656
 4021,559
 4045,615
 4051,418
 4039,483
 4009,139
 3939,338
 3981,460
 4007,317
 4049,220
 4043,306
 3996,704
 3983,371
 3914,224
 3916,384
 3955,782
 4013,412
 3968,631
 3911,335
 3903,193
 3973,652
 3878,897
 3897,435
 3966,023
 3933,131
 3939,492
 3940,245
 3958,997
 3874,744
 3914,749
 3882,394
 3883,053
 3853,906
 3885,429
 3873,631
 3842,515
 3895,366
 3904,523
 3982,379
 3885,205
 3844,112
 3890,148
 3881,819
 3915,770
 3947,911
 3841,638
 3865,878
 3865,260
 3826,289
 3857,120
 3843,081
 3851,495
 3881,043
 3882,112
 3894,898
 3820,788
 3831,228
 3869,147
 3862,388
 3885,740
 3820,787
 3815,431
 3890,830




























































































































































































































































































































































































































































































































































































































































































































































































































































































































































































































































































































































































































































































































































































































































































































































































































































































































































































































































































































































































































































































































































































































































































































































































































































































































































































































































































































































































































































































































































































































































































































































































































































































































































































































































































































































































































































































































































































































































































































































































































































































































































































































































































































































































































































































































































































































































































































































































































































































































































































































































































































































































































































































































































































































































































































































































































































































































































































































































































































































































































































































































































































































































































































































































































































































































































































































































































































































































































































































































































































































































































































































































































































































































































































































































































































































































































































































































































































































































































































































































































































































































































































































































































































































































































































































































































































































































































































































































































































































































































































































































































































































































































































































































































































































































































































































































































































































































































































































































































































































































































































































































































































































































































































































































































































































































































































































































































































































































































































































































































































































































































































































































































































































































































































































































































































































































































































































































































































































































































































































































































































































































































































































































































































































































































































































































































































































































































































































































































































































































































































































































































































































































































































































































































































































































































































































































































































































































































































































































































































































































































































































































































































































































































































































































































































































































































































































































































































































































































































































































































































































































































































































































































































































































































































































































































































































































































































































































































































































































































































































































































































































































































































































































































































































































































































































































































































































































































































































































































































































































































































































































































































































































































































































































































































































































































































































































































































































































































































































































































































































































































































































































































































































































































































































































































































































































































































































































































































































































































































































































































































































































































































































































































































































































































































































































































































































































































































































































































































































































































































































































































































































































































































































































































































































































































































































































































































































































































































































































































































































































































































































































































































































































































































































































































































































































































































































































































































































































































































































































































































































































































































































































































































































































































































































































































































































































































































































































































































































































































































































































































































































































































































































































































































































































































































































































































































































































































































































































































































































































































































































































































































































































































































































































































































































































































































































































































































































































































































































































































































































































































































































































































































































































































































































































































































































































































































































































































































































































































































































































































































































































































































































































































































































































































































































































































































































































































































































































































































































































































































































































































































































































































































































































































































































































































































































































































































































































































































































































































































































































































































































































































































































































































































































































































































































































































































































































































































































































































































































































































































































































































































































































































































































































































































































































































































































































































































































































































































































































































































































































































































































































































































































































































































































































































































































































