 676,528
 697,983
 647,429
 687,992
 638,880
 660,969
 684,620
 653,092
 665,094
 639,419
 688,469
 682,508
 669,638
 692,605
 688,692
 669,209
 687,814
 677,607
 651,331
 645,908
 676,218
 656,307
 685,179
 658,347
 670,592
 675,563
 698,410
 681,450
 642,602
 669,632
 671,659
 633,420
 665,754
 693,108
 662,179
 654,748
 614,885
 666,142
 656,706
 694,535
 649,024
 652,685
 660,771
 670,697
 644,317
 661,423
 633,017
 666,657
 666,090
 678,780
 651,624
 590,354
 612,857
 678,133
 679,348
 658,724
 663,629
 707,989
 649,590
 657,412
 693,529
 630,952
 668,504
 673,643
 606,958
 663,911
 662,364
 658,910
 667,952
 673,063
 665,016
 615,836
 694,425
 707,374
 650,242
 669,751
 634,721
 650,780
 661,168
 632,599
 705,926
 651,579
 680,161
 671,669
 635,672
 656,412
 669,966
 646,406
 651,340
 682,974
 637,004
 644,090
 660,812
 693,533
 646,619
 622,577
 692,131
 648,006
 680,363
 678,950
 661,437
 691,269
 653,139
 615,234
 677,534
 679,324
 649,947
 661,255
 666,315
 667,050
 649,315
 661,057
 694,172
 689,996
 632,267
 682,871
 658,144
 654,714
 617,755
 638,277
 682,517
 635,380
 636,677
 699,274
 635,829
 671,500
 646,716
 664,056
 688,595
 674,342
 651,301
 650,526
 626,984
 649,079
 651,762
 638,234
 664,265
 635,026
 641,663
 673,311
 666,906
 669,527
 639,233
 640,044
 674,824
 648,326
 642,836
 656,505
 643,413
 660,985
 623,785
 656,958
 606,605
 652,986
 632,087
 639,448
 643,902
 626,641
 666,921
 659,368
 676,409
 657,843
 662,819
 650,927
 636,497
 651,923
 650,400
 638,487
 635,794
 725,756
 647,832
 619,227
 676,442
 620,116
 644,998
 623,661
 642,041
 642,329
 625,495
 628,380
 619,139
 614,203
 618,271
 649,478
 643,537
 628,868
 650,139
 659,480
 637,383
 661,025
 651,366
 617,388
 647,327
 634,965
 597,566
 610,458
 635,567
 623,095
 647,886
 658,395
 640,908
 641,639
 605,875
 618,575
 609,216
 650,794
 642,345
 668,892
 647,466
 628,175
 581,216
 648,450
 606,582
 622,624
 644,354
 631,118
 611,440
 606,090
 632,147
 629,342
 647,040
 599,070
 621,817
 611,494
 621,767
 623,641
 613,554
 623,766
 625,159
 679,060
 593,090
 638,154
 623,533
 639,321
 583,780
 616,488
 644,434
 592,942
 644,171
 630,446
 641,964
 588,943
 613,013
 618,603
 594,431
 646,672
 589,627
 630,506
 631,378
 655,820
 608,490
 604,844
 628,864
 607,476
 602,789
 619,966
 596,323
 621,241
 604,829
 617,845
 591,125
 620,663
 620,317
 621,497
 598,827
 597,449
 628,930
 589,901
 598,025
 594,363
 566,341
 599,651
 622,389
 623,253
 589,680
 614,581
 568,652
 615,963
 584,883
 588,827
 618,304
 620,369
 613,598
 636,008
 601,246
 609,029
 597,766
 657,382
 595,745
 602,080
 563,135
 627,141
 588,158
 550,245
 602,736
 591,606
 582,651
 601,239
 600,645
 603,946
 608,195
 610,161
 579,848
 624,663
 620,803
 617,492
 627,145
 636,506
 561,410
 584,324
 581,139
 570,987
 587,817
 639,392
 566,263
 609,548
 574,689
 600,306
 580,315
 617,290
 618,986
 587,578
 584,212
 612,537
 606,689
 563,467
 583,018
 600,423
 603,017
 623,686
 609,121
 609,659
 593,260
 609,365
 613,029
 601,400
 624,890
 592,121
 603,766
 590,864
 590,533
 612,112
 566,390
 598,600
 635,942
 582,245
 580,057
 560,069
 614,619
 578,834
 590,344
 608,757
 616,896
 582,306
 571,345
 594,816
 572,350
 597,509
 541,376
 585,987
 590,375
 600,973
 594,418
 591,868
 584,784
 597,432
 588,287
 578,349
 580,095
 566,703
 589,447
 580,025
 574,982
 575,894
 598,903
 552,618
 561,885
 574,506
 620,195
 581,443
 627,527
 554,936
 599,323
 570,065
 584,093
 639,142
 588,779
 606,224
 621,380
 582,220
 581,414
 577,351
 554,941
 637,753
 575,169
 586,681
 576,589
 617,109
 598,681
 607,233
 570,765
 599,395
 601,263
 576,723
 594,698
 624,391
 595,199
 613,307
 581,914
 582,814
 561,314
 595,927
 566,310
 593,781
 625,903
 579,715
 600,051
 575,139
 593,501
 588,619
 594,413
 573,176
 595,321
 591,154
 595,317
 617,692
 598,995
 566,663
 568,259
 589,546
 615,574
 600,979
 638,156
 617,477
 592,405
 602,231
 581,837
 593,332
 589,500
 599,821
 593,134
 595,583
 601,492
 600,362
 596,859
 615,822
 588,217
 605,275
 629,909
 609,742
 588,313
 602,045
 594,463
 615,119
 573,238
 593,113
 618,404
 579,487
 611,540
 591,183
 584,434
 567,974
 570,420
 577,708
 601,791
 601,548
 558,152
 615,399
 590,587
 638,099
 598,550
 602,390
 601,728
 600,158
 649,344
 611,053
 592,037
 624,285
 588,770
 577,700
 598,857
 574,366
 623,971
 607,394
 618,463
 635,383
 608,399
 574,958
 586,707
 614,479
 622,752
 611,254
 610,174
 557,311
 605,045
 627,445
 607,330
 630,959
 601,632
 615,371
 625,060
 624,742
 622,456
 624,371
 592,103
 644,623
 568,107
 607,501
 599,434
 569,474
 626,216
 597,247
 595,575
 634,297
 611,852
 616,905
 608,467
 621,871
 592,180
 601,772
 603,913
 611,574
 616,786
 630,890
 611,406
 606,189
 606,991
 637,463
 617,301
 631,976
 602,621
 600,085
 611,181
 609,357
 655,629
 657,031
 589,113
 638,756
 584,706
 632,679
 588,500
 611,885
 627,961
 601,515
 651,299
 572,546
 620,966
 634,566
 615,751
 634,676
 623,266
 639,578
 652,051
 640,067
 652,325
 659,423
 646,776
 647,241
 592,281
 634,057
 603,775
 620,225
 620,044
 630,380
 637,933
 623,610
 587,534
 670,678
 621,960
 624,192
 648,450
 615,354
 619,398
 639,525
 635,188
 622,307
 622,873
 596,420
 621,222
 633,362
 657,770
 688,211
 649,784
 611,683
 630,581
 603,034
 638,166
 636,444
 653,807
 627,870
 639,282
 640,861
 641,190
 638,933
 629,080
 625,218
 628,669
 605,604
 643,042
 625,588
 650,693
 623,389
 640,051
 645,523
 620,764
 635,441
 627,407
 606,553
 650,925
 650,667
 673,145
 649,716
 654,595
 650,802
 636,752
 659,101
 629,269
 592,270
 631,026
 614,490
 678,417
 660,766
 636,174
 617,521
 648,472
 662,283
 644,892
 657,724
 657,494
 667,726
 631,831
 659,795
 626,988
 655,774
 610,122
 615,982
 616,704
 647,799
 640,582
 647,646
 668,195
 696,910
 679,655
 647,149
 668,362
 672,827
 651,650
 671,081
 631,641
 675,079
 636,614
 641,747
 652,186
 669,114
 680,596
 677,491
 683,081
 650,808
 656,922
 651,936
 659,463
 673,556
 637,772
 651,167
 693,365
 616,049
 673,990
 670,843
 685,771
 654,992
 656,856
 655,687
 658,930
 716,308
 675,036
 651,492
 662,263
 677,814
 675,451
 658,997
 671,566
 708,962
 679,970
 672,325
 695,079
 670,010
 689,502
 652,621
 660,551
 665,275
 674,060
 684,621
 682,802
 653,311
 714,579
 693,145
 701,827
 675,744
 661,410
 679,667
 674,851
 679,857
 691,755
 713,179
 689,005
 679,208
 715,501
 694,230
 702,805
 688,312
 717,471
 678,625
 673,455
 694,836
 679,439
 729,770
 696,943
 688,784
 670,322
 685,226
 702,531
 726,879
 715,275
 711,307
 701,744
 675,839
 676,150
 685,332
 727,602
 702,241
 720,538
 755,708
 708,545
 717,978
 716,772
 718,618
 756,993
 724,395
 700,345
 720,434
 710,956
 725,076
 691,575
 695,021
 751,672
 737,766
 745,249
 747,296
 735,910
 737,309
 752,056
 753,467
 757,106
 730,362
 761,445
 751,716
 724,610
 744,474
 707,347
 673,489
 735,851
 757,676
 777,301
 719,598
 744,042
 745,005
 750,710
 701,511
 756,646
 762,540
 716,542
 751,163
 769,159
 764,835
 740,328
 794,672
 782,669
 770,434
 788,199
 799,048
 764,018
 795,500
 772,187
 780,972
 771,077
 768,615
 775,024
 812,072
 788,590
 815,863
 772,609
 815,579
 786,971
 782,180
 819,456
 801,087
 779,779
 812,384
 805,534
 818,629
 814,559
 850,870
 804,830
 807,068
 787,739
 824,919
 792,966
 814,920
 798,266
 817,261
 805,838
 848,623
 824,837
 835,755
 845,888
 842,350
 847,910
 848,980
 830,535
 828,977
 876,423
 833,335
 849,564
 889,805
 841,145
 844,816
 852,354
 854,364
 856,477
 845,577
 914,969
 867,598
 902,260
 885,644
 864,319
 895,096
 926,582
 894,683
 878,873
 909,976
 915,973
 925,816
 908,999
 947,218
 906,447
 906,108
 914,613
 942,365
 898,121
 905,481
 889,349
 941,932
 916,456
 934,397
 931,234
 922,851
 964,563
 947,100
 993,215
 987,922
 961,347
 997,681
 956,188
 981,756
 956,747
 919,530
 968,791
 934,909
 1016,540
 967,256
 1044,314
 1022,578
 980,375
 1051,562
 1019,692
 1005,756
 997,736
 1025,828
 1040,344
 1040,960
 1049,260
 982,041
 1032,041
 1047,803
 1086,832
 1047,730
 1058,903
 1097,618
 1042,272
 1036,341
 1001,209
 1068,661
 1065,886
 1035,700
 1096,523
 1099,038
 1142,883
 1096,800
 1084,077
 1123,859
 1109,767
 1137,991
 1133,293
 1144,254
 1140,855
 1103,792
 1156,847
 1175,415
 1137,106
 1164,919
 1143,914
 1131,269
 1146,522
 1181,584
 1161,439
 1182,239
 1205,188
 1189,269
 1200,555
 1219,125
 1198,864
 1203,450
 1229,682
 1144,047
 1234,246
 1221,362
 1204,916
 1248,251
 1240,472
 1265,346
 1285,076
 1251,171
 1239,024
 1242,690
 1271,533
 1230,290
 1229,171
 1269,483
 1281,392
 1264,411
 1275,584
 1284,688
 1243,316
 1313,767
 1286,074
 1311,547
 1324,163
 1361,968
 1253,394
 1292,009
 1338,304
 1294,135
 1334,099
 1358,486
 1368,531
 1366,831
 1369,333
 1391,331
 1358,175
 1324,239
 1384,788
 1395,206
 1402,330
 1357,339
 1406,621
 1408,289
 1419,661
 1412,185
 1400,160
 1411,254
 1424,695
 1442,732
 1392,544
 1474,199
 1436,429
 1443,990
 1426,213
 1427,016
 1410,702
 1441,452
 1469,451
 1488,327
 1482,404
 1466,758
 1449,260
 1495,076
 1453,299
 1474,774
 1495,030
 1448,639
 1423,860
 1475,266
 1504,154
 1513,086
 1510,531
 1519,330
 1517,498
 1536,542
 1434,584
 1495,063
 1541,134
 1578,660
 1522,306
 1591,496
 1561,094
 1572,160
 1524,395
 1579,002
 1561,417
 1530,687
 1581,822
 1545,071
 1647,432
 1577,737
 1576,946
 1563,142
 1574,990
 1598,449
 1570,135
 1631,610
 1615,471
 1619,391
 1626,996
 1592,471
 1618,683
 1601,819
 1598,464
 1651,871
 1642,153
 1612,410
 1586,013
 1663,055
 1678,748
 1625,737
 1627,232
 1643,084
 1692,306
 1650,661
 1681,062
 1618,338
 1686,488
 1686,496
 1661,821
 1656,445
 1698,770
 1711,020
 1671,320
 1660,618
 1720,048
 1748,544
 1719,465
 1690,414
 1680,389
 1720,994
 1719,605
 1710,206
 1693,714
 1714,734
 1758,899
 1693,104
 1756,389
 1761,759
 1727,003
 1678,186
 1783,465
 1723,871
 1758,308
 1743,718
 1750,680
 1742,404
 1764,989
 1787,707
 1773,507
 1735,908
 1723,784
 1780,295
 1809,056
 1813,216
 1779,595
 1790,374
 1746,936
 1803,994
 1789,314
 1787,835
 1792,805
 1786,769
 1829,429
 1784,735
 1749,084
 1806,003
 1792,556
 1818,450
 1789,204
 1823,301
 1823,793
 1817,628
 1812,448
 1828,731
 1835,365
 1819,303
 1839,855
 1890,792
 1872,116
 1853,173
 1856,567
 1887,662
 1857,343
 1835,963
 1881,938
 1870,562
 1836,916
 1875,341
 1864,740
 1877,071
 1888,572
 1874,760
 1897,274
 1869,854
 1866,503
 1855,745
 1955,548
 1937,255
 1893,223
 1919,294
 1881,512
 1915,293
 1935,990
 1891,432
 1933,137
 1941,383
 1924,816
 1962,979
 1917,727
 1913,626
 1918,521
 1937,083
 1876,410
 1951,105
 1983,617
 1964,012
 1903,411
 1934,023
 1974,056
 1999,540
 1960,776
 2024,887
 2012,066
 1954,705
 1948,731
 1954,738
 2013,851
 2029,567
 1966,566
 2003,806
 1941,467
 2034,351
 1933,897
 2016,151
 2013,031
 2008,929
 2032,955
 2009,881
 2033,114
 1958,748
 2051,867
 2028,355
 2062,373
 2034,968
 2056,564
 2021,188
 2056,402
 2057,923
 2035,498
 2033,196
 2034,524
 2040,658
 2093,078
 2044,770
 2087,041
 1995,025
 2070,657
 2048,298
 2087,326
 2069,652
 2079,916
 2077,238
 2103,159
 2078,641
 2042,156
 2051,911
 2053,757
 2103,237
 2089,851
 2111,157
 2044,691
 2102,785
 2152,648
 2131,468
 2085,990
 2115,487
 2110,177
 2121,246
 2086,821
 2157,937
 2173,318
 2138,562
 2132,489
 2113,158
 2172,090
 2118,030
 2137,156
 2125,226
 2069,343
 2114,999
 2130,132
 2123,693
 2132,152
 2137,223
 2165,941
 2141,514
 2218,384
 2220,483
 2235,416
 2237,369
 2231,522
 2187,675
 2205,779
 2174,354
 2179,479
 2192,987
 2156,445
 2209,606
 2191,651
 2191,637
 2256,716
 2154,744
 2164,770
 2191,396
 2270,165
 2228,398
 2217,155
 2245,297
 2201,109
 2220,656
 2270,708
 2283,216
 2235,882
 2233,697
 2287,596
 2283,764
 2238,276
 2276,515
 2317,602
 2178,845
 2249,064
 2247,085
 2253,300
 2317,292
 2248,832
 2319,365
 2256,533
 2277,378
 2292,552
 2305,052
 2344,165
 2319,840
 2263,956
 2233,720
 2252,507
 2277,845
 2333,854
 2312,962
 2302,789
 2340,680
 2289,716
 2309,262
 2303,567
 2395,168
 2310,531
 2337,395
 2389,127
 2384,765
 2404,596
 2389,783
 2353,067
 2275,998
 2361,297
 2370,025
 2349,229
 2349,152
 2338,781
 2401,148
 2367,056
 2385,664
 2422,282
 2400,830
 2313,641
 2385,151
 2421,315
 2362,308
 2434,689
 2414,484
 2334,780
 2360,471
 2469,598
 2452,390
 2420,928
 2434,430
 2440,311
 2446,058
 2454,814
 2357,713
 2477,521
 2458,290
 2439,829
 2460,107
 2451,153
 2403,779
 2452,846
 2469,109
 2371,226
 2443,884
 2433,229
 2475,761
 2435,329
 2491,546
 2441,124
 2471,532
 2488,118
 2430,658
 2474,592
 2491,851
 2507,575
 2521,796
 2483,997
 2424,231
 2504,233
 2470,607
 2522,843
 2485,627
 2494,496
 2482,701
 2427,031
 2486,431
 2457,653
 2481,964
 2487,543
 2466,134
 2570,765
 2441,812
 2581,637
 2540,235
 2499,135
 2555,585
 2532,195
 2543,867
 2485,455
 2527,064
 2536,253
 2564,408
 2579,013
 2628,068
 2512,284
 2607,052
 2585,168
 2511,517
 2505,060
 2552,797
 2591,715
 2577,616
 2540,413
 2525,381
 2506,644
 2534,926
 2596,179
 2548,148
 2570,102
 2551,339
 2627,606
 2504,997
 2615,895
 2556,590
 2599,882
 2645,143
 2611,457
 2609,952
 2619,325
 2597,756
 2600,960
 2548,996
 2614,088
 2600,473
 2635,603
 2566,644
 2601,457
 2644,670
 2591,658
 2659,417
 2615,677
 2667,021
 2572,156
 2548,347
 2614,249
 2571,017
 2546,321
 2638,135
 2600,249
 2662,818
 2660,078
 2655,685
 2633,609
 2627,169
 2686,487
 2647,054
 2612,713
 2636,799
 2622,340
 2632,783
 2643,708
 2670,781
 2658,884
 2674,886
 2675,499
 2662,826
 2668,841
 2652,262
 2672,273
 2696,653
 2650,247
 2621,123
 2663,308
 2697,115
 2668,918
 2632,415
 2653,098
 2728,256
 2680,753
 2709,790
 2715,485
 2663,911
 2616,616
 2703,770
 2708,430
 2742,302
 2711,967
 2667,179
 2751,121
 2654,758
 2706,309
 2731,465
 2696,258
 2694,867
 2679,765
 2717,041
 2679,593
 2681,303
 2666,639
 2703,026
 2722,767
 2672,916
 2739,941
 2698,457
 2713,912
 2722,544
 2724,413
 2716,296
 2685,035
 2750,945
 2798,587
 2736,424
 2747,504
 2747,225
 2793,640
 2781,010
 2790,565
 2782,201
 2692,145
 2753,098
 2717,866
 2776,111
 2768,723
 2775,641
 2729,688
 2833,910
 2746,728
 2727,430
 2697,929
 2744,314
 2827,274
 2826,948
 2761,409
 2768,455
 2772,019
 2770,475
 2818,600
 2782,822
 2750,859
 2761,565
 2730,715
 2817,219
 2762,978
 2804,585
 2809,160
 2806,250
 2743,926
 2787,107
 2776,807
 2762,521
 2800,171
 2803,915
 2823,010
 2851,701
 2815,719
 2850,602
 2822,521
 2835,401
 2788,696
 2862,395
 2763,804
 2850,840
 2761,441
 2768,925
 2862,172
 2828,451
 2751,867
 2811,182
 2789,928
 2841,983
 2850,218
 2776,003
 2840,040
 2850,799
 2797,218
 2800,979
 2857,166
 2830,147
 2871,360
 2826,057
 2869,899
 2840,032
 2855,591
 2848,168
 2850,860
 2820,279
 2852,868
 2869,465
 2872,545
 2835,953
 2818,859
 2823,541
 2870,937
 2927,654
 2891,648
 2871,751
 2854,236
 2801,141
 2893,800
 2884,351
 2873,814
 2904,625
 2918,004
 2894,752
 2927,991
 2878,195
 2897,492
 2892,655
 2862,438
 2924,095
 2899,630
 2855,913
 2939,256
 2897,429
 2910,851
 2919,973
 2859,459
 2945,887
 2917,672
 2909,729
 2898,312
 2972,184
 2853,199
 2878,963
 2908,101
 2847,131
 2839,902
 2940,054
 2917,634
 2929,665
 2949,495
 2928,597
 2909,242
 2987,643
 2973,223
 2959,946
 2951,096
 2933,838
 2924,684
 2988,368
 2961,520
 2949,007
 2910,378
 2942,515
 2987,842
 3004,691
 3017,156
 2943,206
 2937,457
 3012,750
 3008,620
 2943,418
 2996,296
 2963,393
 3061,054
 3021,825
 2928,023
 2982,732
 2968,054
 2996,623
 2936,507
 3013,714
 2951,729
 3045,248
 3003,838
 2991,380
 2955,735
 2977,272
 2998,409
 3051,262
 3111,839
 3012,425
 3028,831
 3024,161
 3047,683
 3094,318
 3064,280
 3073,080
 3097,778
 3025,322
 2922,362
 3012,748
 3034,377
 3081,747
 3094,892
 3039,227
 3035,462
 3062,401
 3080,894
 3046,241
 3110,664
 3084,883
 3098,889
 3080,476
 3026,028
 3109,169
 3120,156
 3145,727
 3073,807
 3113,857
 3020,980
 3047,348
 3149,499
 3130,343
 3107,992
 3044,551
 3077,652
 3104,062
 3095,673
 3042,213
 3153,135
 3077,977
 3117,678
 3103,114
 3167,954
 3125,826
 3121,660
 3159,963
 3126,075
 3140,002
 3086,783
 3145,539
 3147,901
 3119,682
 3161,928
 3138,944
 3238,226
 3145,410
 3165,735
 3131,581
 3142,595
 3175,736
 3152,239
 3156,348
 3161,592
 3185,089
 3131,726
 3204,806
 3205,364
 3169,486
 3216,964
 3174,321
 3079,285
 3211,163
 3203,254
 3231,619
 3149,226
 3210,180
 3149,311
 3216,446
 3245,337
 3261,280
 3136,221
 3143,523
 3200,270
 3183,574
 3179,950
 3201,054
 3232,607
 3207,987
 3268,957
 3193,084
 3256,008
 3262,379
 3205,798
 3219,863
 3273,272
 3299,241
 3209,841
 3274,596
 3254,472
 3189,512
 3216,846
 3249,890
 3235,694
 3286,650
 3236,689
 3261,609
 3200,908
 3308,981
 3269,685
 3260,368
 3336,160
 3227,244
 3178,964
 3307,526
 3198,754
 3253,300
 3264,688
 3314,005
 3257,525
 3330,138
 3305,393
 3269,239
 3252,386
 3261,367
 3308,642
 3308,234
 3316,017
 3356,898
 3334,346
 3270,742
 3297,383
 3250,778
 3356,959
 3296,878
 3320,202
 3349,842
 3323,339
 3342,481
 3374,309
 3340,084
 3326,239
 3323,490
 3326,957
 3298,430
 3353,387
 3357,244
 3383,805
 3370,765
 3304,528
 3453,455
 3381,797
 3392,953
 3391,805
 3363,981
 3317,067
 3328,131
 3326,543
 3353,426
 3332,253
 3357,707
 3415,173
 3401,456
 3371,463
 3323,291
 3404,354
 3382,626
 3400,311
 3455,266
 3372,012
 3307,386
 3422,817
 3394,216
 3343,131
 3446,022
 3415,239
 3505,525
 3373,315
 3391,787
 3500,472
 3499,633
 3426,657
 3399,831
 3456,189
 3482,054
 3417,974
 3479,244
 3475,162
 3473,958
 3467,256
 3437,159
 3436,049
 3442,922
 3433,584
 3475,799
 3408,448
 3422,395
 3499,466
 3486,532
 3420,188
 3404,896
 3456,270
 3500,037
 3414,950
 3415,718
 3474,830
 3485,385
 3519,560
 3440,460
 3514,606
 3459,946
 3472,442
 3388,130
 3500,153
 3466,091
 3512,972
 3526,295
 3478,171
 3471,438
 3555,762
 3500,805
 3541,811
 3474,541
 3484,731
 3518,019
 3550,210
 3463,025
 3414,497
 3536,947
 3449,775
 3539,619
 3532,322
 3535,920
 3452,467
 3536,533
 3517,000
 3482,246
 3522,282
 3598,589
 3532,320
 3538,751
 3485,119
 3587,000
 3500,864
 3474,186
 3523,189
 3574,800
 3578,003
 3559,448
 3585,550
 3610,666
 3568,033
 3569,049
 3498,224
 3546,403
 3548,609
 3521,198
 3577,053
 3544,867
 3576,538
 3633,490
 3584,475
 3582,080
 3560,550
 3609,269
 3494,281
 3557,045
 3609,492
 3593,649
 3596,912
 3662,272
 3528,868
 3649,835
 3565,521
 3641,182
 3667,279
 3547,143
 3622,141
 3631,292
 3623,494
 3591,743
 3595,058
 3640,873
 3610,268
 3574,070
 3527,949
 3598,748
 3573,981
 3670,617
 3614,778
 3708,414
 3563,705
 3659,179
 3595,198
 3627,807
 3576,485
 3628,380
 3654,144
 3631,543
 3618,802
 3621,031
 3652,632
 3583,023
 3687,821
 3625,548
 3619,274
 3667,483
 3643,569
 3672,802
 3662,241
 3663,917
 3670,927
 3596,139
 3761,544
 3729,539
 3675,322
 3702,486
 3626,783
 3637,370
 3630,843
 3723,209
 3605,553
 3652,829
 3702,082
 3629,208
 3719,001
 3637,464
 3672,587
 3717,755
 3637,957
 3762,490
 3705,548
 3691,420
 3683,952
 3694,993
 3689,195
 3714,462
 3747,719
 3711,099
 3674,307
 3698,518
 3725,414
 3678,237
 3723,763
 3798,758
 3698,539
 3698,320
 3724,266
 3688,988
 3773,038
 3725,677
 3750,907
 3768,867
 3766,832
 3720,029
 3751,198
 3747,451
 3705,784
 3662,913
 3736,454
 3720,335
 3739,876
 3807,105
 3745,541
 3715,974
 3730,036
 3695,625
 3741,553
 3747,133
 3729,071
 3758,276
 3773,813
 3743,303
 3834,283
 3740,493
 3754,410
 3812,312
 3805,905
 3760,730
 3746,312
 3843,698
 3756,193
 3737,633
 3766,158
 3831,991
 3782,271
 3778,049
 3781,817
 3835,641
 3772,117
 3806,450
 3828,593
 3762,131
 3834,367
 3752,256
 3809,639
 3811,790
 3856,568
 3865,402
 3831,585
 3775,315
 3783,421
 3806,221
 3844,543
 3802,345
 3795,997
 3785,782
 3872,383
 3919,233
 3828,832
 3823,009
 3862,300
 3776,414
 3843,322
 3916,701
 3882,085
 3894,403
 3833,037
 3871,836
 3873,514
 3844,510
 3921,831
 3784,274
 3770,980
 3895,376
 3915,419
 3834,497
 3881,874
 3907,064
 3865,160
 3952,596
 3838,677
 3849,106
 3855,995
 3905,148
 3910,848
 3865,360
 3908,000
 3908,283
 3908,237
 3901,018
 3928,369
 3931,643
 3882,448
 3874,007
 3907,694
 3887,649
 3844,949
 3897,040
 3879,273
 3842,226
 3809,215
 3949,454
 3945,602
 3936,133
 3902,581
 3963,847
 3911,700
 4018,121
 3960,079
 3945,521
 3899,730
 3944,042
 3943,788
 3964,151
 3937,564
 3851,491
 3958,600
 3899,861
 3877,416
 3920,379
 3960,532
 4020,472
 3964,079
 3964,282
 3896,208
 3951,301
 3983,711
 4011,797
 3982,185
 3960,453
 3998,884
 3948,619
 3893,464
 3997,830
 4044,562
 4015,476
 4037,192
 4003,021
 4016,478
 3990,635
 3951,017
 3973,746
 3987,213
 4063,593
 4015,763
 4006,459
 4045,041
 3967,691
 4022,676
 3994,306
 4019,658
 4019,445
 4081,420
 4016,624
 4004,545
 3989,948
 3978,819
 4082,631
 4011,689
 4092,058
 4038,163
 4016,531
 4082,908
 4044,239
 4014,744
 4055,389
 4067,471
 3973,642
 4030,970
 4049,375
 4141,736
 4109,217
 4121,187
 4079,214
 4069,905
 4049,371
 4014,778
 4090,921
 4063,872
 4107,699
 4068,279
 4093,017
 4166,228
 4011,369
 4139,001
 4111,618
 4090,382
 4141,796
 4102,949
 4153,523
 4175,849
 4094,091
 4113,748
 4127,143
 4152,856
 4154,933
 4092,253
 4098,415
 4167,698
 4186,877
 4096,984
 4144,544
 4100,537
 4153,317
 4152,903
 4155,693
 4191,598
 4230,847
 4137,199
 4180,269
 4221,142
 4129,032
 4246,306
 4195,780
 4169,909
 4209,960
 4154,732
 4207,922
 4180,926
 4209,714
 4202,195
 4164,493
 4166,998
 4133,628
 4169,615
 4192,531
 4203,002
 4276,372
 4191,825
 4234,257
 4158,510
 4264,781
 4271,479
 4192,088
 4162,662
 4252,699
 4240,877
 4249,369
 4250,675
 4303,263
 4241,206
 4206,189
 4244,522
 4210,447
 4171,938
 4245,317
 4233,236
 4321,671
 4226,798
 4275,418
 4219,794
 4297,182
 4301,451
 4235,823
 4296,095
 4293,496
 4271,137
 4330,045
 4274,704
 4225,232
 4341,971
 4384,131
 4348,793
 4368,978
 4333,359
 4335,503
 4288,660
 4262,105
 4322,441
 4267,950
 4315,276
 4338,774
 4308,537
 4352,880
 4340,111
 4381,993
 4385,923
 4411,040
 4355,502
 4353,558
 4358,873
 4381,888
 4415,564
 4377,708
 4391,385
 4398,107
 4333,280
 4369,278
 4352,688
 4359,748
 4371,207
 4411,471
 4456,102
 4413,049
 4376,446
 4444,876
 4474,002
 4464,441
 4348,249
 4341,810
 4393,089
 4404,595
 4405,150
 4340,657
 4367,271
 4461,171
 4420,374
 4411,247
 4504,045
 4433,994
 4440,056
 4436,597
 4404,031
 4425,948
 4467,419
 4468,528
 4429,445
 4446,339
 4412,435
 4412,154
 4476,435
 4512,659
 4553,691
 4415,184
 4455,924
 4436,718
 4537,797
 4460,870
 4499,033
 4522,088
 4463,102
 4422,262
 4529,200
 4462,847
 4529,454
 4452,044
 4474,461
 4492,219
 4520,341
 4540,596
 4506,475
 4482,180
 4520,986
 4498,493
 4527,922
 4560,486
 4538,271
 4542,874
 4521,362
 4504,262
 4491,135
 4587,818
 4536,497
 4502,080
 4519,587
 4552,383
 4596,096
 4604,853
 4564,040
 4509,982
 4606,118
 4614,225
 4570,600
 4629,398
 4550,612
 4592,381
 4549,479
 4478,338
 4546,686
 4570,647
 4508,532
 4564,820
 4544,461
 4542,933
 4635,518
 4550,510
 4596,889
 4597,271
 4563,115
 4590,366
 4611,974
 4679,253
 4562,860
 4655,620
 4544,956
 4613,774
 4595,393
 4613,310
 4695,171
 4583,097
 4628,036
 4582,789
 4632,813
 4637,599
 4604,019
 4599,272
 4668,563
 4686,493
 4693,255
 4679,535
 4687,779
 4678,479
 4647,134
 4602,497
 4598,946
 4681,864
 4707,859
 4665,327
 4596,444
 4666,976
 4703,152
 4630,663
 4649,404
 4714,906
 4632,264
 4674,352
 4742,687
 4687,281
 4639,542
 4671,555
 4792,963
 4641,320
 4660,688
 4722,889
 4702,069
 4661,849
 4671,946
 4751,011
 4701,715
 4704,665
 4732,434
 4673,908
 4657,307
 4706,477
 4776,854
 4636,157
 4661,752
 4693,330
 4702,057
 4764,839
 4737,181
 4713,762
 4695,290
 4673,288
 4757,769
 4724,078
 4699,169
 4632,722
 4763,250
 4782,869
 4667,724
 4784,082
 4733,537
 4677,091
 4682,074
 4714,370
 4685,100
 4754,450
 4840,149
 4794,559
 4647,465
 4677,738
 4817,152
 4708,727
 4759,449
 4808,342
 4653,777
 4825,243
 4778,461
 4737,236
 4756,678
 4763,093
 4830,356
 4716,920
 4801,337
 4781,257
 4715,481
 4714,242
 4757,881
 4821,275
 4802,796
 4823,990
 4691,005
 4762,089
 4847,210
 4728,023
 4782,643
 4829,555
 4794,443
 4748,012
 4797,612
 4761,749
 4831,706
 4833,220
 4840,555
 4781,781
 4798,370
 4777,474
 4763,320
 4817,994
 4844,044
 4809,865
 4821,618
 4840,000
 4901,509
 4784,109
 4899,600
 4842,238
 4852,424
 4879,200
 4846,049
 4883,179
 4904,486
 4825,149
 4894,303
 4848,874
 4919,789
 4934,405
 4827,025
 4884,432
 4927,662
 4979,740
 4902,277
 4933,933
 4929,901
 4984,882
 4894,999
 4884,217
 4996,253
 4932,398
 4892,074
 4908,824
 4966,795
 4923,185
 4939,523
 4889,736
 4906,506
 4911,568
 4967,790
 5007,682
 4960,582
 4906,249
 5039,351
 4950,012
 4962,755
 4963,481
 4921,913
 4872,198
 5013,132
 4952,885
 5007,382
 4967,183
 4953,911
 4916,954
 4968,056
 4921,575
 4961,464
 4911,096
 4936,342
 4980,656
 5015,696
 4971,827
 4966,740
 5011,983
 4990,163
 4961,008
 5057,451
 5018,118
 4956,880
 4974,727
 5004,300
 4907,082
 4973,521
 4986,150
 5030,808
 5010,721
 5046,927
 5056,093
 5011,079
 4931,752
 5039,418
 5000,507
 4998,539
 4964,656
 4965,996
 4875,942
 4986,660
 5071,045
 4976,373
 5000,262
 4963,101
 4975,592
 5046,927
 4957,663
 5023,033
 4988,336
 5013,090
 4978,992
 5022,194
 4956,922
 4980,092
 5083,097
 5035,970
 5018,750
 5019,545
 5041,407
 4937,551
 5033,097
 5063,806
 5000,707
 5005,919
 5024,545
 4959,964
 4940,718
 5014,150
 5051,888
 4989,983
 5090,533
 4983,599
 5044,398
 4991,976
 4994,855
 4973,614
 4979,914
 5046,002
 4989,161
 5007,739
 4976,458
 4944,611
 4984,772
 4998,248
 5017,214
 4987,961
 5049,893
 4956,809
 5031,623
 5035,679
 4914,886
 5038,101
 5063,552
 4943,042
 5038,967
 4986,720
 5119,797
 5033,200
 4994,367
 5122,741
 5033,534
 5069,242
 4969,757
 5062,503
 4961,047
 5046,787
 4992,023
 5074,217
 5045,401
 4986,492
 5031,373
 4976,150
 4959,228
 4981,618
 4955,380
 5067,922
 5068,861
 5060,221
 5004,124
 5060,674
 5100,226
 5024,752
 5037,844
 5073,553
 5052,544
 5121,418
 5015,190
 5101,267
 5000,324
 5084,114
 5045,148
 5016,626
 5091,398
 5055,542
 5017,939
 5070,797
 5028,725
 5107,048
 5021,467
 5038,368
 5099,405
 5063,046
 5047,554
 5047,075
 5130,992
 5085,378
 5091,164
 5083,380
 5102,456
 5110,410
 5185,414
 5068,680
 5133,940
 5140,376
 5116,918
 5099,186
 5061,980
 5069,087
 5167,039
 5056,334
 5131,501
 5116,756
 5052,179
 5115,183
 5134,219
 5110,046
 5117,202
 5132,769
 5078,445
 5072,714
 5131,316
 5194,285
 5123,834
 5131,192
 5167,564
 5110,938
 5156,243
 5245,762
 5133,946
 5058,343
 5081,047
 5160,181
 5124,243
 5123,075
 5200,266
 5152,099
 5168,200
 5186,139
 5135,963
 5190,318
 5142,929
 5201,659
 5219,628
 5198,957
 5214,455
 5229,382
 5226,311
 5168,916
 5216,407
 5274,521
 5228,910
 5151,079
 5230,330
 5150,341
 5210,747
 5217,711
 5280,465
 5268,029
 5219,589
 5221,427
 5280,834
 5219,164
 5259,173
 5239,702
 5202,265
 5233,566
 5236,504
 5214,984
 5275,269
 5254,146
 5311,569
 5356,491
 5232,595
 5252,041
 5246,052
 5312,403
 5223,299
 5230,155
 5243,501
 5272,965
 5213,382
 5202,226
 5312,183
 5307,892
 5327,424
 5341,029
 5277,581
 5343,462
 5348,022
 5290,556
 5323,698
 5278,993
 5353,579
 5310,725
 5310,272
 5313,236
 5338,013
 5337,968
 5419,320
 5330,753
 5358,860
 5314,342
 5371,222
 5330,733
 5358,460
 5419,565
 5321,937
 5333,130
 5343,475
 5373,980
 5332,605
 5333,205
 5415,731
 5414,842
 5330,897
 5365,065
 5450,714
 5368,411
 5301,411
 5511,370
 5401,496
 5366,500
 5337,552
 5333,834
 5329,271
 5407,281
 5383,528
 5405,488
 5433,979
 5445,941
 5410,562
 5423,018
 5407,663
 5397,414
 5430,889
 5471,497
 5377,748
 5367,362
 5394,051
 5383,853
 5410,817
 5444,542
 5400,508
 5433,862
 5445,775
 5543,903
 5484,661
 5465,278
 5500,828
 5452,648
 5403,597
 5446,927
 5401,207
 5420,277
 5373,976
 5467,060
 5402,865
 5430,582
 5443,224
 5471,021
 5391,467
 5461,027
 5451,323
 5400,591
 5502,676
 5453,052
 5394,747
 5456,725
 5516,165
 5444,222
 5454,283
 5422,494
 5470,348
 5488,287
 5468,474
 5371,109
 5512,307
 5510,951
 5453,833
 5472,581
 5464,591
 5476,764
 5486,781
 5394,967
 5485,146
 5445,429
 5457,189
 5448,418
 5488,195
 5579,280
 5454,568
 5403,226
 5561,359
 5518,511
 5562,824
 5454,542
 5466,323
 5455,451
 5520,769
 5579,911
 5534,687
 5476,356
 5493,162
 5507,369
 5511,088
 5490,745
 5515,129
 5549,581
 5498,252
 5567,228
 5538,658
 5503,113
 5486,240
 5533,410
 5504,675
 5512,123
 5447,032
 5486,791
 5575,388
 5475,814
 5524,032
 5469,785
 5546,028
 5466,350
 5497,065
 5488,404
 5558,218
 5475,771
 5596,108
 5446,269
 5543,317
 5527,606
 5517,201
 5558,674
 5535,215
 5528,604
 5545,952
 5520,034
 5534,117
 5574,995
 5591,496
 5479,867
 5492,703
 5571,731
 5487,675
 5510,601
 5512,724
 5493,170
 5557,513
 5555,019
 5515,276
 5511,897
 5578,189
 5503,117
 5502,620
 5541,776
 5551,870
 5591,936
 5558,601
 5501,058
 5557,904
 5583,863
 5564,586
 5528,802
 5477,391
 5533,680
 5496,774
 5574,474
 5608,632
 5583,603
 5557,197
 5448,006
 5592,654
 5588,567
 5525,563
 5510,086
 5553,875
 5567,717
 5494,771
 5502,055
 5505,998
 5594,343
 5542,980
 5529,892
 5444,979
 5532,172
 5593,884
 5467,954
 5506,584
 5572,648
 5549,866
 5595,711
 5508,949
 5558,585
 5563,210
 5573,778
 5532,839
 5540,346
 5588,433
 5517,142
 5533,974
 5551,075
 5605,557
 5532,219
 5545,986
 5479,245
 5566,049
 5523,309
 5513,287
 5569,766
 5578,059
 5496,532
 5567,425
 5420,060
 5451,758
 5482,845
 5527,770
 5580,132
 5527,599
 5522,200
 5454,926
 5501,462
 5507,316
 5499,862
 5495,327
 5549,715
 5534,557
 5493,436
 5581,054
 5519,824
 5400,435
 5465,814
 5558,273
 5481,626
 5524,922
 5489,510
 5524,473
 5520,995
 5542,158
 5575,286
 5504,937
 5407,192
 5512,174
 5520,898
 5481,876
 5421,901
 5462,079
 5508,222
 5503,440
 5361,897
 5538,372
 5420,688
 5504,428
 5485,845
 5444,424
 5454,770
 5553,505
 5503,690
 5476,114
 5516,230
 5388,134
 5464,322
 5484,001
 5423,272
 5468,474
 5409,273
 5475,322
 5369,873
 5484,748
 5464,460
 5510,486
 5455,080
 5525,065
 5502,140
 5375,289
 5474,360
 5432,809
 5452,833
 5445,138
 5376,437
 5484,934
 5475,143
 5424,076
 5432,321
 5358,300
 5459,881
 5405,238
 5438,919
 5445,032
 5337,325
 5391,777
 5454,950
 5472,983
 5455,406
 5391,747
 5426,551
 5476,700
 5483,912
 5463,487
 5375,330
 5485,473
 5395,885
 5367,229
 5442,252
 5346,467
 5401,084
 5414,033
 5278,604
 5446,847
 5462,094
 5446,757
 5392,547
 5431,427
 5504,006
 5380,451
 5366,288
 5442,834
 5373,171
 5348,440
 5441,568
 5340,097
 5356,789
 5321,836
 5307,799
 5424,427
 5350,177
 5378,754
 5324,675
 5445,740
 5450,665
 5403,629
 5368,710
 5421,075
 5374,438
 5325,861
 5339,668
 5382,990
 5427,207
 5383,513
 5223,526
 5386,808
 5410,083
 5370,713
 5403,769
 5321,754
 5362,005
 5377,921
 5283,744
 5331,154
 5346,343
 5322,440
 5382,515
 5349,313
 5396,515
 5297,201
 5276,929
 5279,778
 5219,253
 5375,824
 5282,900
 5366,768
 5283,100
 5192,840
 5333,240
 5247,798
 5263,769
 5345,798
 5364,421
 5320,602
 5275,479
 5315,159
 5385,372
 5290,699
 5274,754
 5224,076
 5259,309
 5187,671
 5281,182
 5274,612
 5205,096
 5246,813
 5217,024
 5258,212
 5304,395
 5325,637
 5269,114
 5210,270
 5303,484
 5236,540
 5254,678
 5232,518
 5281,740
 5224,906
 5265,620
 5249,043
 5262,745
 5289,107
 5292,742
 5275,378
 5243,830
 5254,923
 5153,215
 5208,863
 5245,197
 5240,091
 5227,879
 5194,189
 5253,510
 5208,090
 5119,524
 5213,961
 5212,106
 5260,257
 5324,946
 5274,799
 5189,137
 5223,731
 5177,002
 5192,069
 5150,393
 5155,387
 5205,809
 5132,186
 5284,966
 5167,492
 5133,789
 5195,999
 5102,446
 5102,456
 5195,208
 5168,934
 5175,220
 5116,598
 5184,698
 5142,944
 5146,749
 5125,836
 5161,674
 5161,784
 5082,116
 5225,286
 5148,304
 5125,596
 5240,739
 5099,589
 5099,451
 5078,582
 5161,695
 5056,572
 5146,062
 5023,691
 5128,175
 5058,211
 5168,450
 5145,212
 5081,414
 5120,445
 5029,528
 5103,462
 5091,759
 5026,533
 5089,502
 5093,147
 4961,421
 4981,085
 5129,641
 5055,751
 4994,297
 5050,133
 4976,810
 4998,986
 5031,571
 5044,253
 5058,636
 5029,071
 4958,473
 5062,974
 4984,123
 5058,125
 5029,130
 5069,175
 4966,391
 4961,198
 5057,208
 5056,409
 5004,839
 4938,128
 4988,948
 5006,758
 4997,635
 5028,644
 5013,502
 5017,628
 4948,183
 5028,320
 4929,575
 4963,866
 5001,049
 5018,917
 5033,240
 4952,812
 5002,011
 4979,036
 4928,666
 4967,010
 4937,986
 4855,614
 4974,906
 4999,166
 4930,974
 4897,043
 4914,741
 4934,952
 4896,955
 4863,432
 4876,400
 4949,926
 4999,029
 4929,521
 4903,048
 4931,451
 4863,678
 4847,071
 4903,616
 4887,504
 4967,472
 4806,080
 4885,308
 4877,888
 4823,972
 4862,032
 4848,387
 4874,321
 4835,440
 4890,126
 4893,035
 4784,523
 4826,165
 4882,355
 4859,865
 4839,429
 4823,801
 4846,648
 4871,696
 4802,848
 4863,966
 4773,602
 4813,489
 4837,153
 4785,903
 4806,479
 4798,724
 4838,823
 4804,584
 4768,814
 4780,126
 4829,125
 4817,056
 4759,859
 4809,253
 4762,954
 4808,530
 4807,604
 4864,177
 4706,360
 4768,538
 4791,763
 4753,807
 4728,458
 4725,986
 4794,510
 4832,247
 4808,469
 4736,986
 4701,793
 4709,927
 4743,857
 4710,376
 4759,153
 4706,274
 4722,880
 4629,079
 4720,209
 4792,104
 4647,769
 4635,532
 4677,909
 4631,919
 4727,489
 4677,682
 4741,618
 4746,001
 4740,002
 4746,555
 4675,546
 4703,515
 4703,214
 4667,292
 4690,847
 4712,888
 4619,144
 4683,926
 4691,829
 4631,236
 4734,252
 4613,136
 4615,423
 4650,244
 4657,953
 4647,330
 4710,566
 4631,363
 4611,856
 4597,828
 4630,339
 4597,195
 4620,903
 4525,669
 4704,936
 4596,963
 4545,233
 4605,541
 4595,132
 4596,266
 4611,736
 4680,236
 4498,433
 4625,704
 4573,227
 4609,803
 4584,197
 4533,737
 4607,874
 4545,358
 4574,716
 4593,752
 4574,374
 4570,820
 4575,701
 4564,629
 4517,030
 4483,693
 4477,547
 4527,010
 4456,283
 4541,072
 4526,692
 4630,875
 4497,550
 4540,812
 4543,901
 4506,515
 4527,003
 4521,644
 4429,284
 4533,181
 4504,101
 4535,140
 4507,876
 4503,626
 4551,508
 4519,659
 4555,146
 4463,783
 4474,415
 4424,868
 4369,590
 4449,140
 4480,687
 4488,046
 4442,018
 4453,500
 4440,902
 4392,013
 4460,669
 4428,819
 4411,729
 4359,387
 4355,979
 4460,030
 4351,330
 4352,924
 4391,628
 4448,220
 4464,787
 4373,465
 4358,467
 4367,018
 4395,759
 4352,238
 4391,977
 4402,497
 4395,124
 4327,474
 4418,034
 4403,547
 4371,964
 4365,788
 4333,257
 4379,490
 4338,762
 4327,156
 4367,032
 4400,881
 4280,515
 4245,533
 4316,895
 4378,728
 4299,363
 4316,600
 4283,776
 4311,589
 4336,782
 4298,640
 4301,306
 4326,597
 4241,464
 4309,727
 4281,628
 4289,219
 4315,807
 4215,344
 4248,238
 4277,469
 4342,321
 4250,990
 4279,402
 4344,351
 4236,992
 4263,581
 4269,967
 4199,782
 4272,928
 4184,492
 4271,937
 4259,978
 4207,126
 4198,276
 4225,245
 4233,989
 4240,296
 4162,069
 4216,344
 4179,389
 4184,020
 4136,964
 4180,052
 4141,175
 4168,469
 4212,732
 4111,219
 4139,426
 4221,039
 4129,665
 4220,120
 4162,965
 4178,381
 4193,220
 4159,724
 4097,239
 4134,316
 4143,849
 4175,328
 4122,638
 4113,357
 4098,113
 4090,516
 4111,278
 4053,932
 4101,143
 4054,769
 4076,491
 4085,583
 4068,313
 4037,914
 4093,198
 3989,843
 4121,600
 4104,237
 4027,030
 4061,557
 3984,770
 4012,089
 3967,183
 4061,809
 4011,051
 4016,823
 4036,897
 4009,205
 4058,220
 4064,045
 4019,728
 3974,348
 3960,632
 3949,365
 4025,354
 3996,111
 3956,677
 3973,556
 3999,280
 3968,674
 4069,115
 3983,263
 3973,769
 4047,187
 4037,424
 4052,311
 3983,534
 4024,873
 3990,772




























































































































































































































































































































































































































































































































































































































































































































































































































































































































































































































































































































































































































































































































































































































































































































































































































































































































































































































































































































































































































































































































































































































































































































































































































































































































































































































































































































































































































































































































































































































































































































































































































































































































































































































































































































































































































































































































































































































































































































































































































































































































































































































































































































































































































































































































































































































































































































































































































































































































































































































































































































































































































































































































































































































































































































































































































































































































































































































































































































































































































































































































































































































































































































































































































































































































































































































































































































































































































































































































































































































































































































































































































































































































































































































































































































































































































































































































































































































































































































































































































































































































































































































































































































































































































































































































































































































































































































































































































































































































































































































































































































































































































































































































































































































































































































































































































































































































































































































































































































































































































































































































































































































































































































































































































































































































































































































































































































































































































































































































































































































































































































































































































































































































































































































































































































































































































































































































































































































































































































































































































































































































































































































































































































































































































































































































































































































































































































































































































































































































































































































































































































































































































































































































































































































































































































































































































































































































































































































































































































































































































































































































































































































































































































































































































































































































































































































































































































































































































































































































































































































































































































































































































































































































































































































































































































































































































































































































































































































































































































































































































































































































































































































































































































































































































































































































































































































































































































































































































































































































































































































































































































































































































































































































































































































































































































































































































































































































































































































































































































































































































































































































































































































































































































































































































































































































































































































































































































































































































































































































































































































































































































































































































































































































































































































































































































































































































































































































































































































































































































































































































































































































































































































































































































































































































































































































































































































































































































































































































































































































































































































































































































































































































































































































































































































































































































































































































































































































































































































































































































































































































































































































































































































































































































































































































































































































































































































































































































































































































































































































































































































































































































































































































































































































































































































































































































































































































































































































































































































































































































































































































































































































































































































































































































































































































































































































































































































































































































































































































































































































































































































































































































































































































































































































































































































































































































































































































































































































































































































































































































































































































































































































































































































































































































































































































































































































































































































































































































































































































































































































































































































































































































































































































































































































































































































































































































































































































































































































































































































































































































































































































































































































































































































































































































































































































































































































































































































































































































































































































































































































































































































































































































































































































































































































































































































































































































































































































































































































































































































































































































































































































































































































































































































































































































































































