 604,984
 618,521
 628,314
 639,386
 602,016
 602,533
 651,579
 626,605
 614,577
 618,393
 611,191
 646,463
 630,590
 635,807
 634,352
 639,718
 628,286
 621,355
 609,824
 643,177
 627,339
 625,997
 599,982
 610,014
 625,809
 603,201
 644,616
 623,014
 634,137
 646,695
 661,555
 650,350
 627,525
 638,222
 620,946
 624,164
 611,881
 622,178
 600,455
 620,807
 615,983
 629,747
 617,353
 658,682
 616,464
 636,847
 613,902
 626,243
 653,256
 650,381
 646,709
 594,450
 586,097
 609,047
 632,108
 604,930
 667,179
 672,490
 636,210
 600,888
 642,193
 597,911
 598,872
 633,230
 613,784
 639,608
 622,224
 620,135
 639,553
 632,376
 627,606
 613,378
 621,789
 677,337
 599,998
 627,972
 632,264
 641,769
 620,481
 601,743
 647,490
 605,431
 636,470
 637,262
 588,432
 602,072
 622,726
 607,631
 591,539
 613,615
 610,244
 609,410
 626,406
 618,167
 611,121
 587,625
 607,207
 596,124
 642,680
 620,514
 623,207
 606,618
 590,334
 591,477
 628,655
 590,850
 625,098
 629,306
 623,171
 612,436
 612,997
 626,378
 619,625
 613,264
 610,149
 610,236
 630,291
 615,939
 605,193
 601,140
 609,608
 616,538
 620,566
 641,657
 610,979
 623,441
 612,856
 616,543
 590,291
 652,497
 581,669
 601,374
 588,209
 590,643
 629,370
 570,513
 608,013
 577,955
 582,681
 614,055
 607,650
 591,430
 589,262
 609,733
 613,931
 594,532
 592,865
 613,906
 629,214
 584,526
 606,308
 631,562
 584,214
 597,553
 573,924
 589,749
 577,820
 641,933
 612,034
 635,338
 632,445
 635,998
 607,933
 581,022
 634,039
 618,609
 582,133
 579,777
 577,631
 637,282
 588,576
 597,382
 590,699
 567,960
 598,850
 582,155
 617,465
 609,288
 572,793
 590,424
 607,943
 620,483
 578,949
 600,326
 590,289
 564,698
 582,145
 590,121
 613,627
 588,935
 581,734
 614,930
 566,773
 559,599
 595,382
 593,255
 600,069
 563,566
 588,084
 616,889
 562,265
 579,106
 575,292
 544,028
 564,706
 618,573
 584,728
 583,149
 593,126
 585,577
 571,112
 594,929
 588,560
 557,361
 617,048
 614,461
 615,809
 554,754
 605,933
 568,994
 580,138
 582,140
 562,288
 562,615
 569,611
 562,474
 566,313
 552,496
 557,439
 606,970
 536,839
 575,622
 558,817
 567,505
 580,503
 587,543
 555,414
 561,813
 543,410
 572,829
 575,063
 579,932
 574,784
 560,986
 545,552
 570,213
 538,837
 561,693
 574,034
 590,011
 542,134
 571,530
 584,354
 514,906
 544,352
 558,253
 546,625
 529,491
 558,680
 555,858
 545,523
 523,725
 542,766
 582,721
 557,321
 544,747
 537,725
 518,630
 549,692
 524,731
 533,027
 512,543
 529,000
 535,325
 585,584
 552,049
 537,523
 543,874
 523,443
 514,826
 536,657
 544,730
 549,973
 540,981
 521,237
 541,855
 560,083
 560,990
 535,943
 528,352
 532,278
 559,420
 560,578
 518,296
 550,581
 552,831
 526,126
 520,958
 533,471
 529,126
 568,873
 535,067
 498,747
 550,662
 531,783
 527,653
 561,335
 527,553
 503,793
 509,230
 525,433
 509,001
 543,853
 562,388
 520,388
 539,370
 512,157
 518,386
 522,152
 511,613
 554,816
 563,002
 525,776
 528,433
 530,504
 544,079
 512,567
 569,294
 523,282
 512,275
 542,493
 519,547
 521,990
 490,581
 514,452
 525,488
 530,955
 536,689
 508,739
 528,059
 511,617
 508,347
 495,120
 541,529
 549,653
 504,695
 500,594
 508,732
 567,106
 509,202
 507,332
 498,984
 490,193
 522,504
 512,909
 503,612
 496,437
 512,585
 476,386
 483,860
 500,536
 510,042
 506,491
 490,015
 511,329
 502,678
 534,766
 495,610
 509,098
 514,274
 503,977
 501,109
 493,881
 498,343
 498,961
 494,182
 488,703
 471,560
 482,842
 533,110
 525,400
 462,366
 532,968
 492,241
 515,280
 512,439
 487,471
 491,536
 519,253
 509,857
 465,361
 467,032
 470,836
 538,357
 475,772
 513,499
 529,894
 535,462
 496,827
 510,021
 472,188
 484,981
 543,919
 502,175
 486,017
 510,795
 524,475
 527,564
 534,946
 509,360
 477,756
 483,424
 509,785
 507,219
 505,481
 515,271
 495,193
 501,684
 503,116
 486,492
 508,944
 499,175
 495,106
 489,846
 470,253
 502,185
 476,662
 498,942
 484,974
 519,641
 510,170
 511,140
 490,973
 498,147
 476,352
 504,200
 522,582
 498,031
 449,417
 486,225
 465,065
 501,102
 476,973
 524,176
 485,994
 472,189
 506,843
 495,775
 508,395
 509,253
 469,529
 455,408
 487,694
 513,538
 487,769
 467,503
 499,074
 474,902
 503,679
 518,548
 498,418
 440,725
 475,119
 475,854
 491,199
 467,199
 481,693
 463,300
 487,368
 481,359
 494,239
 495,348
 493,321
 465,809
 490,420
 470,696
 512,029
 493,759
 480,908
 479,942
 475,977
 465,685
 476,242
 504,994
 490,122
 480,282
 496,442
 505,872
 478,026
 468,115
 506,152
 503,119
 517,604
 490,956
 455,404
 515,488
 512,303
 499,067
 492,952
 487,849
 508,461
 483,566
 506,402
 509,410
 494,619
 495,255
 479,633
 474,790
 463,720
 453,967
 491,867
 502,219
 464,776
 487,114
 508,087
 520,785
 507,432
 465,950
 451,004
 503,741
 520,354
 487,329
 495,545
 507,191
 474,599
 473,479
 474,554
 510,760
 482,953
 487,797
 492,849
 420,134
 492,124
 459,171
 499,708
 484,180
 497,363
 519,972
 463,738
 512,803
 486,919
 509,485
 519,553
 508,946
 473,806
 460,589
 475,967
 492,299
 501,609
 491,589
 488,098
 481,199
 502,138
 506,264
 520,161
 506,506
 467,098
 499,239
 455,475
 506,535
 479,802
 505,537
 487,880
 497,123
 498,669
 508,103
 511,075
 512,572
 496,350
 490,662
 482,699
 506,400
 485,049
 468,585
 485,547
 466,932
 461,218
 494,293
 492,061
 493,279
 489,014
 481,227
 485,671
 507,918
 486,948
 485,069
 469,957
 511,925
 483,687
 476,045
 493,737
 491,221
 473,527
 467,720
 492,000
 527,460
 475,206
 482,724
 511,424
 506,258
 470,469
 482,760
 483,857
 511,720
 518,091
 484,982
 493,058
 467,289
 525,041
 517,138
 492,102
 504,444
 516,424
 474,947
 492,027
 517,380
 507,481
 471,847
 481,932
 486,149
 491,367
 490,645
 483,530
 476,346
 491,459
 473,048
 502,624
 485,146
 490,377
 497,059
 471,814
 495,409
 474,890
 479,919
 456,659
 500,475
 471,706
 496,793
 460,085
 478,890
 490,155
 497,026
 517,726
 478,394
 516,810
 502,160
 494,637
 518,436
 519,956
 506,870
 459,939
 488,284
 488,619
 506,094
 517,302
 504,094
 494,119
 502,806
 490,897
 491,099
 489,343
 494,151
 501,512
 472,581
 519,694
 469,412
 484,755
 497,445
 498,720
 521,462
 478,544
 463,448
 456,314
 519,973
 488,804
 518,509
 519,995
 509,605
 491,131
 497,342
 460,758
 518,362
 500,292
 482,543
 465,430
 493,882
 503,544
 472,397
 503,264
 492,697
 473,629
 504,123
 507,220
 455,065
 513,329
 485,887
 494,023
 504,531
 498,663
 469,133
 494,081
 498,540
 470,297
 503,736
 507,143
 469,492
 500,325
 511,822
 504,013
 477,232
 511,033
 458,260
 478,485
 506,420
 500,307
 480,733
 475,759
 498,730
 466,068
 495,172
 539,784
 470,469
 479,619
 513,607
 501,859
 490,972
 485,822
 517,396
 516,521
 489,522
 482,423
 492,745
 498,283
 501,436
 515,522
 491,426
 500,310
 491,196
 505,921
 501,707
 497,145
 489,692
 504,797
 497,048
 504,820
 520,132
 486,928
 481,602
 493,427
 513,668
 508,754
 497,603
 540,564
 522,285
 496,570
 489,845
 496,873
 495,164
 467,321
 465,959
 508,113
 507,274
 500,685
 475,477
 540,607
 488,868
 505,223
 460,393
 484,944
 476,093
 511,742
 485,196
 494,727
 492,314
 491,837
 528,705
 498,680
 503,101
 529,878
 525,708
 496,686
 512,056
 476,729
 494,252
 495,279
 507,290
 497,862
 489,580
 505,693
 487,910
 511,284
 524,490
 502,436
 451,770
 513,348
 514,367
 482,683
 510,646
 502,703
 483,303
 508,451
 514,998
 504,457
 488,672
 465,247
 474,848
 502,696
 512,908
 504,173
 509,788
 502,461
 523,128
 500,161
 490,872
 511,928
 481,356
 487,188
 490,717
 493,298
 522,050
 496,588
 502,378
 473,279
 506,146
 485,066
 487,644
 517,848
 484,905
 464,626
 459,461
 509,192
 503,600
 498,941
 510,451
 526,535
 502,153
 512,613
 491,090
 515,421
 487,269
 495,177
 521,404
 495,303
 531,611
 521,150
 533,099
 488,903
 509,555
 501,628
 468,574
 508,421
 513,217
 491,291
 525,070
 506,069
 514,617
 532,298
 501,182
 518,625
 523,162
 501,776
 505,342
 517,097
 512,901
 515,472
 483,170
 525,876
 482,437
 534,031
 520,246
 477,154
 497,471
 484,759
 530,005
 526,807
 520,244
 529,153
 512,189
 501,038
 517,764
 544,087
 476,595
 515,126
 516,688
 510,661
 500,231
 520,961
 541,927
 545,290
 499,219
 472,278
 494,675
 533,679
 482,194
 487,584
 511,399
 526,845
 518,172
 475,685
 516,832
 487,448
 522,226
 522,716
 491,352
 515,532
 513,695
 515,141
 529,339
 509,598
 530,312
 478,450
 506,492
 513,827
 507,928
 504,713
 491,380
 524,979
 504,964
 503,962
 521,440
 511,555
 525,972
 528,173
 485,957
 514,169
 519,034
 492,758
 546,197
 495,000
 520,694
 494,548
 518,806
 516,489
 503,225
 509,950
 520,589
 520,563
 491,516
 504,518
 492,179
 503,625
 550,138
 481,187
 548,361
 507,014
 494,259
 518,070
 505,904
 484,165
 508,035
 514,189
 524,360
 517,083
 531,913
 528,851
 507,217
 502,346
 559,297
 497,469
 507,224
 541,012
 492,175
 507,490
 543,054
 538,269
 529,287
 536,564
 526,903
 573,041
 535,529
 503,914
 520,859
 517,912
 524,200
 487,795
 510,649
 502,702
 532,996
 528,424
 525,859
 520,818
 556,350
 502,368
 525,770
 512,369
 560,915
 507,396
 507,026
 549,400
 540,419
 504,991
 494,137
 516,199
 538,784
 498,000
 525,094
 501,690
 510,085
 497,692
 490,723
 518,226
 523,530
 514,144
 575,961
 507,876
 536,145
 516,233
 508,854
 554,893
 534,267
 527,512
 565,854
 502,464
 518,512
 534,105
 537,776
 527,779
 522,293
 490,703
 526,782
 521,839
 501,183
 527,357
 533,246
 550,719
 518,291
 539,511
 536,394
 530,225
 490,925
 517,776
 558,227
 534,053
 525,278
 543,430
 506,307
 535,596
 527,264
 536,094
 530,987
 542,065
 534,701
 514,121
 514,480
 533,595
 533,557
 508,329
 491,074
 489,882
 537,494
 522,613
 516,773
 497,464
 535,885
 555,249
 517,178
 543,011
 485,660
 527,095
 568,616
 526,224
 530,774
 558,551
 516,834
 544,835
 539,035
 512,305
 510,822
 534,987
 520,704
 541,924
 531,873
 509,482
 505,743
 532,667
 534,019
 571,245
 500,585
 506,012
 520,340
 512,402
 557,445
 554,779
 515,618
 526,868
 522,197
 533,728
 487,668
 514,549
 508,390
 511,874
 534,491
 556,581
 495,105
 516,350
 551,417
 531,492
 525,111
 507,715
 502,029
 533,778
 532,832
 520,436
 533,715
 551,035
 532,705
 529,420
 532,069
 522,885
 545,916
 516,912
 551,241
 522,071
 510,918
 549,180
 490,858
 527,026
 555,857
 511,000
 525,638
 555,535
 552,261
 557,380
 521,466
 503,345
 537,126
 562,465
 522,276
 546,231
 560,758
 528,626
 538,390
 518,533
 499,687
 531,069
 572,296
 544,664
 542,901
 514,519
 535,873
 508,587
 513,258
 526,530
 577,681
 496,320
 532,305
 545,698
 491,068
 523,050
 535,611
 549,394
 556,372
 536,516
 540,988
 525,889
 543,407
 543,715
 546,780
 516,079
 537,919
 533,273
 570,000
 579,853
 530,336
 527,062
 555,160
 518,728
 554,947
 538,313
 523,964
 562,181
 554,691
 521,616
 538,702
 531,838
 549,167
 498,914
 559,014
 508,716
 508,450
 519,365
 531,140
 568,529
 539,113
 559,754
 546,154
 528,656
 549,468
 494,688
 542,672
 539,056
 568,056
 516,168
 533,378
 508,418
 561,596
 540,735
 538,943
 522,956
 534,978
 514,648
 577,327
 530,068
 543,293
 524,541
 540,030
 517,846
 514,353
 535,602
 557,454
 538,078
 567,653
 520,236
 567,530
 564,367
 485,020
 556,830
 544,698
 526,449
 541,071
 537,386
 555,322
 558,786
 550,909
 546,154
 515,142
 530,515
 550,699
 539,168
 540,387
 527,876
 553,457
 549,702
 556,787
 566,707
 518,256
 521,182
 543,985
 578,790
 537,296
 512,673
 559,656
 538,406
 505,251
 532,366
 569,449
 524,301
 555,156
 557,173
 550,064
 547,720
 559,472
 522,461
 526,791
 541,578
 529,768
 533,253
 542,632
 527,966
 550,439
 567,616
 553,235
 594,351
 558,517
 534,280
 568,390
 583,231
 521,319
 528,091
 554,794
 540,079
 574,619
 544,786
 584,862
 558,200
 535,421
 581,336
 559,341
 570,550
 545,258
 550,842
 536,923
 586,791
 540,849
 571,580
 534,925
 565,610
 538,020
 560,915
 535,171
 536,814
 561,498
 530,683
 557,483
 540,034
 539,335
 500,752
 537,855
 576,477
 552,695
 532,506
 548,073
 538,001
 542,666
 558,404
 563,042
 555,883
 552,727
 593,561
 551,794
 537,067
 571,857
 583,257
 564,300
 555,122
 550,825
 599,214
 533,272
 521,719
 575,665
 499,081
 546,890
 547,430
 550,915
 547,346
 564,788
 493,886
 580,273
 574,193
 574,078
 548,106
 549,255
 586,824
 556,535
 575,534
 569,290
 572,832
 549,583
 616,018
 524,462
 574,837
 573,692
 536,591
 558,853
 540,452
 590,431
 589,730
 522,172
 583,386
 542,360
 545,651
 554,767
 560,362
 560,560
 559,015
 561,676
 577,538
 534,770
 574,816
 527,877
 553,404
 558,223
 560,676
 553,591
 579,767
 530,419
 500,750
 551,492
 557,914
 565,114
 551,123
 529,809
 567,871
 579,768
 574,666
 550,393
 556,509
 554,948
 555,030
 585,338
 549,327
 554,465
 559,255
 608,611
 550,350
 534,645
 539,103
 554,398
 569,890
 575,543
 540,966
 584,149
 594,430
 554,688
 557,280
 553,252
 597,998
 556,804
 572,592
 603,456
 531,802
 586,909
 593,556
 607,122
 586,522
 545,079
 560,441
 537,813
 570,845
 594,305
 560,487
 560,600
 587,970
 558,913
 577,820
 554,393
 590,997
 574,680
 576,867
 574,721
 552,994
 581,284
 592,819
 589,158
 550,117
 566,306
 562,287
 588,851
 553,368
 527,248
 572,982
 556,272
 593,611
 551,100
 586,803
 552,461
 565,306
 574,136
 561,808
 569,763
 518,372
 548,728
 565,130
 592,994
 585,324
 566,477
 574,234
 550,233
 595,231
 548,297
 566,065
 544,194
 581,794
 585,209
 578,891
 554,387
 552,830
 603,963
 594,486
 571,941
 570,426
 573,999
 579,350
 578,971
 556,810
 575,726
 575,868
 549,482
 578,555
 564,725
 611,304
 590,272
 569,512
 569,170
 560,703
 585,107
 557,583
 554,365
 602,418
 573,282
 616,958
 563,254
 569,458
 597,767
 574,482
 552,181
 579,478
 598,829
 596,046
 588,894
 568,137
 611,229
 545,706
 580,753
 563,342
 567,432
 558,680
 588,774
 612,263
 585,991
 577,626
 571,446
 580,117
 618,713
 580,419
 565,710
 556,775
 563,515
 574,404
 586,068
 590,417
 571,867
 586,129
 592,067
 571,360
 567,309
 558,834
 574,369
 558,791
 610,874
 574,177
 577,838
 603,364
 574,013
 569,246
 565,481
 579,180
 590,548
 618,444
 541,226
 595,159
 558,951
 581,555
 588,866
 591,259
 593,458
 612,552
 610,394
 605,084
 567,025
 560,192
 585,537
 573,484
 564,202
 581,226
 583,624
 574,143
 577,691
 581,623
 593,679
 598,749
 582,012
 616,183
 587,002
 584,506
 590,939
 568,910
 606,429
 572,954
 579,462
 587,107
 578,054
 591,359
 599,453
 561,406
 563,396
 555,571
 603,848
 559,449
 568,707
 584,875
 574,451
 566,847
 580,065
 578,260
 591,506
 595,240
 593,031
 588,987
 575,751
 578,554
 576,464
 577,477
 597,062
 540,407
 573,658
 594,382
 590,849
 586,103
 561,655
 588,721
 592,575
 583,071
 636,422
 586,066
 590,106
 583,137
 605,315
 559,352
 562,677
 575,112
 570,112
 590,317
 590,508
 599,151
 560,699
 583,349
 588,191
 593,618
 584,122
 600,956
 601,913
 591,712
 596,993
 561,900
 598,314
 584,182
 566,330
 588,953
 638,034
 595,437
 589,014
 618,054
 596,858
 574,867
 572,647
 600,884
 605,404
 620,652
 581,858
 596,353
 566,561
 604,828
 567,359
 579,373
 614,388
 637,448
 608,682
 576,993
 600,477
 609,545
 608,582
 590,597
 594,461
 598,888
 575,583
 603,634
 582,360
 603,093
 576,765
 582,579
 581,916
 582,901
 600,779
 578,724
 614,399
 602,554
 591,540
 607,343
 605,586
 602,606
 627,414
 607,520
 566,198
 577,727
 614,514
 614,589
 601,543
 611,430
 581,056
 585,257
 570,967
 569,998
 597,228
 578,044
 601,875
 618,231
 598,571
 609,249
 615,849
 613,842
 659,352
 605,204
 621,815
 614,875
 628,828
 613,654
 599,980
 545,185
 599,899
 622,823
 596,621
 598,588
 596,690
 607,224
 568,075
 603,585
 603,206
 607,266
 572,268
 500,444
 595,730
 612,670
 630,659
 601,514
 619,870
 610,064
 595,279
 575,018
 596,150
 611,719
 593,354
 614,329
 621,936
 602,747
 573,606
 620,451
 599,108
 612,565
 586,936
 591,150
 593,699
 596,100
 628,460
 596,399
 620,183
 611,884
 628,034
 625,113
 592,375
 624,351
 616,708
 616,985
 626,162
 606,510
 587,741
 595,306
 608,898
 608,377
 619,813
 607,132
 609,081
 640,536
 626,011
 585,779
 591,720
 627,956
 598,084
 615,878
 637,428
 673,030
 615,850
 640,504
 652,488
 606,374
 678,329
 605,557
 606,297
 605,864
 618,992
 642,629
 607,766
 606,905
 626,013
 594,450
 612,349
 610,967
 589,149
 589,302
 610,510
 606,768
 593,369
 635,885
 582,236
 609,613
 630,400
 629,109
 632,999
 628,201
 651,518
 627,647
 622,692
 616,629
 640,141
 613,707
 634,875
 596,968
 649,520
 583,564
 652,436
 604,225
 632,833
 612,398
 639,592
 638,461
 625,198
 621,039
 627,661
 560,517
 619,591
 606,954
 604,567
 646,598
 610,770
 670,646
 683,108
 611,792
 650,198
 629,722
 610,588
 638,920
 649,503
 605,100
 618,950
 644,436
 630,885
 599,497
 660,826
 596,233
 649,421
 640,392
 627,332
 611,713
 653,382
 611,153
 639,846
 629,808
 650,734
 640,643
 631,631
 626,481
 626,830
 655,338
 623,339
 630,568
 635,934
 666,014
 640,434
 622,011
 654,732
 624,903
 603,124
 631,041
 599,164
 676,082
 662,918
 633,089
 609,699
 653,609
 619,133
 655,497
 669,327
 629,000
 651,365
 639,866
 622,585
 638,502
 630,426
 621,351
 667,231
 641,911
 598,815
 644,522
 665,783
 644,066
 592,109
 637,332
 665,033
 632,079
 647,521
 658,060
 639,245
 651,687
 620,093
 622,674
 633,599
 631,887
 646,373
 637,522
 620,040
 639,939
 657,885
 635,393
 663,365
 607,408
 645,533
 618,376
 664,287
 668,924
 664,436
 668,669
 631,867
 677,786
 651,411
 660,395
 633,047
 660,099
 675,386
 654,072
 658,539
 619,343
 665,763
 689,310
 679,774
 652,623
 685,404
 654,453
 644,216
 652,802
 651,908
 682,256
 684,107
 646,130
 637,511
 620,608
 654,543
 688,486
 668,522
 655,009
 668,089
 687,494
 685,483
 673,931
 638,000
 674,879
 683,902
 670,618
 667,404
 655,483
 619,210
 716,619
 692,067
 653,231
 696,089
 676,980
 667,026
 679,157
 683,268
 668,065
 696,229
 672,655
 674,872
 653,499
 672,558
 647,013
 653,151
 686,401
 694,804
 714,491
 672,235
 676,913
 667,118
 694,253
 703,845
 704,891
 660,764
 705,445
 650,124
 607,463
 654,718
 669,320
 686,048
 676,395
 687,437
 661,159
 706,632
 674,081
 696,443
 644,633
 668,844
 685,909
 659,212
 697,639
 671,326
 668,319
 709,879
 697,049
 671,328
 685,201
 662,689
 679,727
 686,217
 672,167
 689,535
 698,858
 645,140
 630,781
 687,852
 679,746
 688,749
 690,267
 722,271
 681,733
 730,809
 700,088
 669,500
 717,612
 690,971
 677,551
 686,276
 706,182
 703,252
 705,758
 688,973
 699,067
 714,370
 684,753
 745,255
 734,113
 749,579
 654,975
 698,675
 726,653
 671,517
 709,725
 737,724
 712,002
 718,039
 680,729
 694,583
 711,264
 732,456
 745,436
 668,787
 713,882
 722,860
 738,965
 725,136
 765,866
 712,873
 715,244
 706,368
 732,402
 724,337
 738,742
 708,867
 735,120
 735,276
 734,441
 749,644
 757,532
 705,780
 702,237
 750,766
 747,826
 745,671
 741,649
 692,521
 722,325
 711,343
 756,442
 723,197
 712,087
 751,832
 697,328
 765,228
 714,027
 761,882
 783,876
 762,904
 793,711
 743,246
 736,482
 753,958
 767,578
 737,381
 746,434
 744,260
 766,059
 761,570
 779,092
 752,601
 763,481
 779,616
 727,560
 750,113
 791,517
 798,552
 833,214
 779,510
 772,168
 768,500
 832,369
 779,483
 764,499
 784,259
 808,297
 798,392
 804,794
 772,213
 761,102
 796,129
 807,890
 813,234
 817,778
 790,687
 795,123
 809,293
 826,443
 786,393
 825,999
 797,739
 843,200
 786,605
 814,650
 841,345
 823,238
 833,847
 779,386
 818,547
 832,676
 852,316
 823,103
 830,257
 841,763
 903,609
 832,754
 807,868
 843,443
 874,398
 852,529
 844,402
 882,445
 877,724
 879,046
 867,285
 869,276
 864,015
 911,354
 892,541
 859,185
 857,060
 840,391
 853,146
 883,939
 873,165
 874,051
 874,098
 906,101
 879,975
 891,615
 881,452
 891,851
 911,891
 876,389
 900,650
 871,499
 876,520
 904,084
 925,765
 920,095
 896,314
 920,300
 920,925
 915,165
 892,174
 891,714
 958,300
 947,362
 944,222
 944,669
 954,389
 962,883
 938,550
 961,871
 963,432
 900,691
 961,935
 947,664
 991,957
 969,773
 978,673
 977,304
 998,345
 1000,301
 1000,194
 1020,799
 1032,150
 1005,586
 1026,949
 977,197
 1034,861
 1041,917
 1044,726
 1018,917
 1058,844
 1013,921
 1026,683
 1032,431
 1014,880
 1029,266
 1041,740
 1092,659
 1046,502
 1061,865
 1065,324
 1090,924
 1105,611
 1042,571
 1088,289
 1082,408
 1099,047
 1070,968
 1090,027
 1097,069
 1044,618
 1102,057
 1103,337
 1058,112
 1101,363
 1113,270
 1127,245
 1075,779
 1082,951
 1154,014
 1095,229
 1147,851
 1138,594
 1169,391
 1142,516
 1160,741
 1129,274
 1205,836
 1197,975
 1165,747
 1186,970
 1154,137
 1203,523
 1181,558
 1202,053
 1192,304
 1189,683
 1211,975
 1210,791
 1228,191
 1198,285
 1278,326
 1237,292
 1255,405
 1219,042
 1251,129
 1244,684
 1271,878
 1228,439
 1292,216
 1285,895
 1245,332
 1279,671
 1303,416
 1280,874
 1294,340
 1335,860
 1295,793
 1352,423
 1301,698
 1338,392
 1322,388
 1352,147
 1333,474
 1385,597
 1353,775
 1346,479
 1368,140
 1371,244
 1367,718
 1375,805
 1419,386
 1400,770
 1398,107
 1357,927
 1420,449
 1414,565
 1427,246
 1434,165
 1418,041
 1460,257
 1433,405
 1513,955
 1432,716
 1431,192
 1475,644
 1461,756
 1425,719
 1436,320
 1460,749
 1453,888
 1492,826
 1499,537
 1511,507
 1502,623
 1516,331
 1521,338
 1541,746
 1581,139
 1549,975
 1523,504
 1532,754
 1556,747
 1572,815
 1597,656
 1569,368
 1591,392
 1587,367
 1596,317
 1634,327
 1585,083
 1633,187
 1611,146
 1572,304
 1631,404
 1615,290
 1608,036
 1632,782
 1629,781
 1669,081
 1668,676
 1667,336
 1674,990
 1732,330
 1762,142
 1709,453
 1712,738
 1709,492
 1696,556
 1758,480
 1772,202
 1720,223
 1742,848
 1755,742
 1707,240
 1694,932
 1780,966
 1789,992
 1727,449
 1783,732
 1804,786
 1818,189
 1813,019
 1817,263
 1836,660
 1811,007
 1861,167
 1836,657
 1836,199
 1907,873
 1887,929
 1897,728
 1898,950
 1882,921
 1849,538
 1890,642
 1904,058
 1951,420
 1954,261
 1931,339
 1938,628
 1927,389
 1926,952
 1951,505
 1995,140
 1971,692
 2036,241
 1976,919
 2009,604
 1944,542
 2062,239
 2002,898
 2025,457
 2043,693
 2010,263
 2057,660
 2061,292
 2014,376
 2060,942
 2061,496
 2068,764
 2078,799
 2137,416
 2109,498
 2091,409
 2098,834
 2146,059
 2107,341
 2147,901
 2112,401
 2177,297
 2151,136
 2164,583
 2193,730
 2149,029
 2240,637
 2248,429
 2220,476
 2223,992
 2220,266
 2223,305
 2232,112
 2213,024
 2286,526
 2220,236
 2258,905
 2244,887
 2251,421
 2357,040
 2262,218
 2311,018
 2318,111
 2341,471
 2315,113
 2303,590
 2289,307
 2312,974
 2320,676
 2384,318
 2339,734
 2337,209
 2373,453
 2415,954
 2413,758
 2370,044
 2358,497
 2403,891
 2438,394
 2472,098
 2462,644
 2431,137
 2470,945
 2456,927
 2455,291
 2429,854
 2521,420
 2515,172
 2523,062
 2435,487
 2491,806
 2499,799
 2513,947
 2512,846
 2574,788
 2539,848
 2436,444
 2545,907
 2591,659
 2529,382
 2550,340
 2603,055
 2652,198
 2643,168
 2616,866
 2662,202
 2629,215
 2633,173
 2731,019
 2648,986
 2692,989
 2707,042
 2690,965
 2665,969
 2707,150
 2766,995
 2732,131
 2664,851
 2739,125
 2785,086
 2665,135
 2724,805
 2750,481
 2802,308
 2796,141
 2732,507
 2753,708
 2812,327
 2761,861
 2825,634
 2762,518
 2800,683
 2841,301
 2847,165
 2860,046
 2854,371
 2856,119
 2950,554
 2884,756
 2882,659
 2869,893
 2918,518
 2960,827
 2867,146
 2887,163
 2918,582
 2927,210
 2909,999
 2985,101
 3029,736
 2937,234
 2965,534
 3017,880
 3030,857
 3011,951
 2973,511
 3060,432
 3017,756
 3019,756
 3070,799
 3023,896
 3050,477
 3106,958
 3093,173
 3095,709
 3118,143
 3104,307
 3121,603
 3134,791
 3190,304
 3221,934
 3161,497
 3161,883
 3197,802
 3179,749
 3200,527
 3134,312
 3152,615
 3216,358
 3229,692
 3189,733
 3230,600
 3189,578
 3241,444
 3281,343
 3288,544
 3281,328
 3202,353
 3262,809
 3236,775
 3251,832
 3252,318
 3276,916
 3256,585
 3324,429
 3299,385
 3349,717
 3378,483
 3275,638
 3433,112
 3342,751
 3385,414
 3336,312
 3405,659
 3346,606
 3378,653
 3405,494
 3370,263
 3426,052
 3371,780
 3404,969
 3363,037
 3428,188
 3454,830
 3449,411
 3321,205
 3461,912
 3473,518
 3434,413
 3449,682
 3388,489
 3429,507
 3433,730
 3491,628
 3476,964
 3529,525
 3543,701
 3506,493
 3522,669
 3439,958
 3503,963
 3489,200
 3542,626
 3525,731
 3520,054
 3489,462
 3594,005
 3555,562
 3605,100
 3517,156
 3541,981
 3585,416
 3580,682
 3574,102
 3609,726
 3576,937
 3619,560
 3666,311
 3561,317
 3589,858
 3582,189
 3612,007
 3687,182
 3673,863
 3593,690
 3706,372
 3726,039
 3612,318
 3681,736
 3647,622
 3706,883
 3608,809
 3664,797
 3704,514
 3662,836
 3699,994
 3709,100
 3654,338
 3675,330
 3630,765
 3679,130
 3665,198
 3758,273
 3666,152
 3749,226
 3721,429
 3688,028
 3698,482
 3714,776
 3798,701
 3694,355
 3699,485
 3725,186
 3740,563
 3687,798
 3758,160
 3771,990
 3683,915
 3784,399
 3773,872
 3776,331
 3778,098
 3786,364
 3775,539
 3759,911
 3815,898
 3770,294
 3789,931
 3824,649
 3812,754
 3798,380
 3834,306
 3811,667
 3769,846
 3879,784
 3823,517
 3787,955
 3806,540
 3913,917
 3833,631
 3858,267
 3851,533
 3871,152
 3846,932
 3871,930
 3864,509
 3902,928
 3862,867
 3857,834
 3918,436
 3913,747
 3897,251
 3913,333
 3941,056
 3907,701
 3956,652
 3916,852
 3906,561
 3901,088
 3923,804
 3910,286
 3839,249
 3939,773
 3925,757
 3878,928
 4023,378
 3959,363
 3933,993
 4000,912
 3971,079
 3980,370
 3969,096
 3983,182
 4011,382
 3988,718
 3975,750
 3966,391
 4014,645
 4032,525
 4032,854
 4044,871
 4018,946
 4036,699
 4105,677
 4108,299
 4060,512
 4046,025
 4060,825
 4039,697
 4027,932
 4090,417
 4090,558
 4127,732
 4090,088
 4106,963
 4077,033
 4119,828
 4122,745
 4119,907
 4072,383
 4177,431
 4080,015
 4040,161
 4151,151
 4167,010
 4090,498
 4080,476
 4165,879
 4113,632
 4196,849
 4153,654
 4180,119
 4142,933
 4246,416
 4123,802
 4180,389
 4223,553
 4144,422
 4217,468
 4171,268
 4200,066
 4142,341
 4175,036
 4180,376
 4196,256
 4170,183
 4214,336
 4186,730
 4151,949
 4217,419
 4219,110
 4172,353
 4194,920
 4294,123
 4265,043
 4313,180
 4284,839
 4178,362
 4288,130
 4279,308
 4237,831
 4272,476
 4232,308
 4243,176
 4217,548
 4305,113
 4307,649
 4290,589
 4344,882
 4316,932
 4244,642
 4316,922
 4312,158
 4339,292
 4321,621
 4333,675
 4306,659
 4317,128
 4372,794
 4331,762
 4328,168
 4259,879
 4334,606
 4359,983
 4383,184
 4412,758
 4351,243
 4363,951
 4263,128
 4414,263
 4418,629
 4371,630
 4394,217
 4395,167
 4397,133
 4347,495
 4417,876
 4355,503
 4376,563
 4362,270
 4341,681
 4386,091
 4480,270
 4386,781
 4426,059
 4436,432
 4481,047
 4455,457
 4461,105
 4389,293
 4446,204
 4464,592
 4389,173
 4368,539
 4459,911
 4472,137
 4408,094
 4373,301
 4545,255
 4541,345
 4478,803
 4414,834
 4470,445
 4513,520
 4524,853
 4501,026
 4485,502
 4472,292
 4538,745
 4478,683
 4499,987
 4579,228
 4525,313
 4537,975
 4529,150
 4544,324
 4449,798
 4466,302
 4513,784
 4492,733
 4481,130
 4574,053
 4487,981
 4531,307
 4515,397
 4508,151
 4514,763
 4516,359
 4540,190
 4542,779
 4530,756
 4584,735
 4566,040
 4611,873
 4584,999
 4525,810
 4511,528
 4505,095
 4567,747
 4539,916
 4516,715
 4540,425
 4525,040
 4660,682
 4557,895
 4637,543
 4474,732
 4565,458
 4529,290
 4591,295
 4516,988
 4541,472
 4616,720
 4568,740
 4516,032
 4585,145
 4619,302
 4601,083
 4548,506
 4561,653
 4618,228
 4600,261
 4575,298
 4565,846
 4534,276
 4549,989
 4533,887
 4582,935
 4613,655
 4612,917
 4592,755
 4631,812
 4685,223
 4591,663
 4588,886
 4643,556
 4575,219
 4633,592
 4636,398
 4572,673
 4592,224
 4595,352
 4606,916
 4612,535
 4527,705
 4683,683
 4621,482
 4685,511
 4606,126
 4648,906
 4588,031
 4629,725
 4594,028
 4662,677
 4661,985
 4611,985
 4658,646
 4547,533
 4704,762
 4655,755
 4707,115
 4621,256
 4665,410
 4745,535
 4705,450
 4688,795
 4534,078
 4630,792
 4581,082
 4707,997
 4582,766
 4611,064
 4700,320
 4667,130
 4683,959
 4627,644
 4650,603
 4677,139
 4723,669
 4629,997
 4734,233
 4655,023
 4636,802
 4717,678
 4726,980
 4716,168
 4642,974
 4668,840
 4647,852
 4665,559
 4624,748
 4632,145
 4677,841
 4697,037
 4614,607
 4682,796
 4637,476
 4673,049
 4646,923
 4689,073
 4684,620
 4672,840
 4593,562
 4717,655
 4652,263
 4718,319
 4691,851
 4668,105
 4620,948
 4729,628
 4658,584
 4670,181
 4719,041
 4656,392
 4697,868
 4651,793
 4685,864
 4690,489
 4630,879
 4675,956
 4764,837
 4746,022
 4696,031
 4615,378
 4702,930
 4691,603
 4715,750
 4641,316
 4740,054
 4738,930
 4667,791
 4681,799
 4660,454
 4679,669
 4613,161
 4631,899
 4691,791
 4638,293
 4700,782
 4708,570
 4687,751
 4636,855
 4698,631
 4676,413
 4645,398
 4666,270
 4685,850
 4772,520
 4695,836
 4676,036
 4698,812
 4671,196
 4636,454
 4661,243
 4709,420
 4659,611
 4610,817
 4707,907
 4663,483
 4715,923
 4654,281
 4648,684
 4643,582
 4683,552
 4658,444
 4726,288
 4646,539
 4647,111
 4684,348
 4618,303
 4724,520
 4624,165
 4615,060
 4627,695
 4694,331
 4650,276
 4652,991
 4571,430
 4633,931
 4767,892
 4614,585
 4657,733
 4697,576
 4702,464
 4689,632
 4638,314
 4583,865
 4664,566
 4665,166
 4641,923
 4653,073
 4651,622
 4602,935
 4688,829
 4657,179
 4673,097
 4708,881
 4646,475
 4761,656
 4583,298
 4560,451
 4686,559
 4695,955
 4641,978
 4666,319
 4689,800
 4666,642
 4608,186
 4701,848
 4617,714
 4603,335
 4668,157
 4580,111
 4633,743
 4660,599
 4527,627
 4599,888
 4552,340
 4678,075
 4673,064
 4565,588
 4689,889
 4666,449
 4626,678
 4580,235
 4618,480
 4588,918
 4549,932
 4606,733
 4631,970
 4575,730
 4671,610
 4551,417
 4642,302
 4611,577
 4614,412
 4646,577
 4672,662
 4636,927
 4574,209
 4696,511
 4613,618
 4589,327
 4573,872
 4556,430
 4618,689
 4593,730
 4618,334
 4629,008
 4630,006
 4548,893
 4562,916
 4600,882
 4554,118
 4584,189
 4630,547
 4613,947
 4569,194
 4578,904
 4554,779
 4643,233
 4589,163
 4578,542
 4610,207
 4608,905
 4567,078
 4647,647
 4624,342
 4563,285
 4558,994
 4551,926
 4521,238
 4551,719
 4577,787
 4531,093
 4513,183
 4624,282
 4609,073
 4549,480
 4569,532
 4592,838
 4564,543
 4584,942
 4620,204
 4506,771
 4556,049
 4617,532
 4570,047
 4545,057
 4552,813
 4557,236
 4596,429
 4549,668
 4535,281
 4539,138
 4550,416
 4535,562
 4561,070
 4609,956
 4531,492
 4478,639
 4548,255
 4486,385
 4544,212
 4557,841
 4596,572
 4577,764
 4564,327
 4536,203
 4559,825
 4470,631
 4509,909
 4502,107
 4503,157
 4523,707
 4478,069
 4506,495
 4462,338
 4465,118
 4504,859
 4469,719
 4500,961
 4498,358
 4450,468
 4549,192
 4556,234
 4512,286
 4484,789
 4527,737
 4450,901
 4473,905
 4531,977
 4496,659
 4503,714
 4454,892
 4486,387
 4499,739
 4562,095
 4459,503
 4452,317
 4442,999
 4448,236
 4472,914
 4459,340
 4492,832
 4365,142
 4422,076
 4509,401
 4412,347
 4425,132
 4433,433
 4457,472
 4460,659
 4462,784
 4387,969
 4418,912
 4455,337
 4500,691
 4443,602
 4348,962
 4408,556
 4426,688
 4434,402
 4376,321
 4403,378
 4418,353
 4469,599
 4445,594
 4399,854
 4446,160
 4465,921
 4365,167
 4481,691
 4425,402
 4400,452
 4437,257
 4516,913
 4455,719
 4364,341
 4380,707
 4335,120
 4398,950
 4388,612
 4364,619
 4372,975
 4383,446
 4378,696
 4379,792
 4418,030
 4398,207
 4383,446
 4359,547
 4355,310
 4286,555
 4361,739
 4388,074
 4325,998
 4307,902
 4336,700
 4330,609
 4311,287
 4308,011
 4346,737
 4408,354
 4352,810
 4249,040
 4370,718
 4377,838
 4357,125
 4235,527
 4342,326
 4183,189
 4326,165
 4336,966
 4316,363
 4333,869
 4283,266
 4318,892
 4264,112
 4370,765
 4360,435
 4291,468
 4268,926
 4326,944
 4380,785
 4302,104
 4364,510
 4272,055
 4325,771
 4251,590
 4237,899
 4348,994
 4299,916
 4257,521
 4254,739
 4187,568
 4242,687
 4291,357
 4268,281
 4308,219
 4338,754
 4327,955
 4364,288
 4218,200
 4276,585
 4252,058
 4305,600
 4289,488
 4272,790
 4246,566
 4289,204
 4190,033
 4228,140
 4289,684
 4219,515
 4234,799
 4299,957
 4245,689
 4263,071
 4243,032
 4225,964
 4278,878
 4188,394
 4243,597
 4187,010
 4218,322
 4194,764
 4231,865
 4148,531
 4163,844
 4252,064
 4173,601
 4241,135
 4274,545
 4208,627
 4270,025
 4227,048
 4148,133
 4161,903
 4189,876
 4203,748
 4153,651
 4184,477
 4211,632
 4129,413
 4223,788
 4211,275
 4221,120
 4186,632
 4164,529
 4206,309
 4124,708
 4227,094
 4161,815
 4168,422
 4204,172
 4246,286
 4169,859
 4159,424
 4164,682
 4093,791
 4199,639
 4131,195
 4161,728
 4140,563
 4200,564
 4218,664
 4181,917
 4157,119
 4043,848
 4080,052
 4176,713
 4136,191
 4105,919
 4122,863
 4077,269
 4066,073
 4108,933
 4088,022
 4154,896
 4051,254
 4135,703
 4119,787
 4129,262
 4119,224
 4096,544
 4094,387
 4137,055
 4106,598
 4040,071
 4091,277
 4145,953
 4075,529
 4155,421
 4114,175
 4116,513
 4085,009
 4126,258
 4093,933
 4069,036
 4084,394
 4034,831
 4091,517
 4036,237
 4031,009
 4059,375
 4014,088
 4057,684
 4077,304
 4004,182
 4066,190
 4007,979
 4074,866
 4071,651
 4131,783
 4051,091
 4006,871
 4059,985
 4061,818
 4068,382
 4051,994
 4067,250
 4076,932
 4008,579
 3986,165
 3970,463
 4011,460
 4036,853
 4054,467
 3966,086
 3996,541
 3906,087
 4008,332
 4029,171
 3978,678
 3988,516
 4025,482
 4081,943
 4043,299
 3904,446
 3961,973
 4006,799
 3939,744
 3938,747
 3959,872
 3931,461
 4008,034
 3958,046
 4038,479
 3891,177
 3885,257
 3988,074
 3952,836
 3993,097
 3938,496
 4019,014
 3919,335
 3909,348
 3949,587
 3883,072
 3903,092
 3899,685
 3897,512
 3893,397
 3933,767
 3900,108
 3885,430
 3926,845
 3919,629
 3839,914
 3888,060
 3888,128
 3958,749
 3858,405
 3931,730
 3927,907
 3820,390
 3899,207
 3838,572
 3876,895
 3888,195
 3923,657
 3897,800
 3842,873
 3823,075
 3820,079
 3916,734
 3879,653
 3800,980
 3873,981
 3793,547
 3805,386
 3819,346
 3882,914
 3862,668
 3821,779
 3854,634
 3827,809
 3821,151
 3844,426
 3829,949
 3829,429
 3750,458
 3823,741
 3801,921
 3836,453
 3797,417
 3869,369
 3818,999
 3861,883
 3820,336
 3830,396
 3765,235
 3740,218
 3753,045
 3739,902
 3746,220
 3776,867
 3754,532
 3679,561
 3698,290
 3763,762
 3762,676
 3768,437
 3782,233
 3746,942
 3684,319
 3792,989
 3711,800
 3760,621
 3756,697
 3718,455
 3690,902
 3688,239
 3678,216
 3724,604
 3661,902
 3760,822
 3635,673
 3646,174
 3697,877
 3682,950
 3697,743
 3630,781
 3653,421
 3695,823
 3675,355
 3723,964
 3681,413
 3649,514
 3656,622
 3580,162
 3579,585
 3625,508
 3652,964
 3637,207
 3634,956
 3591,176
 3573,006
 3641,409
 3556,625
 3581,861
 3649,925
 3615,093
 3498,438
 3559,345
 3595,539
 3615,072
 3609,643
 3675,217
 3599,171
 3559,737
 3649,712
 3555,868
 3560,429
 3537,442
 3557,040
 3605,028
 3531,923
 3551,831
 3527,962
 3586,347
 3553,363
 3547,332
 3600,532
 3583,767
 3548,331
 3566,863
 3568,295
 3549,049
 3541,439
 3591,516
 3556,596




























































































































































































































































































































































































































































































































































































































































































































































































































































































































































































































































































































































































































































































































































































































































































































































































































































































































































































































































































































































































































































































































































































































































































































































































































































































































































































































































































































































































































































































































































































































































































































































































































































































































































































































































































































































































































































































































































































































































































































































































































































































































































































































































































































































































































































































































































































































































































































































































































































































































































































































































































































































































































































































































































































































































































































































































































































































































































































































































































































































































































































































































































































































































































































































































































































































































































































































































































































































































































































































































































































































































































































































































































































































































































































































































































































































































































































































































































































































































































































































































































































































































































































































































































































































































































































































































































































































































































































































































































































































































































































































































































































































































































































































































































































































































































































































































































































































































































































































































































































































































































































































































































































































































































































































































































































































































































































































































































































































































































































































































































































































































































































































































































































































































































































































































































































































































































































































































































































































































































































































































































































































































































































































































































































































































































































































































































































































































































































































































































































































































































































































































































































































































































































































































































































































































































































































































































































































































































































































































































































































































































































































































































































































































































































































































































































































































































































































































































































































































































































































































































































































































































































































































































































































































































































































































































































































































































































































































































































































































































































































































































































































































































































































































































































































































































































































































































































































































































































































































































































































































































































































































































































































































































































































































































































































































































































































































































































































































































































































































































































































































































































































































































































































































































































































































































































































































































































































































































































































































































































































































































































































































































































































































































































































































































































































































































































































































































































































































































































































































































































































































































































































































































































































































































































































































































































































































































































































































































































































































































































































































































































































































































































































































































































































































































































































































































































































































































































































































































































































































































































































































































































































































































































































































































































































































































































































































































































































































































































































































































































































































































































































































































































































































































































































































































































































































































































































































































































































































































































































































































































































































































































































































































































































































































































































































































































































































































































































































































































































































































































































































































































































































































































































































































































































































































































































































































































































































































































































































































































































































































































































































































































































































































































































































































































































































































































































































































































































































































































































































































































































































































































































































































































































































































































































































































































































































































































































































































































































































































































































































































































































































































































































































































































































































































































































































































































































































































































































































































































































































































































































































































































































































































































































































































































































































































































































































































































































































































































































































































































































































































































































































































































































































































































































































































































































































