 653,317
 667,946
 640,876
 653,585
 643,522
 615,640
 655,675
 660,738
 667,006
 637,780
 664,985
 659,843
 626,767
 673,763
 666,301
 645,725
 653,954
 674,877
 649,419
 627,066
 648,638
 646,204
 621,554
 644,148
 645,197
 623,954
 642,431
 664,520
 666,086
 685,470
 695,962
 706,602
 666,846
 694,474
 659,994
 639,456
 651,203
 670,238
 652,610
 667,774
 669,504
 704,294
 639,472
 655,133
 627,933
 646,951
 628,375
 676,214
 678,651
 693,253
 669,919
 635,956
 645,079
 647,549
 673,068
 648,893
 671,275
 663,206
 662,151
 611,264
 682,880
 625,763
 683,522
 653,983
 663,483
 657,357
 652,261
 676,114
 634,092
 673,609
 685,223
 634,132
 680,226
 712,289
 655,704
 688,593
 679,777
 701,024
 677,006
 672,194
 685,446
 697,727
 669,784
 656,650
 671,990
 654,774
 646,209
 664,156
 667,178
 700,996
 689,433
 698,976
 701,226
 697,356
 655,085
 654,526
 708,788
 673,948
 688,555
 677,311
 677,275
 683,623
 679,081
 698,792
 673,711
 673,043
 699,372
 667,262
 680,515
 716,475
 699,013
 693,006
 703,730
 697,915
 683,877
 696,252
 689,546
 722,162
 695,579
 678,418
 682,517
 710,746
 636,131
 715,112
 690,442
 702,084
 679,484
 696,278
 667,296
 711,479
 683,522
 680,563
 708,358
 668,740
 707,740
 676,190
 699,491
 642,399
 691,634
 702,529
 672,367
 708,030
 710,503
 665,985
 701,585
 712,497
 717,929
 673,435
 691,200
 692,388
 677,852
 703,925
 696,990
 654,897
 665,128
 685,596
 689,777
 699,277
 726,176
 714,254
 697,435
 716,279
 694,495
 699,532
 712,410
 666,123
 681,530
 692,008
 678,119
 725,210
 715,552
 658,002
 686,819
 665,991
 723,368
 685,921
 719,319
 729,437
 711,237
 709,481
 696,690
 711,415
 685,718
 702,453
 702,247
 712,973
 716,494
 709,997
 699,643
 696,523
 698,606
 725,795
 705,491
 689,032
 702,424
 729,242
 715,030
 697,915
 700,861
 719,835
 706,990
 684,510
 677,965
 708,687
 706,974
 725,342
 724,811
 724,051
 688,426
 693,711
 711,741
 715,351
 724,547
 696,079
 715,352
 753,725
 698,276
 685,007
 734,547
 700,339
 692,096
 698,193
 735,686
 734,374
 723,894
 722,218
 722,780
 693,125
 742,578
 754,699
 692,487
 733,727
 691,800
 740,902
 733,967
 726,261
 724,716
 731,933
 741,110
 692,159
 738,083
 737,218
 742,173
 737,387
 751,172
 712,208
 701,857
 725,806
 724,767
 719,991
 747,207
 718,167
 707,234
 701,411
 697,816
 721,000
 731,491
 718,453
 746,550
 762,024
 744,862
 786,961
 754,665
 746,561
 753,656
 741,901
 795,773
 752,102
 691,960
 733,900
 701,236
 730,450
 717,416
 726,199
 733,586
 758,487
 745,599
 753,589
 736,162
 737,921
 749,649
 749,257
 752,042
 735,131
 717,299
 752,662
 767,886
 727,560
 760,950
 752,267
 773,669
 775,962
 759,644
 755,864
 770,945
 762,819
 777,074
 750,880
 784,965
 743,756
 769,577
 755,978
 761,164
 782,496
 820,142
 800,174
 772,689
 789,151
 766,210
 771,374
 758,632
 717,351
 778,964
 830,266
 765,056
 812,710
 751,363
 788,449
 759,447
 786,865
 812,591
 799,478
 749,690
 802,046
 784,183
 802,673
 806,933
 804,131
 797,714
 794,626
 801,360
 774,864
 806,525
 796,962
 777,415
 788,724
 831,055
 784,360
 817,304
 785,834
 796,972
 816,912
 778,290
 810,773
 801,967
 815,991
 840,562
 806,921
 813,685
 810,667
 818,628
 795,808
 825,245
 800,486
 796,898
 770,671
 819,748
 808,589
 790,412
 823,009
 848,150
 810,961
 810,414
 869,031
 842,559
 801,413
 835,412
 838,855
 836,505
 832,670
 860,056
 820,597
 816,100
 807,728
 810,803
 825,139
 828,944
 799,513
 826,087
 807,815
 855,811
 785,131
 825,423
 828,659
 857,979
 828,105
 806,686
 827,135
 828,365
 831,529
 843,285
 848,506
 866,510
 863,579
 815,194
 844,183
 849,382
 865,599
 832,153
 845,893
 838,916
 870,278
 877,607
 893,480
 836,908
 855,951
 916,872
 873,267
 889,660
 859,977
 871,245
 881,009
 853,303
 860,840
 852,275
 867,800
 896,601
 863,497
 904,251
 892,815
 889,052
 882,287
 869,480
 871,866
 834,797
 921,069
 900,461
 856,932
 867,813
 911,219
 903,113
 944,770
 925,695
 876,617
 854,822
 916,531
 932,182
 893,159
 903,527
 937,058
 898,422
 924,082
 874,831
 911,658
 899,143
 914,284
 919,719
 915,478
 921,817
 921,857
 926,370
 899,961
 915,317
 932,969
 898,461
 932,262
 931,611
 913,448
 908,363
 936,340
 942,151
 918,319
 913,937
 902,930
 935,205
 916,394
 921,603
 942,805
 918,540
 931,919
 919,950
 953,827
 927,224
 964,702
 923,503
 938,733
 984,161
 903,632
 920,546
 935,963
 939,918
 933,175
 933,356
 950,093
 946,689
 974,532
 942,086
 954,248
 995,488
 970,012
 970,912
 951,768
 976,903
 982,203
 984,334
 975,059
 979,247
 957,273
 956,346
 969,812
 994,792
 1021,234
 969,523
 1021,956
 962,382
 1000,702
 960,231
 990,613
 950,598
 969,789
 991,033
 1008,212
 1014,186
 1005,395
 1016,264
 1009,301
 1000,590
 1005,530
 990,038
 1020,110
 1007,778
 1028,820
 983,788
 1035,029
 979,773
 1024,527
 988,738
 1029,587
 1031,270
 1021,643
 1016,590
 996,032
 1044,265
 1059,644
 1029,184
 1042,601
 1026,293
 1042,348
 1018,609
 1055,659
 1024,315
 1039,235
 1044,114
 1061,633
 1069,364
 996,618
 1061,968
 1053,724
 1050,200
 1053,287
 1065,634
 1025,148
 1060,013
 1056,221
 1040,080
 1037,893
 1009,954
 1072,679
 1001,881
 1101,001
 1051,058
 1037,198
 1052,036
 1062,917
 1093,954
 1055,875
 1059,666
 1083,828
 1082,624
 1047,172
 1074,434
 1059,906
 1073,781
 1047,486
 1081,925
 1092,527
 1106,475
 1044,796
 1079,428
 1107,133
 1129,629
 1140,683
 1078,771
 1108,391
 1088,787
 1124,865
 1123,132
 1105,845
 1103,275
 1120,209
 1095,303
 1094,425
 1126,976
 1131,272
 1099,847
 1098,169
 1148,315
 1100,401
 1108,621
 1094,171
 1118,183
 1123,374
 1095,799
 1107,552
 1143,960
 1132,969
 1118,381
 1115,550
 1147,087
 1154,475
 1151,012
 1128,948
 1132,462
 1127,030
 1104,516
 1138,060
 1159,018
 1162,979
 1139,476
 1158,166
 1168,026
 1178,500
 1136,159
 1134,710
 1141,358
 1121,309
 1165,903
 1154,159
 1155,841
 1180,818
 1077,202
 1152,953
 1188,959
 1153,301
 1147,244
 1164,027
 1177,310
 1189,563
 1152,309
 1195,690
 1162,992
 1180,238
 1189,197
 1188,640
 1183,912
 1195,203
 1168,019
 1164,785
 1180,232
 1189,810
 1170,186
 1206,722
 1204,873
 1164,457
 1211,164
 1189,218
 1190,166
 1204,314
 1186,944
 1189,331
 1186,755
 1202,759
 1204,386
 1252,733
 1241,683
 1180,205
 1183,532
 1187,485
 1259,484
 1201,671
 1175,410
 1179,975
 1199,329
 1272,272
 1207,243
 1253,331
 1284,035
 1264,634
 1212,573
 1249,367
 1215,241
 1240,077
 1227,469
 1227,742
 1232,747
 1228,432
 1239,186
 1218,415
 1208,049
 1263,564
 1206,540
 1257,241
 1252,419
 1251,327
 1233,133
 1211,971
 1273,082
 1238,261
 1221,197
 1253,653
 1229,177
 1263,946
 1263,556
 1267,231
 1275,825
 1301,800
 1244,432
 1320,372
 1248,666
 1244,822
 1270,158
 1284,014
 1293,043
 1304,320
 1284,554
 1324,509
 1309,432
 1242,017
 1297,829
 1268,496
 1274,879
 1292,127
 1282,162
 1319,427
 1263,442
 1290,512
 1267,339
 1303,555
 1291,758
 1353,232
 1304,900
 1284,638
 1299,461
 1347,397
 1337,453
 1317,999
 1288,927
 1318,042
 1341,232
 1318,723
 1345,563
 1343,299
 1330,824
 1341,916
 1356,515
 1342,882
 1354,460
 1316,367
 1402,739
 1405,503
 1370,552
 1338,922
 1328,634
 1337,935
 1361,100
 1344,271
 1340,376
 1338,394
 1367,349
 1291,166
 1366,635
 1354,873
 1352,653
 1331,268
 1392,029
 1357,766
 1317,323
 1349,225
 1379,784
 1353,456
 1377,090
 1373,209
 1375,367
 1355,751
 1424,360
 1392,688
 1414,819
 1379,645
 1391,676
 1377,130
 1364,492
 1368,667
 1362,830
 1420,221
 1380,561
 1397,214
 1364,848
 1372,951
 1411,728
 1455,658
 1389,194
 1425,064
 1405,740
 1405,318
 1389,346
 1452,078
 1411,929
 1422,142
 1460,348
 1466,070
 1457,631
 1475,920
 1474,662
 1426,383
 1416,338
 1451,334
 1449,964
 1464,273
 1476,837
 1431,388
 1466,387
 1438,447
 1419,576
 1442,783
 1456,192
 1491,702
 1537,676
 1501,064
 1507,194
 1410,609
 1487,820
 1466,850
 1497,825
 1537,246
 1471,929
 1500,449
 1468,939
 1490,882
 1457,497
 1459,158
 1493,598
 1501,659
 1522,394
 1468,096
 1525,413
 1480,005
 1518,317
 1511,540
 1469,516
 1475,497
 1519,723
 1513,728
 1479,162
 1523,935
 1511,836
 1522,965
 1564,239
 1506,794
 1515,525
 1523,158
 1490,915
 1521,379
 1543,144
 1532,959
 1562,291
 1524,417
 1555,752
 1577,884
 1606,522
 1588,395
 1573,017
 1592,420
 1536,455
 1547,823
 1601,731
 1563,148
 1619,508
 1555,589
 1576,327
 1592,852
 1607,104
 1558,062
 1559,822
 1594,692
 1602,690
 1546,155
 1629,612
 1608,006
 1590,028
 1567,979
 1680,317
 1604,360
 1627,599
 1575,641
 1645,526
 1655,030
 1657,192
 1698,365
 1580,759
 1597,220
 1561,541
 1654,662
 1685,201
 1620,336
 1614,530
 1624,146
 1649,695
 1662,867
 1677,997
 1686,650
 1700,957
 1643,710
 1658,673
 1635,774
 1684,803
 1664,125
 1680,316
 1690,965
 1689,246
 1666,543
 1741,111
 1698,428
 1646,234
 1682,115
 1709,210
 1652,459
 1637,453
 1692,258
 1692,621
 1691,258
 1735,440
 1692,786
 1711,644
 1683,354
 1744,334
 1742,646
 1698,347
 1732,398
 1736,361
 1780,896
 1741,370
 1702,550
 1731,090
 1714,276
 1708,713
 1766,592
 1725,606
 1699,563
 1712,019
 1713,333
 1671,531
 1751,632
 1670,392
 1751,766
 1741,549
 1723,605
 1759,431
 1739,893
 1718,700
 1780,799
 1811,801
 1765,448
 1801,589
 1748,425
 1778,677
 1787,627
 1806,240
 1799,293
 1769,960
 1781,899
 1833,983
 1775,861
 1736,017
 1798,069
 1813,490
 1764,641
 1882,236
 1815,504
 1835,428
 1788,632
 1810,265
 1794,442
 1823,717
 1852,669
 1793,054
 1807,442
 1835,540
 1777,907
 1815,933
 1824,291
 1849,560
 1868,435
 1816,638
 1853,693
 1837,015
 1875,185
 1855,799
 1842,868
 1841,006
 1831,478
 1775,297
 1841,448
 1843,849
 1851,142
 1840,668
 1807,142
 1827,156
 1912,009
 1839,542
 1829,569
 1864,991
 1873,845
 1822,406
 1915,353
 1884,678
 1840,039
 1857,809
 1892,210
 1812,638
 1895,504
 1865,812
 1884,766
 1915,857
 1949,108
 1893,704
 1877,714
 1882,190
 1906,195
 1921,299
 1930,618
 1928,405
 1872,251
 1879,856
 1946,366
 1879,189
 1950,252
 1927,782
 1934,768
 1942,526
 1929,986
 1935,538
 1965,340
 1968,745
 1926,929
 1882,003
 1945,369
 1919,225
 1944,207
 1954,129
 1959,399
 1880,365
 1894,300
 1955,640
 1975,387
 1948,080
 1975,349
 1960,224
 1981,472
 1966,627
 2007,138
 1971,778
 1944,366
 1947,995
 1982,046
 1947,616
 1975,354
 1955,039
 1957,490
 1965,884
 2014,504
 1951,085
 1960,005
 1990,786
 1983,475
 1995,911
 1978,096
 2014,444
 1998,489
 1976,506
 1949,662
 1990,816
 1972,300
 2027,459
 1933,063
 2007,774
 1979,361
 1992,284
 1962,584
 1972,653
 1986,162
 1997,065
 2040,743
 2000,121
 2029,499
 2009,074
 2016,964
 2033,137
 2017,660
 1990,475
 1997,695
 2027,667
 2051,649
 2019,126
 2021,275
 1967,972
 2037,446
 2070,769
 2029,435
 2014,770
 2075,440
 2056,397
 2056,271
 2060,259
 2100,299
 2060,548
 2078,809
 2048,217
 2088,276
 2065,712
 2049,694
 2031,339
 2036,724
 2063,806
 2066,306
 2051,866
 2020,578
 2087,329
 2043,798
 2070,211
 2099,867
 2107,919
 2100,822
 2088,738
 2098,972
 2073,751
 2095,517
 2103,926
 2130,639
 2066,939
 2104,130
 2058,618
 2085,586
 2091,944
 2116,787
 2117,040
 2079,351
 2124,082
 2132,968
 2115,782
 2130,037
 2098,381
 2116,705
 2172,029
 2139,623
 2104,136
 2115,273
 2161,979
 2072,397
 2118,306
 2140,969
 2083,209
 2188,492
 2125,764
 2166,007
 2153,913
 2173,069
 2182,388
 2133,570
 2178,236
 2171,404
 2173,858
 2130,030
 2200,777
 2149,075
 2172,835
 2239,162
 2236,590
 2249,599
 2183,813
 2184,209
 2202,220
 2174,249
 2214,083
 2140,511
 2187,441
 2235,354
 2180,459
 2173,111
 2250,881
 2195,456
 2185,345
 2203,946
 2209,933
 2196,901
 2203,342
 2191,926
 2222,762
 2196,060
 2188,520
 2250,977
 2215,412
 2234,309
 2232,665
 2217,380
 2249,491
 2240,410
 2263,786
 2284,112
 2199,858
 2225,806
 2240,703
 2317,581
 2240,558
 2317,407
 2291,010
 2256,254
 2246,085
 2242,319
 2245,272
 2231,899
 2238,191
 2277,870
 2276,328
 2277,474
 2296,156
 2256,130
 2295,719
 2282,222
 2354,630
 2293,885
 2283,374
 2336,536
 2324,982
 2283,244
 2231,795
 2341,958
 2295,891
 2326,725
 2344,684
 2307,402
 2337,215
 2352,420
 2312,620
 2312,332
 2348,467
 2297,285
 2280,278
 2316,188
 2388,130
 2359,743
 2326,382
 2341,962
 2330,542
 2342,717
 2369,558
 2385,889
 2296,503
 2364,223
 2369,243
 2368,141
 2375,082
 2349,697
 2415,906
 2437,712
 2398,978
 2386,349
 2440,350
 2421,057
 2365,978
 2385,447
 2384,874
 2444,495
 2441,374
 2464,250
 2405,605
 2409,133
 2424,793
 2380,357
 2372,384
 2399,087
 2384,918
 2441,303
 2413,108
 2442,807
 2462,567
 2423,677
 2461,400
 2422,202
 2436,141
 2442,252
 2495,077
 2487,984
 2447,467
 2445,216
 2428,160
 2388,502
 2494,553
 2472,971
 2468,832
 2487,870
 2528,289
 2563,896
 2477,921
 2487,791
 2527,413
 2449,982
 2464,920
 2468,982
 2517,981
 2501,299
 2528,077
 2465,001
 2459,571
 2465,329
 2524,484
 2546,325
 2527,971
 2587,620
 2555,545
 2556,923
 2561,857
 2523,464
 2518,481
 2530,380
 2523,114
 2577,526
 2581,952
 2525,840
 2508,825
 2559,768
 2524,416
 2573,317
 2520,610
 2515,083
 2533,906
 2592,308
 2538,063
 2566,833
 2563,757
 2590,949
 2553,235
 2595,616
 2597,687
 2579,686
 2613,704
 2565,680
 2634,758
 2591,303
 2718,358
 2638,271
 2583,789
 2596,570
 2625,824
 2606,307
 2607,840
 2667,103
 2625,169
 2612,770
 2620,190
 2586,264
 2586,552
 2641,816
 2627,750
 2605,283
 2609,200
 2644,082
 2643,287
 2583,862
 2582,948
 2612,195
 2621,611
 2668,209
 2672,847
 2667,127
 2655,073
 2675,084
 2606,914
 2670,762
 2659,162
 2648,886
 2710,534
 2678,298
 2701,341
 2740,818
 2705,405
 2678,128
 2709,093
 2744,670
 2741,748
 2697,509
 2734,679
 2710,053
 2693,817
 2719,417
 2740,072
 2683,133
 2686,772
 2732,105
 2680,968
 2742,873
 2736,695
 2744,106
 2728,992
 2713,826
 2713,687
 2688,634
 2758,501
 2764,821
 2760,129
 2709,893
 2671,279
 2706,998
 2729,210
 2742,776
 2742,110
 2671,449
 2699,646
 2728,354
 2726,434
 2777,199
 2756,489
 2735,030
 2815,921
 2721,601
 2820,517
 2730,461
 2752,865
 2794,712
 2737,370
 2776,731
 2750,634
 2777,833
 2816,947
 2743,381
 2786,806
 2710,425
 2848,675
 2749,355
 2806,442
 2744,550
 2780,999
 2760,193
 2768,314
 2804,447
 2824,311
 2841,579
 2747,928
 2817,105
 2769,279
 2772,045
 2841,896
 2789,240
 2764,136
 2829,410
 2771,496
 2832,658
 2820,753
 2886,592
 2869,603
 2862,537
 2840,983
 2820,205
 2873,643
 2862,858
 2809,573
 2842,958
 2809,453
 2797,234
 2872,681
 2816,822
 2820,496
 2822,157
 2839,249
 2857,166
 2843,743
 2798,489
 2857,886
 2842,423
 2842,550
 2899,718
 2828,605
 2876,386
 2919,797
 2873,580
 2870,847
 2882,690
 2845,609
 2900,554
 2846,480
 2868,680
 2940,482
 2927,193
 2837,276
 2862,309
 2894,184
 2837,476
 2936,043
 2943,926
 2886,256
 2935,902
 2912,415
 2916,458
 2880,973
 2916,020
 2853,006
 2900,514
 2861,451
 2911,206
 2923,500
 2877,840
 2913,984
 2929,923
 2876,608
 2917,389
 2891,928
 2933,744
 2904,602
 2927,180
 2965,922
 2966,663
 2918,857
 2950,824
 2962,629
 2949,998
 2986,635
 2931,248
 2923,591
 2925,746
 2968,331
 2993,654
 2955,046
 2976,456
 2968,668
 2998,572
 2995,989
 2974,202
 2960,322
 3015,380
 3019,246
 2956,773
 2982,581
 2966,033
 2999,560
 2936,693
 2982,777
 2923,263
 2996,151
 2984,436
 3008,344
 2994,041
 2984,751
 3006,000
 3010,878
 2996,134
 2986,943
 2954,116
 3023,551
 2999,793
 3012,463
 2959,802
 3023,035
 2979,537
 3068,322
 3115,599
 3059,036
 3004,303
 3020,776
 2995,489
 2995,055
 3104,236
 3052,353
 3001,521
 3000,900
 3020,462
 3023,375
 3058,679
 2991,325
 3089,301
 3005,034
 3028,764
 3034,829
 3034,782
 3055,030
 3063,333
 3054,975
 3090,066
 3121,926
 3095,141
 3059,967
 3084,141
 3107,697
 3029,422
 3062,384
 3060,397
 3058,628
 3073,584
 3095,127
 3124,634
 3064,183
 3097,625
 3107,215
 3090,862
 3041,217
 3153,824
 3097,460
 3037,057
 3088,524
 3052,266
 3081,396
 3112,847
 3116,543
 3090,517
 3128,471
 3141,224
 3149,866
 3142,818
 3211,616
 3171,129
 3187,752
 3117,362
 3184,166
 3170,378
 3172,192
 3172,558
 3065,921
 3179,340
 3193,061
 3132,337
 3101,712
 3123,487
 3147,791
 3107,781
 3190,615
 3201,641
 3144,697
 3127,186
 3172,353
 3153,389
 3148,703
 3164,796
 3155,807
 3162,060
 3132,060
 3210,917
 3234,674
 3269,688
 3250,969
 3139,191
 3197,341
 3221,644
 3200,129
 3237,395
 3240,436
 3204,706
 3167,899
 3226,241
 3217,974
 3228,376
 3234,636
 3287,498
 3206,204
 3218,101
 3242,024
 3297,585
 3227,198
 3273,796
 3257,035
 3219,261
 3224,960
 3223,749
 3211,212
 3228,920
 3267,190
 3243,617
 3246,953
 3316,508
 3294,465
 3287,700
 3284,753
 3283,050
 3260,218
 3303,818
 3267,077
 3314,788
 3264,474
 3257,994
 3265,339
 3259,059
 3277,110
 3264,323
 3266,958
 3378,549
 3262,962
 3292,407
 3266,625
 3303,243
 3384,462
 3349,488
 3249,091
 3371,525
 3373,150
 3306,535
 3307,683
 3397,534
 3340,349
 3361,820
 3333,433
 3344,795
 3340,937
 3313,312
 3198,069
 3330,493
 3320,945
 3346,853
 3351,295
 3357,090
 3350,561
 3404,316
 3351,287
 3366,957
 3375,154
 3329,755
 3365,748
 3403,120
 3347,067
 3331,579
 3419,931
 3400,772
 3450,547
 3396,792
 3387,080
 3385,805
 3497,980
 3486,103
 3432,196
 3390,172
 3467,889
 3477,758
 3420,769
 3463,125
 3447,041
 3422,742
 3446,229
 3416,357
 3451,865
 3451,391
 3432,742
 3419,846
 3430,794
 3494,659
 3443,475
 3485,838
 3429,093
 3489,662
 3448,064
 3482,130
 3466,757
 3425,689
 3540,149
 3533,846
 3428,819
 3515,818
 3558,221
 3521,326
 3519,176
 3455,964
 3516,994
 3519,645
 3548,157
 3479,911
 3470,507
 3550,606
 3542,098
 3537,177
 3435,709
 3532,524
 3527,046
 3513,420
 3546,068
 3643,188
 3537,866
 3515,455
 3541,587
 3462,270
 3515,042
 3580,339
 3556,930
 3594,953
 3591,794
 3520,902
 3543,180
 3592,292
 3532,981
 3526,456
 3539,616
 3602,290
 3530,796
 3604,102
 3561,356
 3616,028
 3628,984
 3570,212
 3565,887
 3599,362
 3601,781
 3562,030
 3668,463
 3597,807
 3574,081
 3599,841
 3602,495
 3617,585
 3579,880
 3628,703
 3619,766
 3693,668
 3613,341
 3597,680
 3621,168
 3584,010
 3627,361
 3580,874
 3675,188
 3564,247
 3663,734
 3589,836
 3663,305
 3686,677
 3655,398
 3666,808
 3680,716
 3682,948
 3582,132
 3668,038
 3669,772
 3687,816
 3631,903
 3692,697
 3713,462
 3714,554
 3696,296
 3661,693
 3752,733
 3694,519
 3734,517
 3629,564
 3738,014
 3676,935
 3713,945
 3729,190
 3720,113
 3644,813
 3716,968
 3651,230
 3669,712
 3705,700
 3642,830
 3678,150
 3720,421
 3747,931
 3657,592
 3660,226
 3632,734
 3727,461
 3723,062
 3751,929
 3740,539
 3760,862
 3723,115
 3775,549
 3729,749
 3760,107
 3724,714
 3758,263
 3755,388
 3699,607
 3806,271
 3795,470
 3785,726
 3748,193
 3790,408
 3769,408
 3761,916
 3764,183
 3749,834
 3842,679
 3783,076
 3694,616
 3818,749
 3817,104
 3728,050
 3767,569
 3793,409
 3883,094
 3774,708
 3760,950
 3837,286
 3785,439
 3810,010
 3774,665
 3818,220
 3760,665
 3801,122
 3820,350
 3735,399
 3783,144
 3894,847
 3850,878
 3764,848
 3851,781
 3822,141
 3809,579
 3863,983
 3801,473
 3861,156
 3800,549
 3830,218
 3885,244
 3814,368
 3804,189
 3871,128
 3859,872
 3854,390
 3851,779
 3833,238
 3847,784
 3798,442
 3812,339
 3873,918
 3894,099
 3924,699
 3895,108
 3871,541
 3830,149
 3927,103
 3925,204
 3846,656
 3862,011
 3915,353
 3864,607
 3933,617
 3899,235
 3855,211
 3885,508
 3892,887
 3945,192
 3861,749
 3899,993
 3936,946
 3829,669
 3865,350
 3900,881
 3856,025
 3874,810
 3869,473
 3989,206
 3937,533
 3898,695
 3969,446
 3921,456
 3863,874
 3919,888
 3968,595
 3980,918
 3906,870
 3923,911
 3984,976
 3969,523
 3951,983
 3965,378
 3923,729
 3894,582
 4003,986
 3932,834
 3977,007
 3945,476
 3911,286
 3958,224
 3977,958
 3948,921
 3895,535
 3839,073
 3968,158
 3910,988
 3904,978
 3917,866
 3876,365
 3978,166
 3916,398
 3978,537
 3939,050
 3968,752
 3976,820
 3965,789
 4005,150
 3994,303
 3954,821
 3988,954
 4051,300
 3994,221
 4008,027
 4020,370
 3974,644
 4049,388
 4053,347
 3952,854
 3988,132
 3966,952
 4052,655
 4001,032
 3975,336
 4025,927
 4061,747
 3999,906
 4016,554
 4043,872
 4044,565
 3997,206
 4063,888
 4105,296
 3995,946
 4037,734
 4016,834
 3977,809
 4041,957
 4057,942
 4053,245
 4059,829
 4014,873
 3986,128
 4078,449
 4033,286
 4016,502
 3994,466
 3984,948
 4044,989
 4000,747
 4039,892
 3980,952
 4073,504
 3996,959
 4032,320
 4118,975
 4106,814
 4044,214
 4084,517
 4094,113
 4045,663
 4133,029
 4077,234
 4078,842
 4081,157
 4109,562
 4059,788
 4088,796
 4076,538
 4114,296
 4182,859
 4105,894
 4018,454
 4038,976
 4112,774
 3995,987
 4045,563
 4010,992
 4085,446
 4105,242
 4074,454
 4100,816
 4122,170
 4105,190
 4140,741
 4064,891
 4080,456
 4135,309
 4147,984
 4117,989
 4161,416
 4166,285
 4166,166
 4163,480
 4146,819
 4092,982
 4129,325
 4180,488
 4147,609
 4116,104
 4167,376
 4132,405
 4086,620
 4153,279
 4170,638
 4186,173
 4163,325
 4155,987
 4177,112
 4194,870
 4164,212
 4172,798
 4266,101
 4193,277
 4192,533
 4151,318
 4292,923
 4157,929
 4156,507
 4236,036
 4164,190
 4174,240
 4134,190
 4240,698
 4112,769
 4212,023
 4236,529
 4209,142
 4223,549
 4225,102
 4266,295
 4163,774
 4180,817
 4242,460
 4211,855
 4177,727
 4246,321
 4142,320
 4158,836
 4236,530
 4328,517
 4267,972
 4254,964
 4201,419
 4193,838
 4249,630
 4150,701
 4239,131
 4281,984
 4226,903
 4251,953
 4314,857
 4230,235
 4235,927
 4267,117
 4267,105
 4240,538
 4219,995
 4260,284
 4269,908
 4229,814
 4249,257
 4274,467
 4221,936
 4265,021
 4305,185
 4280,988
 4366,454
 4312,618
 4288,382
 4349,928
 4277,003
 4248,440
 4275,538
 4382,010
 4325,714
 4275,549
 4315,392
 4330,903
 4228,589
 4349,788
 4300,621
 4297,480
 4293,559
 4320,755
 4303,308
 4340,960
 4315,676
 4280,100
 4431,170
 4399,844
 4341,609
 4329,378
 4422,974
 4437,336
 4355,139
 4423,420
 4287,751
 4344,988
 4333,098
 4322,876
 4423,288
 4393,588
 4383,158
 4478,231
 4410,194
 4403,992
 4424,058
 4430,944
 4469,853
 4438,651
 4408,627
 4382,612
 4456,799
 4404,283
 4437,453
 4523,187
 4424,134
 4452,716
 4396,669
 4453,136
 4420,952
 4463,666
 4511,306
 4472,240
 4450,168
 4440,282
 4414,009
 4455,494
 4441,663
 4464,788
 4475,268
 4431,411
 4448,780
 4402,953
 4373,879
 4462,151
 4446,651
 4460,503
 4475,714
 4510,148
 4496,162
 4537,008
 4480,685
 4504,378
 4542,165
 4422,620
 4449,101
 4424,722
 4412,641
 4496,434
 4490,853
 4538,381
 4471,835
 4531,746
 4518,813
 4504,794
 4517,006
 4558,916
 4611,924
 4528,291
 4523,467
 4544,994
 4522,195
 4557,255
 4536,390
 4495,681
 4527,510
 4573,345
 4529,231
 4603,165
 4519,049
 4610,102
 4598,173
 4614,845
 4577,508
 4542,934
 4534,261
 4613,007
 4554,405
 4593,176
 4620,377
 4559,724
 4564,766
 4638,844
 4636,475
 4545,644
 4600,281
 4556,213
 4621,912
 4603,842
 4549,842
 4641,553
 4683,596
 4719,490
 4651,072
 4600,373
 4556,396
 4592,878
 4628,831
 4650,399
 4634,423
 4599,311
 4646,494
 4627,145
 4641,079
 4632,565
 4652,352
 4684,267
 4675,964
 4703,974
 4694,918
 4630,602
 4689,912
 4638,940
 4667,813
 4753,355
 4604,498
 4672,509
 4668,106
 4688,276
 4678,129
 4691,228
 4732,026
 4702,987
 4771,871
 4704,362
 4698,135
 4778,870
 4706,280
 4679,870
 4668,334
 4725,796
 4721,150
 4776,429
 4693,859
 4745,744
 4769,207
 4710,638
 4708,752
 4689,373
 4725,141
 4689,690
 4726,566
 4782,553
 4857,950
 4739,884
 4740,368
 4793,958
 4819,256
 4775,800
 4820,370
 4772,140
 4792,874
 4787,430
 4800,006
 4732,275
 4754,151
 4795,686
 4879,539
 4791,631
 4861,956
 4798,341
 4794,807
 4775,334
 4752,736
 4822,456
 4842,247
 4814,385
 4852,310
 4863,089
 4875,185
 4786,916
 4789,245
 4813,857
 4757,453
 4828,834
 4813,557
 4856,072
 4732,330
 4786,506
 4794,675
 4882,001
 4817,593
 4802,133
 4873,064
 4880,900
 4840,141
 4905,136
 4814,665
 4862,073
 4812,589
 4837,049
 4852,770
 4875,244
 4867,650
 4857,144
 4814,554
 4830,833
 4833,768
 4781,793
 4862,010
 4836,548
 4919,886
 4886,283
 4908,185
 4881,298
 4858,633
 4818,125
 4892,998
 4817,425
 4861,046
 4853,208
 4951,369
 4808,156
 4836,182
 4889,396
 4885,396
 4848,022
 4884,408
 4967,721
 4942,919
 5021,354
 4944,788
 4869,877
 4878,596
 4920,863
 4925,437
 4867,742
 4840,701
 5008,513
 4941,195
 4870,417
 4909,109
 4921,307
 4827,701
 4895,166
 4939,875
 4954,553
 4906,966
 4954,928
 4976,762
 4924,036
 4947,442
 4947,780
 4994,025
 4883,003
 4969,396
 4914,951
 5025,757
 4958,763
 5008,191
 4975,108
 4900,923
 4911,605
 4954,721
 4928,858
 4924,011
 4983,068
 4861,228
 4864,223
 4972,586
 5011,374
 4858,273
 5019,618
 5007,206
 4959,129
 4950,869
 4956,617
 4967,531
 4977,888
 4970,154
 4987,092
 4921,337
 4948,778
 4959,243
 4913,801
 4881,345
 4929,259
 5011,212
 5026,357
 4974,696
 5016,518
 4997,219
 4918,471
 4925,023
 5058,093
 5009,139
 4995,355
 4943,479
 5037,631
 5005,524
 4983,668
 5014,973
 5033,724
 4955,952
 5003,887
 5043,444
 5016,073
 5009,450
 5023,507
 4977,405
 5026,617
 5108,646
 5039,241
 5099,327
 5007,390
 5051,968
 5013,212
 5046,783
 5003,074
 5047,393
 4989,792
 5047,845
 5124,297
 5005,521
 5138,083
 5056,504
 5092,723
 5062,603
 5100,976
 5090,807
 5080,220
 5070,202
 5059,203
 5029,526
 5041,794
 5037,217
 5114,042
 5145,128
 5046,692
 5192,588
 5058,282
 5062,195
 5157,315
 5149,750
 5066,272
 5114,559
 5115,289
 5133,970
 5125,379
 5126,442
 5176,983
 5088,650
 5021,210
 5089,322
 5024,013
 5153,902
 5126,774
 5085,480
 5057,065
 5213,563
 5099,522
 5045,885
 5063,848
 5107,648
 5108,647
 5135,992
 5132,928
 5088,986
 5032,884
 5102,639
 5122,105
 5133,661
 5115,461
 5109,007
 5080,523
 5249,303
 5110,376
 5134,183
 5150,828
 5169,326
 5096,515
 5101,785
 5076,930
 5130,807
 5095,377
 5141,400
 5063,696
 5137,312
 5138,832
 5114,845
 5103,238
 5146,187
 5147,963
 5086,193
 5016,812
 5093,518
 5090,845
 5083,598
 5108,182
 5131,748
 5158,913
 5153,702
 5142,163
 5179,091
 5163,828
 5131,986
 5087,732
 5083,268
 5135,732
 5160,093
 5075,980
 5105,702
 5166,109
 5104,509
 5081,828
 5111,295
 5129,062
 5156,004
 5141,778
 5193,239
 5119,764
 5162,660
 5190,843
 5125,170
 5165,998
 5105,082
 5174,494
 5140,989
 5128,216
 5122,044
 5149,529
 5165,646
 5210,304
 5181,964
 5151,673
 5126,010
 5114,225
 5094,574
 5040,629
 5118,554
 5027,098
 5150,346
 5069,370
 5138,967
 5137,547
 5147,136
 5216,216
 5204,434
 5122,416
 5051,208
 5087,309
 5112,343
 5134,540
 5125,711
 5198,986
 5046,581
 5086,390
 5161,244
 5076,132
 5156,897
 5090,179
 5108,378
 5123,522
 5220,457
 5111,353
 5136,203
 5068,611
 5059,947
 5158,622
 5204,434
 5134,537
 5129,074
 5139,427
 5131,273
 5235,978
 5155,794
 5095,328
 5130,306
 5148,286
 5142,990
 5136,148
 5206,536
 5183,343
 5165,382
 5121,140
 5166,257
 5168,806
 5201,533
 5164,478
 5131,041
 5218,920
 5140,193
 5141,638
 5132,510
 5151,605
 5172,038
 5130,421
 5159,610
 5172,314
 5128,309
 5164,426
 5202,996
 5128,261
 5194,878
 5168,169
 5205,714
 5168,538
 5181,680
 5231,835
 5142,408
 5180,634
 5171,779
 5121,287
 5180,287
 5210,529
 5185,140
 5245,137
 5207,613
 5128,498
 5154,439
 5207,280
 5179,080
 5181,732
 5207,804
 5122,117
 5199,670
 5258,123
 5211,159
 5212,963
 5212,854
 5153,325
 5248,884
 5112,678
 5209,242
 5272,023
 5226,101
 5239,077
 5226,006
 5183,174
 5216,979
 5211,898
 5255,513
 5336,527
 5266,240
 5234,555
 5180,405
 5226,075
 5199,602
 5268,267
 5257,365
 5228,366
 5197,046
 5308,116
 5277,715
 5263,721
 5245,375
 5230,606
 5383,202
 5285,162
 5277,782
 5223,503
 5195,943
 5188,083
 5316,288
 5332,620
 5326,466
 5280,483
 5299,251
 5387,330
 5408,399
 5279,380
 5228,779
 5313,130
 5243,943
 5312,690
 5331,857
 5333,159
 5291,283
 5289,178
 5290,682
 5302,227
 5237,842
 5279,640
 5353,636
 5344,814
 5365,870
 5230,940
 5297,814
 5291,206
 5364,155
 5365,704
 5291,235
 5315,409
 5421,037
 5330,010
 5353,019
 5369,321
 5274,172
 5317,417
 5375,112
 5397,816
 5350,593
 5327,748
 5398,159
 5380,884
 5394,493
 5343,135
 5285,151
 5313,804
 5347,929
 5446,589
 5302,334
 5407,885
 5440,045
 5356,616
 5418,326
 5396,996
 5428,594
 5493,168
 5328,563
 5369,037
 5451,979
 5343,185
 5427,870
 5487,032
 5450,604
 5387,973
 5480,513
 5440,272
 5497,845
 5512,861
 5369,333
 5429,213
 5485,651
 5401,278
 5472,389
 5464,562
 5425,188
 5354,856
 5396,530
 5419,951
 5377,207
 5374,364
 5499,350
 5427,993
 5424,159
 5498,636
 5411,160
 5408,359
 5484,409
 5420,988
 5472,092
 5407,819
 5483,010
 5389,906
 5440,975
 5398,701
 5438,175
 5422,985
 5437,643
 5460,190
 5383,140
 5458,900
 5450,130
 5427,441
 5439,594
 5372,499
 5428,149
 5472,841
 5471,404
 5474,807
 5377,654
 5414,748
 5491,281
 5424,238
 5433,787
 5491,316
 5469,617
 5450,461
 5434,236
 5416,554
 5383,430
 5414,953
 5498,359
 5374,135
 5537,165
 5377,648
 5453,466
 5473,602
 5485,775
 5538,936
 5482,075
 5442,548
 5465,363
 5434,252
 5469,717
 5480,003
 5529,582
 5483,240
 5490,607
 5489,269
 5423,757
 5476,808
 5491,406
 5397,237
 5439,340
 5534,149
 5427,812
 5399,246
 5441,676
 5485,243
 5428,726
 5495,523
 5517,779
 5476,627
 5429,978
 5467,123
 5449,810
 5465,749
 5499,290
 5517,642
 5465,144
 5412,105
 5535,060
 5464,508
 5482,421
 5441,312
 5461,069
 5564,446
 5467,055
 5479,400
 5509,494
 5411,868
 5560,494
 5476,571
 5487,513
 5496,712
 5468,115
 5440,917
 5502,211
 5494,536
 5528,910
 5436,911
 5470,714
 5580,085
 5525,222
 5495,888
 5562,980
 5478,173
 5463,483
 5549,228
 5509,199
 5458,457
 5483,841
 5546,038
 5479,790
 5491,431
 5520,613
 5397,584
 5470,118
 5562,351
 5427,204
 5426,161
 5398,143
 5520,741
 5465,779
 5473,677
 5462,010
 5525,682
 5520,785
 5484,850
 5509,141
 5470,564
 5428,549
 5498,958
 5493,374
 5469,094
 5515,337
 5543,544
 5477,498
 5484,247
 5450,395
 5456,204
 5431,443
 5508,546
 5520,204
 5476,475
 5464,099
 5509,548
 5394,458
 5530,146
 5442,511
 5462,455
 5489,846
 5474,281
 5440,374
 5457,432
 5479,805
 5378,107
 5470,374
 5476,727
 5420,687
 5415,754
 5567,498
 5515,363
 5497,748
 5531,362
 5437,953
 5522,778
 5513,118
 5413,045
 5527,304
 5414,095
 5496,448
 5469,110
 5459,412
 5458,128
 5488,665
 5530,545
 5386,486
 5444,545
 5430,983
 5509,922
 5526,808
 5473,703
 5467,083
 5456,601
 5394,405
 5368,910
 5441,934
 5432,769
 5449,617
 5505,158
 5462,334
 5494,143
 5447,014
 5466,366
 5348,885
 5396,885
 5404,101
 5486,183
 5349,189
 5333,229
 5411,959
 5474,502
 5447,813
 5380,775
 5371,305
 5394,891
 5445,695
 5437,899
 5383,546
 5378,657
 5339,981
 5375,244
 5425,209
 5392,029
 5324,214
 5359,240
 5396,112
 5442,715
 5374,161
 5365,781
 5396,607
 5471,312
 5354,323
 5351,869
 5430,214
 5447,663
 5461,591
 5416,827
 5401,699
 5476,940
 5297,588
 5320,766
 5406,191
 5444,334
 5357,145
 5415,732
 5455,080
 5396,451
 5331,746
 5394,404
 5468,079
 5382,018
 5321,488
 5387,248
 5425,316
 5380,896
 5425,172
 5360,724
 5359,140
 5301,230
 5398,987
 5306,661
 5325,323
 5351,916
 5287,081
 5355,732
 5401,156
 5366,761
 5250,333
 5331,126
 5360,469
 5302,483
 5327,171
 5344,156
 5431,855
 5372,150
 5291,574
 5260,733
 5285,511
 5301,138
 5341,010
 5259,477
 5297,719
 5376,395
 5304,535
 5285,101
 5307,077
 5271,957
 5368,838
 5296,346
 5295,017
 5235,850
 5250,291
 5300,927
 5222,022
 5289,580
 5275,415
 5269,407
 5251,820
 5264,956
 5340,893
 5250,686
 5246,032
 5306,749
 5285,187
 5280,203
 5253,476
 5354,993
 5269,581
 5367,094
 5341,852
 5160,441
 5236,879
 5293,675
 5215,061
 5235,802
 5254,981
 5191,309
 5191,050
 5225,361
 5327,053
 5316,207
 5290,844
 5232,850
 5224,010
 5192,460
 5281,754
 5202,130
 5290,838
 5175,140
 5231,327
 5219,430
 5205,873
 5103,030
 5258,051
 5231,327
 5213,741
 5171,541
 5277,534
 5202,742
 5252,846
 5189,877
 5147,060
 5173,419
 5155,876
 5225,047
 5143,708
 5176,831
 5236,251
 5188,304
 5164,009
 5124,320
 5173,047
 5200,065
 5241,960
 5112,737
 5112,712
 5180,388
 5089,218
 5181,458
 5213,136
 5153,745
 5150,021
 5097,549
 5098,484
 5149,778
 5128,003
 5124,964
 5040,340
 5045,881
 5172,087
 5170,323
 5152,659
 5157,959
 5073,710
 5108,013
 5158,131
 5125,851
 5167,373
 5115,846
 5074,143
 5175,893
 5171,317
 5072,103
 5156,934
 5059,405
 5101,241
 5133,008
 5070,448
 5079,011
 5136,162
 5142,630
 5077,060
 5114,245
 5105,064
 5082,478
 5096,036
 4993,195
 5080,440
 5107,963
 5025,108
 5007,310
 5063,943
 5099,179
 5083,797
 4970,961
 5062,990
 4988,529
 5044,069
 5032,625
 5056,364
 5005,960
 4990,188
 5045,730
 4979,716
 5078,103
 5014,502
 4998,347
 5002,898
 4961,144
 5009,612
 4890,985
 4990,209
 4949,803
 4958,192
 4994,473
 5016,764
 5001,959
 5012,529
 4918,840
 4976,830
 4995,107
 4905,829
 5039,018
 4915,085
 4957,174
 4959,523
 4982,555
 4989,273
 4998,015
 4967,167
 5001,411
 4892,170
 4939,268
 4845,738
 4990,248
 4935,998
 4954,960
 4974,804
 4835,194
 4854,707
 4946,101
 4891,554
 4927,873
 4872,936
 4968,960
 4974,856
 4975,944
 4976,107
 4852,155
 4955,141
 4935,397
 4925,323
 4903,266
 4845,264
 4901,668
 4864,680
 4956,188
 4857,525
 4828,162
 4886,704
 4850,544
 4873,254
 4844,701
 4890,972
 4769,038
 4918,180
 4920,600
 4804,147
 4837,849
 4820,568
 4910,500
 4767,921
 4807,473
 4872,537
 4764,333
 4844,017
 4782,853
 4743,218
 4711,880
 4711,195
 4804,928
 4810,613
 4793,807
 4857,173
 4758,326
 4762,370
 4764,877
 4859,925
 4751,244
 4793,528
 4782,050
 4694,981
 4812,898
 4748,059
 4705,565
 4751,449
 4763,456
 4735,498
 4804,110
 4737,660
 4749,844
 4843,095
 4788,694
 4820,270
 4728,291
 4756,900
 4709,295
 4676,181
 4673,141
 4723,064
 4743,565
 4756,964
 4744,857
 4727,740
 4663,938
 4673,659
 4671,160
 4730,856
 4614,804
 4690,834
 4755,397
 4636,559
 4650,632
 4647,871
 4643,351
 4656,705
 4605,262
 4656,100
 4631,813
 4658,219
 4694,825
 4666,153
 4594,928
 4611,572
 4647,054
 4646,289
 4740,748
 4618,748
 4542,595
 4639,476
 4636,268
 4613,710
 4625,077
 4592,405
 4628,126
 4619,795
 4686,622
 4601,231
 4556,292
 4630,890
 4596,808
 4586,590
 4614,166
 4564,359
 4629,934
 4608,921
 4639,241
 4598,826
 4562,223
 4608,488
 4579,242
 4558,885
 4578,617
 4623,868
 4600,575
 4578,795
 4529,900
 4578,261
 4508,426
 4521,386
 4500,462
 4565,594
 4549,273
 4473,387
 4565,294
 4539,340
 4445,558
 4535,842
 4459,127
 4489,334
 4528,607
 4560,622
 4464,364
 4472,172
 4494,716
 4582,877
 4508,843
 4430,788
 4523,809
 4404,165
 4507,171
 4499,547
 4447,889
 4488,015
 4444,660
 4366,893
 4432,292
 4439,408
 4502,353
 4452,030
 4440,025
 4433,741
 4463,470
 4374,028
 4408,349
 4356,171
 4421,569
 4389,657
 4393,205
 4413,004
 4398,350
 4441,913
 4368,389
 4416,840
 4402,453
 4380,905
 4365,075
 4324,763
 4376,036
 4379,991
 4342,445
 4402,156
 4350,590
 4292,273
 4369,100
 4344,077
 4395,948
 4356,194
 4270,980
 4311,272
 4338,734
 4232,598
 4320,670
 4293,623
 4347,537
 4336,081
 4349,151
 4314,189
 4306,660
 4261,703
 4255,262
 4272,006
 4293,720
 4284,994
 4283,063
 4314,422
 4295,781
 4299,945
 4253,979
 4251,951
 4256,340
 4292,198
 4275,883
 4299,809
 4282,204
 4211,624
 4209,166
 4149,981
 4195,485
 4236,157
 4264,922
 4277,588
 4206,281
 4229,030
 4183,933
 4239,502
 4195,273
 4223,388
 4202,418
 4148,867
 4279,485
 4214,615
 4211,982
 4175,425
 4169,908
 4282,917
 4188,234
 4230,101
 4199,452
 4146,919
 4111,212
 4128,957
 4160,113
 4146,405
 4198,934
 4083,179
 4168,502
 4088,779
 4096,561
 4108,996
 4201,305
 4074,561
 4168,998
 4099,468
 4045,233
 4134,793
 4110,453
 4111,310
 4057,579
 4089,312
 4086,431
 4025,697
 3959,551
 4022,636
 4080,825
 4075,780
 4065,065
 3983,054
 4041,206
 4062,144
 4038,603
 4054,886
 4191,134
 4016,670
 3988,612
 3955,925
 3995,486
 4038,188
 4025,697
 3973,457
 4020,821
 4027,742
 4045,856
 4017,231
 3966,926
 4017,965
 4040,706
 4006,312
 3958,801
 3974,687
 3901,281
 3979,933
 3940,337
 3990,005
 3955,646
 3971,633
 3856,480
 3925,772
 3953,809
 3892,494
 3923,214
 3882,667
 3955,962
 3935,280
 3932,397
 3911,588
 3888,936
 3919,123
 3934,560
 3880,798
 3928,896
 3867,322
 3901,344
 3916,771
 3980,487
 3951,188
 3918,643
 3878,712
 3872,633
 3822,466
 3897,807
 3931,282
 3896,005
 3903,434
 3888,939
 3889,437
 3899,978
 3908,779
 3935,776
 3920,278
 3933,254
 3851,916
 3905,543
 3836,217









































































































































































































































































































































































































































































































































































































































































































































































































































































































































































































































































































































































































































































































































































































































































































































































































































































































































































































































































































































































































































































































































































































































































































































































































































































































































































































































































































































































































































































































































































































































































































































































































































































































































































































































































































































































































































































































































































































































































































































































































































































































































































































































































































































































































































































































































































































































































































































































































































































































































































































































































































































































































































































































































































































































































































































































































































































































































































































































































































































































































































































































































































































































































































































































































































































































































































































































































































































































































































































































































































































































































































































































































































































































































































































































































































































































































































































































































































































































































































































































































































































































































































































































































































































































































































































































































































































































































































































































































































































































































































































































































































































































































































































































































































































































































































































































































































































































































































































































































































































































































































































































































































































































































































































































































































































































































































































































































































































































































































































































































































































































































































































































































































































































































































































































































































































































































































































































































































































































































































































































































































































































































































































































































































































































































































































































































































































































































































































































































































































































































































































































































































































































































































































































































































































































































































































































































































































































































































































































































































































































































































































































































































































































































































































































































































































































































































































































































































































































































































































































































































































































































































































































































































































































































































































































































































































































































































































































































































































































































































































































































































































































































































































































































































































































































































































































































































































































































































































































































































































































































































































































































































































































































































































































































































































































































































































































































































































































































































































































































































































































































































































































































































































































































































































































































































































































































































































































































































































































































































































































































































































































































































































































































































































































































































































































































































































































































































































































































































































































































































































































































































































































































































































































































































































































































































































































































































































































































































































































































































































































































































































































































































































































































































































































































































































































































































































































































































































































































































































































































































































































































































































































































































































































































































































































































































































































































































































































































































































































































































































































































































































































































































































































































































































































































































































































































































































































































































































































































































































































































































































































































































































































































































































































































































































































































































































































































































































































































































































































































































































































































































































































































































































































































































































































































































































































































































































































































































































































































































































































































































































































































































































































































































































































































































































































































































































































































































































































































































































































































































































































































































































































































































































































































































































































































































































































































































































































































































































































































































































































































































































































































































































































































































































































































































































































































































































































































































































































































































































































































































































































































































































































































































































































































































































































































































































































































































































































































































































































































































































































































































































































































































































































































































































































































































































































































