 428,037
 412,082
 368,355
 400,453
 414,419
 408,110
 389,981
 390,948
 381,651
 372,633
 420,864
 371,212
 376,911
 397,420
 423,545
 398,600
 409,286
 427,478
 392,463
 419,535
 415,440
 419,559
 385,898
 403,576
 424,013
 383,109
 404,863
 395,549
 410,223
 421,961
 429,995
 408,959
 409,890
 386,727
 415,873
 419,911
 400,255
 397,717
 391,012
 397,165
 427,840
 403,102
 412,280
 400,908
 427,775
 427,405
 413,471
 386,763
 452,552
 428,105
 433,170
 349,236
 381,843
 456,676
 433,042
 424,433
 439,988
 438,199
 427,314
 428,036
 411,725
 412,225
 413,186
 407,677
 388,231
 425,251
 401,859
 432,265
 430,384
 389,620
 432,910
 424,416
 429,277
 422,293
 440,254
 410,065
 414,357
 421,404
 405,305
 390,389
 406,918
 427,118
 404,364
 440,927
 413,942
 417,479
 435,948
 447,341
 405,034
 413,730
 452,957
 441,747
 421,060
 442,039
 410,417
 389,105
 459,751
 427,095
 404,838
 427,455
 415,404
 417,929
 439,874
 412,891
 426,040
 429,195
 466,992
 430,786
 441,581
 453,511
 429,223
 411,474
 445,136
 442,871
 429,378
 420,454
 430,133
 422,880
 424,696
 439,758
 442,218
 412,830
 411,124
 449,418
 439,767
 450,863
 466,219
 435,226
 410,613
 424,486
 465,069
 430,980
 425,188
 460,117
 459,250
 412,407
 411,405
 403,192
 416,929
 445,027
 435,618
 456,808
 430,064
 429,236
 465,382
 451,172
 445,955
 421,667
 432,606
 443,351
 419,804
 407,102
 435,119
 419,241
 383,870
 438,470
 464,497
 483,281
 455,021
 460,575
 469,151
 481,169
 429,620
 439,846
 480,303
 437,020
 461,438
 432,594
 421,437
 473,989
 449,858
 451,564
 432,867
 477,302
 433,372
 448,080
 414,030
 459,921
 427,521
 449,794
 439,188
 469,478
 447,604
 452,323
 445,837
 454,379
 431,139
 445,669
 465,624
 497,185
 473,599
 480,854
 459,185
 444,911
 432,907
 433,784
 452,886
 428,125
 479,404
 468,614
 469,968
 450,492
 469,342
 433,163
 437,730
 466,201
 469,767
 454,535
 506,563
 433,752
 447,959
 486,248
 443,561
 447,042
 457,304
 458,813
 461,527
 468,192
 468,854
 478,609
 459,989
 459,260
 463,438
 489,433
 466,665
 454,613
 463,367
 473,306
 459,135
 516,585
 464,749
 483,052
 414,091
 461,282
 459,808
 457,836
 466,395
 497,096
 469,682
 463,329
 487,681
 481,082
 463,645
 472,785
 454,621
 451,702
 461,013
 475,677
 455,250
 469,043
 438,096
 470,768
 455,194
 476,950
 427,753
 495,720
 458,424
 495,630
 498,606
 510,802
 465,515
 459,554
 467,945
 488,786
 484,958
 486,037
 484,750
 452,548
 495,898
 463,291
 472,680
 469,671
 497,598
 505,015
 476,357
 490,882
 472,806
 497,725
 479,752
 505,268
 467,571
 479,740
 474,880
 501,113
 497,754
 476,046
 531,138
 490,538
 511,367
 469,370
 470,019
 518,187
 443,706
 487,439
 493,237
 494,395
 520,118
 485,186
 508,076
 494,719
 532,555
 491,377
 492,466
 475,022
 518,949
 505,262
 495,799
 496,696
 473,756
 523,703
 521,610
 492,344
 504,532
 499,855
 494,720
 517,525
 550,113
 517,567
 496,210
 474,749
 510,306
 536,788
 541,340
 522,425
 548,253
 503,119
 524,582
 506,215
 529,835
 492,614
 480,234
 506,713
 508,609
 532,633
 531,655
 526,580
 526,312
 512,113
 545,057
 507,306
 546,297
 527,734
 504,131
 523,507
 558,391
 559,854
 550,839
 527,847
 548,810
 505,925
 499,413
 527,110
 543,714
 546,807
 515,366
 516,446
 545,043
 529,242
 490,312
 534,104
 500,536
 521,237
 512,225
 549,543
 553,108
 515,785
 547,054
 536,843
 560,981
 507,174
 562,414
 539,611
 548,221
 523,738
 545,382
 488,175
 524,202
 528,358
 549,470
 583,627
 563,083
 533,090
 570,651
 542,758
 563,340
 544,115
 569,391
 551,337
 545,741
 530,610
 517,790
 535,299
 521,080
 582,320
 571,892
 550,090
 539,452
 566,591
 562,637
 551,527
 548,373
 557,616
 535,454
 549,689
 531,892
 539,194
 601,480
 570,709
 554,334
 561,242
 544,657
 587,735
 579,690
 565,655
 591,497
 555,685
 579,571
 566,947
 549,264
 562,678
 571,203
 572,083
 573,476
 579,139
 563,368
 570,998
 592,169
 597,792
 544,502
 562,513
 598,371
 593,606
 587,912
 610,650
 549,807
 588,304
 609,144
 571,486
 553,182
 605,828
 598,049
 608,417
 588,658
 585,889
 604,231
 573,497
 599,958
 630,943
 603,968
 599,638
 592,409
 577,196
 576,987
 580,713
 613,925
 581,645
 609,939
 602,698
 564,299
 608,386
 583,341
 636,787
 575,062
 559,412
 566,019
 593,356
 581,635
 632,056
 600,418
 593,589
 616,027
 603,483
 595,175
 637,022
 608,931
 615,149
 604,872
 598,343
 632,460
 586,438
 617,153
 594,572
 628,613
 646,443
 610,271
 626,645
 618,775
 619,741
 604,183
 637,963
 621,659
 615,623
 643,761
 645,238
 598,218
 637,276
 595,861
 614,575
 623,478
 642,951
 638,440
 644,676
 629,555
 643,486
 622,414
 629,331
 628,455
 645,184
 640,940
 631,187
 655,707
 619,092
 636,262
 664,881
 647,078
 655,953
 668,541
 669,112
 637,782
 666,762
 660,438
 693,221
 669,488
 658,470
 636,528
 634,042
 647,951
 655,759
 640,239
 655,460
 659,692
 625,480
 675,625
 658,509
 654,810
 666,315
 652,738
 648,859
 638,501
 700,127
 652,125
 641,923
 703,600
 685,893
 688,709
 644,089
 693,328
 678,257
 692,482
 683,555
 660,130
 718,767
 687,004
 671,197
 678,813
 685,364
 691,559
 705,951
 657,817
 687,305
 682,145
 713,614
 671,654
 704,381
 711,661
 710,991
 699,765
 723,653
 688,316
 699,832
 646,539
 663,414
 694,764
 730,456
 684,340
 697,673
 717,901
 673,971
 718,434
 724,566
 692,722
 757,297
 713,408
 709,714
 708,678
 707,346
 706,979
 718,090
 738,731
 719,074
 720,929
 721,689
 711,914
 726,587
 736,122
 763,663
 716,051
 694,897
 751,723
 697,405
 719,779
 696,844
 709,956
 737,547
 753,201
 721,184
 701,681
 742,541
 736,668
 724,668
 735,404
 716,617
 741,977
 717,430
 752,806
 729,552
 757,610
 736,449
 771,928
 787,068
 762,795
 768,354
 737,755
 734,940
 769,168
 737,104
 765,860
 747,836
 736,410
 768,761
 704,466
 741,442
 720,650
 767,731
 728,633
 714,832
 733,304
 792,251
 741,616
 780,629
 777,148
 757,804
 764,306
 744,088
 768,851
 757,750
 731,659
 783,038
 746,329
 762,733
 750,755
 757,800
 767,693
 774,245
 784,361
 795,183
 789,304
 770,411
 782,260
 763,620
 757,767
 749,196
 778,675
 790,431
 830,444
 771,151
 784,855
 776,519
 771,787
 789,614
 783,559
 761,910
 763,514
 784,302
 778,255
 776,557
 758,655
 759,188
 792,323
 800,992
 760,585
 771,767
 794,385
 781,824
 787,376
 763,399
 786,168
 792,704
 823,298
 791,159
 811,413
 839,995
 785,475
 807,048
 823,533
 784,622
 802,042
 822,381
 812,143
 814,835
 801,554
 800,825
 779,136
 797,010
 831,546
 784,338
 811,621
 802,911
 825,139
 806,823
 820,417
 799,866
 840,845
 791,501
 819,249
 815,513
 816,000
 803,199
 804,671
 824,763
 850,260
 818,356
 839,248
 832,276
 851,385
 829,029
 802,033
 834,426
 813,072
 814,198
 829,491
 855,377
 836,067
 850,689
 854,398
 820,745
 830,175
 831,164
 862,819
 850,414
 835,475
 840,310
 873,983
 865,415
 838,507
 825,147
 847,649
 853,246
 864,251
 865,651
 832,338
 900,104
 817,180
 868,806
 867,395
 887,703
 839,298
 855,339
 849,341
 833,506
 875,661
 877,552
 870,963
 850,670
 848,353
 854,777
 843,006
 827,394
 906,286
 872,859
 860,448
 890,973
 906,239
 861,773
 874,403
 906,084
 883,977
 898,775
 885,684
 906,909
 857,680
 918,107
 887,967
 890,199
 845,897
 899,960
 891,624
 909,011
 910,923
 881,672
 912,692
 894,768
 933,881
 891,680
 896,734
 864,166
 934,608
 905,500
 895,919
 918,298
 904,944
 937,433
 923,887
 944,693
 905,430
 937,150
 892,362
 927,970
 921,692
 891,535
 959,575
 976,691
 916,314
 939,521
 953,476
 918,262
 973,793
 928,716
 947,954
 907,074
 935,406
 897,233
 915,374
 961,894
 906,408
 970,153
 965,131
 941,472
 926,928
 910,021
 926,438
 929,857
 951,958
 959,099
 955,250
 963,909
 956,073
 954,211
 964,343
 973,055
 961,848
 962,134
 918,283
 986,813
 1000,655
 965,636
 997,353
 1013,363
 1005,709
 989,858
 969,904
 988,626
 981,992
 1005,941
 1003,597
 1001,767
 1035,560
 1023,012
 1019,702
 987,649
 993,023
 1003,962
 979,399
 1007,151
 982,962
 995,443
 1044,703
 997,987
 996,333
 1003,847
 1029,568
 1012,748
 982,286
 1045,555
 1023,515
 994,560
 1013,301
 1070,064
 983,820
 988,804
 1044,891
 1018,359
 1039,687
 1040,157
 1038,499
 1035,988
 1022,858
 1030,444
 1026,707
 1008,215
 983,732
 991,383
 1021,649
 1010,851
 1035,902
 1036,779
 1077,620
 1077,685
 1049,398
 1058,323
 1027,574
 1070,543
 1051,646
 1000,894
 1059,208
 1028,426
 1113,703
 1083,391
 1057,643
 1099,110
 1093,670
 1056,175
 1065,968
 1085,737
 1074,330
 1101,684
 1065,105
 1084,139
 1076,582
 1075,492
 1062,603
 1065,005
 1090,691
 1080,696
 1070,952
 1096,297
 1028,242
 1146,397
 1101,755
 1070,377
 1103,487
 1072,858
 1140,174
 1088,680
 1139,369
 1109,867
 1118,579
 1048,845
 1150,867
 1138,528
 1108,195
 1088,899
 1076,199
 1127,808
 1109,399
 1104,563
 1092,875
 1127,131
 1081,362
 1113,151
 1095,275
 1114,184
 1118,103
 1126,106
 1141,613
 1136,636
 1113,470
 1152,671
 1120,061
 1127,085
 1125,375
 1108,759
 1112,606
 1126,325
 1147,480
 1112,831
 1185,097
 1124,919
 1156,039
 1213,008
 1151,082
 1108,771
 1150,880
 1131,227
 1119,125
 1156,451
 1155,331
 1158,591
 1154,293
 1201,699
 1192,289
 1197,511
 1136,702
 1160,923
 1183,020
 1179,411
 1203,443
 1174,401
 1200,664
 1174,480
 1084,985
 1155,505
 1166,917
 1189,775
 1168,651
 1161,613
 1189,545
 1188,656
 1177,355
 1133,522
 1127,711
 1221,762
 1188,891
 1211,387
 1195,730
 1167,748
 1180,877
 1196,163
 1209,161
 1181,435
 1218,097
 1226,129
 1240,290
 1230,942
 1248,174
 1201,874
 1208,261
 1213,425
 1177,192
 1209,722
 1228,262
 1210,065
 1194,186
 1186,148
 1222,463
 1189,488
 1187,498
 1212,234
 1234,464
 1180,418
 1227,203
 1234,067
 1247,303
 1192,107
 1202,886
 1242,495
 1233,828
 1207,200
 1257,536
 1218,569
 1210,259
 1224,194
 1227,372
 1225,819
 1205,612
 1242,711
 1208,745
 1195,313
 1228,801
 1231,356
 1251,701
 1242,585
 1229,556
 1240,124
 1227,266
 1181,003
 1228,681
 1233,044
 1256,456
 1245,275
 1258,315
 1256,312
 1246,133
 1267,221
 1259,997
 1272,219
 1232,654
 1214,788
 1274,724
 1267,268
 1212,029
 1224,643
 1264,238
 1254,492
 1286,878
 1271,572
 1262,650
 1276,367
 1250,665
 1317,422
 1286,819
 1299,640
 1243,181
 1281,570
 1260,598
 1241,728
 1239,059
 1277,104
 1304,531
 1342,062
 1219,116
 1235,180
 1305,330
 1263,241
 1316,162
 1308,358
 1307,821
 1335,573
 1265,748
 1311,399
 1292,357
 1343,840
 1302,772
 1275,911
 1320,264
 1315,041
 1308,206
 1316,863
 1295,118
 1267,085
 1293,240
 1290,979
 1297,581
 1279,601
 1351,176
 1296,405
 1303,627
 1333,551
 1282,140
 1283,944
 1316,572
 1321,217
 1332,071
 1284,414
 1324,456
 1289,425
 1324,048
 1331,099
 1344,951
 1362,208
 1329,803
 1279,220
 1333,091
 1331,994
 1321,870
 1353,266
 1324,816
 1330,425
 1276,102
 1375,280
 1310,311
 1351,572
 1367,848
 1347,456
 1299,409
 1343,586
 1303,185
 1295,249
 1348,531
 1349,895
 1365,044
 1372,568
 1348,070
 1335,885
 1356,012
 1362,607
 1339,704
 1356,149
 1344,017
 1354,662
 1358,754
 1323,937
 1360,005
 1337,521
 1345,716
 1368,899
 1401,552
 1417,838
 1408,850
 1367,194
 1419,610
 1380,444
 1395,429
 1362,271
 1394,182
 1354,987
 1383,650
 1390,502
 1372,699
 1393,186
 1374,337
 1418,879
 1417,493
 1373,605
 1375,950
 1394,572
 1399,466
 1408,535
 1373,689
 1430,411
 1419,423
 1418,659
 1462,617
 1443,509
 1424,830
 1399,365
 1381,507
 1389,819
 1404,415
 1392,134
 1411,672
 1442,402
 1437,742
 1412,738
 1437,130
 1433,231
 1444,634
 1386,528
 1423,068
 1402,049
 1419,264
 1411,702
 1418,625
 1423,868
 1398,313
 1424,096
 1476,519
 1408,408
 1469,075
 1415,703
 1457,347
 1441,970
 1464,002
 1488,074
 1454,647
 1442,203
 1459,488
 1476,941
 1479,882
 1499,671
 1471,048
 1491,714
 1452,187
 1410,666
 1471,103
 1468,801
 1463,535
 1461,216
 1464,891
 1488,114
 1504,997
 1491,906
 1464,102
 1460,438
 1494,653
 1516,171
 1479,761
 1458,188
 1510,175
 1495,967
 1484,339
 1469,876
 1507,413
 1503,824
 1480,381
 1503,797
 1491,171
 1459,044
 1483,427
 1491,427
 1499,319
 1538,460
 1496,017
 1519,439
 1496,567
 1474,153
 1520,123
 1521,290
 1506,762
 1514,078
 1504,824
 1495,127
 1521,272
 1570,632
 1490,449
 1584,543
 1523,689
 1493,229
 1581,170
 1556,424
 1527,056
 1539,896
 1546,894
 1566,214
 1528,405
 1532,165
 1563,942
 1536,079
 1533,852
 1529,952
 1590,032
 1567,203
 1575,163
 1583,941
 1562,395
 1548,316
 1549,601
 1613,191
 1566,617
 1571,507
 1527,834
 1562,242
 1530,326
 1588,511
 1562,743
 1577,211
 1562,407
 1572,358
 1603,908
 1563,506
 1616,773
 1604,595
 1620,638
 1580,654
 1596,599
 1581,379
 1614,749
 1534,881
 1586,952
 1626,972
 1620,293
 1633,695
 1608,840
 1591,299
 1548,135
 1636,028
 1596,256
 1590,619
 1648,165
 1605,997
 1644,196
 1625,684
 1660,249
 1603,472
 1625,203
 1593,563
 1608,301
 1624,647
 1635,922
 1651,681
 1615,767
 1663,774
 1637,050
 1633,371
 1651,834
 1647,472
 1622,468
 1637,103
 1638,516
 1586,021
 1624,265
 1593,786
 1623,138
 1600,671
 1685,415
 1616,532
 1625,568
 1593,995
 1634,041
 1610,586
 1646,490
 1687,626
 1628,367
 1677,534
 1690,875
 1668,561
 1628,516
 1631,197
 1681,311
 1644,001
 1645,028
 1667,405
 1695,910
 1658,382
 1676,490
 1658,224
 1652,871
 1673,156
 1676,514
 1725,938
 1704,126
 1659,293
 1705,862
 1699,786
 1650,536
 1635,377
 1686,256
 1633,830
 1711,581
 1680,917
 1651,528
 1656,482
 1708,815
 1686,004
 1694,603
 1660,265
 1700,914
 1703,684
 1723,568
 1738,868
 1648,917
 1681,633
 1683,911
 1711,949
 1687,254
 1725,546
 1675,100
 1735,484
 1771,520
 1731,081
 1694,533
 1663,790
 1691,978
 1684,767
 1678,006
 1720,933
 1644,761
 1718,283
 1681,694
 1703,852
 1712,435
 1758,748
 1803,870
 1709,823
 1688,259
 1709,636
 1717,632
 1734,912
 1690,691
 1657,744
 1718,770
 1741,928
 1748,410
 1713,545
 1763,447
 1723,917
 1752,053
 1757,334
 1754,018
 1778,083
 1684,913
 1749,402
 1762,254
 1737,143
 1750,499
 1773,432
 1765,897
 1752,819
 1757,129
 1788,019
 1764,554
 1761,525
 1716,932
 1765,403
 1748,982
 1765,710
 1754,596
 1756,031
 1754,200
 1776,165
 1787,484
 1730,709
 1822,349
 1750,154
 1700,686
 1737,352
 1714,829
 1761,079
 1769,398
 1772,499
 1784,671
 1770,193
 1754,349
 1766,841
 1769,842
 1760,113
 1765,630
 1787,261
 1756,398
 1749,653
 1804,525
 1791,508
 1713,607
 1781,784
 1779,526
 1799,823
 1743,834
 1756,905
 1839,865
 1798,852
 1777,003
 1824,464
 1749,111
 1782,247
 1816,718
 1741,073
 1794,033
 1810,474
 1845,433
 1805,507
 1832,094
 1825,641
 1820,113
 1814,472
 1815,499
 1814,717
 1803,871
 1813,888
 1807,574
 1770,085
 1834,236
 1784,829
 1834,317
 1827,694
 1832,655
 1833,793
 1846,070
 1822,830
 1823,090
 1816,464
 1816,904
 1841,864
 1831,891
 1901,390
 1854,297
 1781,720
 1805,796
 1765,281
 1867,451
 1798,698
 1830,240
 1816,423
 1837,389
 1796,093
 1885,322
 1793,586
 1847,906
 1870,051
 1830,061
 1829,139
 1871,732
 1780,204
 1868,367
 1788,633
 1892,492
 1845,465
 1815,504
 1815,229
 1864,491
 1854,428
 1833,830
 1816,273
 1839,522
 1847,478
 1880,207
 1826,566
 1885,091
 1820,210
 1904,154
 1894,278
 1815,634
 1904,066
 1867,946
 1871,944
 1847,550
 1830,152
 1874,483
 1902,280
 1834,943
 1871,235
 1884,399
 1878,890
 1887,397
 1874,674
 1861,947
 1885,569
 1901,591
 1877,537
 1899,980
 1844,145
 1879,170
 1874,896
 1895,297
 1874,741
 1916,663
 1852,157
 1841,205
 1876,993
 1889,996
 1866,095
 1895,072
 1906,845
 1935,024
 1919,836
 1912,897
 1921,306
 1908,330
 1906,751
 1890,279
 1854,283
 1919,146
 1881,651
 1922,063
 1905,870
 1927,620
 1839,471
 1887,788
 1917,480
 1895,054
 1872,178
 1920,687
 1952,500
 1937,384
 1924,097
 1896,104
 1915,860
 1908,282
 1934,121
 1894,485
 1921,721
 1922,541
 1943,698
 2003,048
 1951,269
 1901,971
 1947,538
 1909,419
 2007,601
 1970,694
 1848,342
 1940,660
 1926,160
 1962,516
 1987,579
 1944,434
 1949,684
 1968,375
 1942,886
 1933,861
 1949,426
 1916,715
 1979,104
 1974,772
 1971,537
 1974,598
 1998,260
 1924,184
 1945,782
 1969,791
 1969,405
 1926,067
 1926,223
 1992,744
 1984,681
 2012,597
 2000,486
 2005,570
 1943,767
 2015,821
 1964,638
 1951,556
 2008,858
 2011,902
 2011,540
 1998,220
 2003,058
 2001,494
 2002,102
 2012,808
 1986,530
 2042,614
 2026,412
 2015,613
 2029,190
 2003,179
 1988,781
 2012,782
 2016,333
 2043,395
 2015,316
 2032,424
 2055,541
 2032,524
 2019,916
 2047,929
 2007,541
 2047,800
 2026,753
 1997,353
 2064,355
 2019,012
 2014,383
 1984,948
 1992,606
 2102,811
 2052,465
 2046,469
 2072,851
 2020,386
 1989,757
 1922,029
 2008,577
 1995,207
 2057,979
 2038,118
 2078,046
 2060,321
 2058,916
 2063,231
 2067,706
 2067,711
 2069,006
 2046,563
 2079,839
 2063,107
 2072,469
 2064,428
 2084,591
 2082,756
 2117,202
 2077,179
 2051,329
 2099,605
 2110,120
 2076,420
 2071,260
 2024,731
 2104,232
 2122,337
 2078,677
 2047,301
 2106,014
 2112,844
 2088,980
 2074,790
 2009,599
 2094,169
 2082,092
 2095,225
 2112,669
 2120,194
 2137,981
 2105,812
 2153,546
 2065,527
 2176,052
 2109,616
 2124,800
 2158,704
 2075,670
 2105,538
 2151,850
 2124,348
 2120,221
 2157,939
 2128,860
 2176,783
 2092,599
 2139,406
 2104,474
 2115,823
 2149,227
 2104,949
 2145,083
 2185,610
 2137,699
 2174,820
 2071,901
 2139,229
 2215,596
 2151,233
 2126,911
 2150,585
 2103,490
 2203,776
 2180,053
 2195,965
 2103,189
 2179,493
 2227,658
 2184,673
 2178,079
 2167,101
 2145,012
 2142,880
 2199,274
 2170,924
 2166,952
 2170,355
 2157,852
 2199,480
 2188,494
 2163,143
 2185,423
 2123,944
 2181,678
 2192,264
 2209,536
 2167,515
 2166,787
 2209,855
 2191,631
 2189,425
 2214,764
 2196,270
 2274,814
 2247,461
 2195,482
 2225,797
 2230,419
 2192,942
 2243,393
 2244,046
 2229,497
 2179,344
 2244,709
 2179,188
 2243,520
 2193,126
 2210,544
 2199,330
 2233,237
 2247,928
 2195,936
 2245,730
 2213,256
 2221,787
 2267,835
 2220,333
 2226,068
 2197,979
 2273,422
 2247,316
 2207,125
 2223,366
 2242,385
 2275,742
 2267,365
 2281,437
 2253,264
 2242,276
 2203,294
 2284,733
 2204,796
 2225,189
 2212,298
 2252,101
 2243,457
 2247,226
 2191,997
 2216,346
 2242,737
 2214,152
 2244,982
 2280,723
 2238,321
 2244,407
 2302,959
 2269,035
 2300,443
 2275,396
 2214,004
 2246,331
 2263,496
 2307,315
 2218,767
 2273,275
 2322,002
 2311,166
 2256,430
 2324,040
 2301,675
 2261,141
 2351,882
 2297,665
 2267,903
 2325,173
 2311,534
 2315,517
 2257,620
 2282,708
 2309,666
 2302,738
 2289,204
 2288,953
 2303,321
 2319,581
 2264,185
 2282,748
 2312,393
 2311,711
 2324,881
 2273,587
 2304,011
 2305,349
 2303,123
 2297,953
 2329,078
 2294,111
 2255,706
 2287,780
 2254,192
 2305,318
 2328,005
 2307,680
 2319,708
 2301,864
 2331,768
 2368,207
 2295,496
 2310,825
 2334,249
 2370,819
 2332,163
 2281,400
 2340,183
 2332,620
 2354,163
 2325,903
 2325,331
 2367,673
 2362,112
 2381,144
 2344,120
 2338,947
 2320,118
 2357,897
 2318,366
 2377,441
 2343,626
 2366,215
 2303,433
 2320,030
 2395,110
 2409,588
 2377,516
 2428,149
 2382,835
 2374,732
 2340,363
 2343,003
 2323,375
 2331,494
 2383,320
 2326,373
 2347,803
 2327,259
 2342,761
 2406,958
 2336,577
 2351,084
 2322,994
 2407,746
 2348,252
 2350,937
 2379,446
 2381,801
 2378,909
 2366,831
 2420,094
 2384,179
 2426,848
 2395,896
 2339,490
 2359,087
 2395,003
 2379,109
 2419,767
 2376,422
 2406,640
 2382,745
 2381,989
 2402,667
 2358,878
 2414,580
 2440,575
 2388,424
 2419,228
 2374,664
 2388,197
 2356,356
 2386,603
 2397,949
 2392,652
 2396,241
 2424,170
 2405,168
 2421,006
 2380,678
 2430,368
 2412,772
 2378,693
 2419,802
 2495,093
 2441,980
 2381,082
 2443,121
 2410,472
 2437,192
 2400,316
 2458,997
 2435,860
 2429,081
 2379,802
 2379,519
 2514,972
 2431,287
 2449,464
 2449,245
 2443,685
 2444,108
 2417,902
 2495,306
 2482,769
 2446,702
 2422,273
 2485,023
 2400,403
 2437,367
 2435,110
 2444,964
 2441,581
 2354,618
 2422,148
 2463,967
 2431,165
 2474,031
 2461,294
 2434,030
 2477,157
 2468,878
 2421,227
 2447,261
 2426,635
 2422,745
 2477,246
 2509,234
 2490,002
 2426,908
 2465,868
 2504,613
 2420,365
 2426,379
 2486,651
 2446,300
 2458,618
 2484,907
 2468,000
 2478,689
 2434,394
 2505,980
 2465,362
 2447,972
 2498,367
 2538,344
 2546,715
 2521,729
 2499,133
 2507,199
 2510,804
 2482,901
 2465,204
 2470,728
 2479,740
 2489,536
 2459,612
 2441,632
 2471,406
 2445,965
 2550,976
 2544,468
 2475,651
 2512,746
 2466,075
 2504,131
 2544,161
 2492,450
 2436,952
 2534,146
 2465,424
 2492,488
 2496,466
 2489,610
 2529,294
 2512,945
 2518,505
 2561,385
 2555,849
 2574,812
 2545,508
 2560,338
 2532,833
 2522,476
 2533,554
 2515,160
 2506,911
 2464,926
 2567,296
 2487,234
 2546,581
 2535,670
 2544,547
 2584,273
 2556,896
 2539,886
 2572,861
 2494,952
 2552,802
 2563,057
 2564,809
 2594,502
 2503,550
 2577,010
 2549,758
 2561,264
 2599,626
 2553,894
 2568,329
 2544,102
 2555,670
 2557,285
 2546,154
 2561,805
 2540,973
 2567,963
 2574,771
 2584,407
 2594,711
 2622,390
 2583,916
 2564,759
 2594,856
 2517,021
 2533,326
 2534,900
 2595,397
 2593,551
 2570,115
 2558,701
 2574,900
 2573,433
 2586,480
 2601,249
 2596,166
 2605,447
 2631,619
 2560,962
 2544,957
 2582,352
 2611,679
 2628,673
 2595,608
 2617,955
 2575,709
 2640,401
 2629,424
 2608,758
 2650,494
 2540,706
 2636,416
 2608,464
 2670,067
 2591,999
 2634,567
 2645,873
 2660,542
 2612,819
 2644,845
 2571,864
 2688,793
 2624,830
 2674,144
 2631,542
 2648,487
 2658,089
 2704,676
 2656,742
 2620,852
 2696,414
 2640,500
 2617,509
 2728,420
 2710,354
 2693,230
 2695,000
 2623,243
 2680,993
 2620,300
 2697,591
 2685,775
 2673,947
 2642,184
 2710,033
 2649,404
 2659,032
 2709,459
 2686,180
 2662,638
 2663,495
 2716,585
 2744,565
 2736,082
 2740,225
 2730,885
 2670,479
 2651,889
 2682,567
 2675,382
 2725,184
 2770,619
 2716,718
 2705,024
 2700,526
 2682,029
 2656,972
 2682,020
 2710,611
 2684,424
 2719,044
 2689,439
 2746,985
 2731,902
 2781,704
 2719,503
 2691,098
 2697,302
 2727,820
 2725,870
 2706,090
 2715,388
 2722,843
 2773,470
 2753,983
 2720,576
 2749,718
 2709,163
 2757,255
 2744,074
 2735,973
 2760,230
 2783,852
 2745,185
 2780,571
 2780,003
 2736,739
 2729,598
 2766,586
 2819,220
 2821,939
 2758,437
 2799,210
 2756,626
 2740,861
 2805,411
 2766,155
 2802,029
 2798,860
 2778,648
 2807,761
 2812,916
 2798,297
 2805,475
 2818,944
 2743,404
 2807,872
 2795,206
 2741,029
 2787,403
 2758,525
 2785,246
 2796,705
 2793,005
 2785,207
 2830,355
 2794,297
 2819,856
 2821,949
 2859,082
 2749,717
 2817,278
 2887,945
 2863,953
 2825,732
 2826,229
 2858,578
 2861,547
 2838,772
 2866,782
 2826,050
 2845,838
 2860,092
 2788,913
 2854,924
 2905,239
 2832,842
 2859,347
 2906,279
 2896,139
 2848,036
 2820,994
 2835,305
 2886,820
 2942,051
 2930,247
 2845,650
 2882,968
 2908,682
 2909,851
 2854,352
 2895,430
 2933,929
 2857,043
 2889,162
 2903,090
 2873,578
 2837,947
 2845,619
 2876,756
 2860,642
 2925,406
 2862,613
 2891,294
 2904,431
 2885,216
 2886,791
 2922,905
 2864,645
 2847,949
 2878,593
 2874,327
 2868,573
 2905,182
 2938,784
 2959,253
 2934,435
 2959,585
 2870,315
 2919,212
 2918,814
 2930,838
 2937,134
 2940,053
 2951,588
 2929,558
 2929,142
 2903,737
 2959,958
 2905,747
 2905,555
 2913,678
 2905,085
 2896,656
 2934,460
 2941,124
 2992,749
 2948,155
 2969,138
 2964,878
 2926,899
 2930,393
 3009,619
 2989,243
 2919,818
 2963,426
 2973,730
 3015,514
 2892,822
 2981,463
 2958,740
 2922,033
 2958,234
 3005,556
 2988,132
 2947,862
 2988,011
 2956,503
 2949,881
 2965,900
 3011,984
 2979,968
 3022,072
 3019,872
 2965,043
 3005,330
 2958,908
 2954,991
 3022,218
 3079,356
 2988,081
 2978,332
 3025,157
 2985,983
 2899,047
 3006,601
 2967,649
 3001,818
 2967,207
 2995,360
 3022,441
 2992,468
 2940,752
 3007,016
 2984,059
 2981,816
 2960,723
 3018,534
 3007,878
 3074,109
 3059,219
 2963,319
 2991,634
 3010,386
 2967,844
 3009,641
 2986,902
 2989,019
 2988,127
 2976,833
 2970,814
 3076,467
 3020,411
 3004,364
 3045,148
 3026,969
 3040,726
 3002,393
 3038,105
 3015,348
 3055,218
 2968,341
 3000,925
 3074,412
 3039,977
 2939,295
 3011,725
 2994,596
 3026,766
 2982,248
 2997,768
 3071,235
 2951,175
 3051,626
 3061,333
 3020,629
 3041,587
 3017,571
 2956,121
 3000,885
 3017,181
 3018,827
 3082,233
 3073,629
 3091,740
 2990,047
 3022,307
 3013,150
 3051,140
 3062,188
 3047,118
 3077,745
 3080,837
 3042,230
 3035,129
 3040,131
 3063,539
 3073,239
 3023,821
 3028,134
 3106,345
 3103,877
 3076,200
 3080,478
 3072,611
 3058,833
 3088,286
 3044,258
 3063,031
 3042,954
 3050,919
 3107,504
 3074,572
 3114,394
 3102,117
 3048,410
 3063,497
 3109,664
 3056,400
 3024,433
 3091,417
 3098,532
 3085,588
 3104,149
 3084,497
 3092,814
 3067,214
 3112,444
 3106,354
 3095,301
 3142,204
 3061,712
 3101,392
 3127,529
 3073,004
 3116,947
 3074,413
 3062,765
 3126,619
 3092,627
 3050,653
 3066,534
 3069,627
 3144,540
 3091,100
 3057,321
 3124,176
 3103,061
 3118,465
 3105,778
 3113,667
 3152,194
 3075,603
 3083,802
 3112,047
 3114,730
 3064,122
 3111,816
 3110,662
 3102,726
 3113,407
 3102,585
 3096,462
 3111,148
 3116,719
 3057,370
 3092,361
 3135,173
 3106,249
 3134,524
 3134,648
 3107,965
 3108,599
 3107,328
 3105,790
 3077,579
 3081,154
 3101,424
 3071,437
 3086,171
 3153,275
 3097,940
 3160,827
 3125,868
 3090,453
 3171,076
 3184,331
 3127,927
 3123,719
 3200,059
 3160,233
 3067,799
 3179,561
 3160,583
 3168,992
 3185,354
 3169,490
 3087,355
 3079,562
 3143,741
 3191,336
 3131,667
 3158,404
 3101,535
 3132,183
 3071,318
 3169,729
 3201,661
 3146,407
 3136,065
 3205,755
 3115,634
 3178,671
 3142,685
 3176,932
 3185,653
 3164,876
 3176,089
 3215,319
 3131,461
 3126,944
 3215,670
 3157,531
 3169,330
 3149,532
 3136,840
 3179,689
 3156,532
 3129,580
 3184,801
 3158,422
 3125,013
 3161,883
 3163,397
 3192,400
 3186,139
 3192,971
 3181,186
 3136,140
 3192,241
 3157,662
 3124,642
 3129,653
 3140,427
 3212,755
 3162,183
 3152,931
 3193,065
 3128,854
 3179,820
 3161,860
 3184,034
 3189,681
 3114,120
 3200,864
 3251,475
 3165,151
 3139,152
 3194,344
 3132,990
 3177,710
 3123,826
 3226,949
 3187,479
 3195,395
 3158,926
 3191,695
 3113,454
 3201,729
 3202,646
 3180,464
 3146,611
 3205,592
 3165,155
 3217,349
 3221,838
 3221,936
 3178,946
 3182,795
 3225,897
 3167,626
 3186,725
 3223,526
 3226,820
 3174,452
 3203,393
 3106,788
 3147,567
 3228,626
 3185,564
 3218,482
 3196,861
 3164,555
 3169,824
 3147,588
 3214,743
 3207,869
 3211,308
 3219,744
 3231,629
 3163,594
 3276,170
 3261,219
 3206,418
 3238,355
 3212,738
 3202,770
 3173,240
 3170,817
 3248,552
 3223,295
 3247,049
 3282,430
 3267,984
 3294,488
 3184,647
 3199,126
 3209,698
 3200,846
 3280,928
 3312,878
 3201,333
 3223,104
 3270,539
 3270,942
 3239,323
 3218,299
 3283,304
 3231,699
 3233,775
 3296,472
 3243,497
 3285,808
 3204,215
 3197,287
 3301,574
 3269,579
 3223,845
 3292,967
 3216,275
 3299,231
 3238,172
 3226,354
 3260,401
 3229,982
 3280,763
 3295,972
 3214,666
 3251,818
 3333,589
 3277,358
 3275,121
 3225,777
 3308,995
 3309,997
 3324,128
 3315,886
 3307,398
 3306,257
 3260,919
 3341,193
 3285,822
 3283,111
 3276,616
 3317,167
 3281,344
 3376,497
 3321,230
 3305,045
 3337,965
 3298,686
 3269,063
 3317,312
 3366,164
 3269,671
 3302,373
 3292,322
 3322,023
 3350,052
 3306,987
 3317,775
 3315,940
 3370,612
 3310,283
 3277,237
 3339,412
 3351,184
 3325,207
 3317,534
 3301,369
 3254,442
 3412,458
 3373,214
 3368,989
 3398,160
 3336,896
 3346,525
 3411,979
 3377,451
 3325,942
 3327,658
 3366,746
 3332,903
 3354,841
 3341,694
 3374,664
 3306,898
 3359,851
 3412,733
 3353,459
 3409,156
 3369,917
 3411,348
 3339,405
 3337,159
 3411,016
 3353,942
 3383,948
 3329,530
 3386,732
 3356,475
 3411,149
 3431,013
 3353,349
 3442,675
 3436,574
 3367,106
 3358,814
 3469,104
 3414,663
 3421,719
 3436,735
 3397,245
 3380,940
 3444,478
 3414,991
 3349,569
 3464,895
 3450,370
 3427,005
 3381,844
 3420,011
 3363,341
 3377,427
 3431,962
 3409,484
 3400,189
 3406,399
 3407,124
 3498,258
 3370,600
 3453,269
 3448,941
 3423,716
 3446,478
 3430,380
 3433,935
 3422,791
 3463,630
 3406,114
 3414,492
 3458,065
 3480,412
 3388,781
 3418,787
 3434,873
 3431,188
 3453,933
 3464,254
 3391,527
 3470,917
 3438,003
 3467,279
 3455,222
 3523,836
 3462,254
 3460,608
 3516,225
 3535,213
 3451,886
 3431,565
 3510,549
 3468,959
 3440,954
 3428,513
 3475,229
 3484,250
 3384,807
 3436,050
 3496,326
 3491,842
 3424,308
 3426,429
 3461,176
 3453,408
 3423,116
 3412,979
 3471,870
 3466,291
 3410,391
 3493,671
 3465,572
 3477,884
 3481,783
 3449,686
 3413,408
 3510,397
 3449,285
 3454,087
 3486,687
 3436,548
 3473,834
 3431,790
 3464,727
 3449,026
 3423,985
 3449,698
 3467,729
 3424,201
 3504,857
 3448,559
 3490,395
 3463,292
 3485,893
 3465,761
 3506,620
 3503,780
 3507,454
 3421,534
 3453,914
 3427,793
 3492,567
 3451,937
 3435,958
 3499,387
 3391,434
 3469,550
 3497,591
 3515,415
 3463,914
 3457,761
 3455,001
 3525,966
 3442,159
 3454,389
 3511,332
 3537,297
 3552,200
 3511,431
 3480,417
 3502,864
 3493,309
 3469,391
 3504,119
 3494,823
 3476,466
 3424,144
 3489,306
 3442,848
 3515,608
 3487,381
 3488,683
 3444,467
 3461,173
 3430,425
 3512,881
 3443,447
 3481,656
 3451,147
 3503,077
 3512,926
 3422,924
 3463,599
 3507,761
 3446,358
 3502,568
 3498,348
 3472,431
 3500,105
 3487,352
 3486,569
 3520,624
 3449,362
 3522,346
 3546,464
 3495,772
 3560,950
 3433,118
 3449,686
 3560,398
 3521,494
 3543,586
 3450,763
 3470,161
 3440,208
 3526,223
 3487,401
 3462,134
 3496,522
 3443,976
 3487,637
 3517,201
 3535,161
 3428,921
 3495,468
 3558,840
 3544,229
 3427,656
 3447,570
 3455,117
 3539,392
 3517,416
 3474,935
 3535,943
 3530,095
 3443,502
 3515,450
 3474,572
 3522,858
 3536,066
 3414,945
 3456,620
 3431,315
 3517,900
 3489,185
 3478,132
 3512,745
 3473,045
 3428,598
 3479,835
 3518,998
 3472,969
 3449,404
 3500,575
 3515,642
 3437,678
 3444,343
 3497,828
 3438,510
 3454,289
 3516,391
 3568,709
 3472,402
 3447,431
 3435,502
 3528,902
 3450,057
 3434,902
 3481,957
 3447,379
 3507,195
 3398,638
 3501,297
 3494,497
 3451,452
 3431,009
 3433,188
 3474,828
 3443,877
 3457,331
 3472,631
 3422,568
 3491,639
 3399,155
 3422,062
 3423,039
 3448,863
 3508,942
 3477,514
 3436,527
 3416,595
 3481,330
 3410,224
 3447,508
 3481,422
 3448,621
 3426,457
 3449,855
 3405,811
 3511,912
 3448,859
 3459,043
 3426,560
 3396,102
 3482,612
 3442,426
 3486,753
 3426,083
 3437,118
 3418,093
 3466,464
 3424,136
 3414,086
 3408,878
 3455,572
 3405,844
 3459,186
 3394,574
 3424,493
 3409,039
 3373,636
 3436,452
 3426,248
 3422,936
 3449,821
 3420,781
 3426,081
 3345,855
 3448,298
 3410,985
 3449,466
 3364,012
 3395,071
 3394,860
 3404,967
 3361,664
 3397,994
 3384,101
 3418,736
 3373,908
 3379,227
 3429,303
 3425,149
 3399,079
 3423,418
 3380,635
 3420,471
 3383,999
 3432,889
 3351,898
 3291,859
 3370,229
 3369,845
 3468,723
 3336,310
 3399,294
 3342,211
 3369,615
 3354,606
 3352,898
 3382,150
 3398,197
 3418,462
 3252,193
 3386,968
 3425,375
 3366,373
 3381,662
 3440,947
 3320,786
 3426,527
 3404,360
 3373,245
 3367,689
 3310,728
 3412,114
 3371,186
 3353,332
 3325,104
 3338,884
 3346,803
 3346,369
 3388,110
 3378,088
 3365,190
 3362,304
 3396,260
 3376,157
 3341,123
 3390,858
 3311,012
 3346,637
 3313,912
 3326,501
 3352,575
 3294,248
 3342,363
 3323,665
 3347,355
 3329,965
 3347,202
 3384,148
 3310,858
 3368,588
 3349,754
 3358,944
 3311,279
 3372,157
 3285,711
 3290,836
 3302,280
 3310,974
 3377,363
 3374,302
 3288,016
 3310,272
 3308,459
 3347,192
 3386,083
 3278,180
 3299,549
 3312,074
 3272,507
 3325,288
 3253,248
 3325,211
 3303,451
 3307,386
 3252,082
 3277,101
 3247,210
 3284,016
 3270,379
 3293,945
 3290,471
 3304,841
 3184,484
 3180,843
 3246,559
 3285,018
 3219,265
 3260,863
 3215,506
 3289,878
 3257,191
 3260,381
 3283,558
 3246,742
 3291,082
 3266,312
 3286,970
 3228,092
 3234,782
 3309,000
 3310,250
 3292,452
 3284,368
 3188,531
 3228,582
 3226,611
 3290,514
 3218,238
 3255,209
 3270,252
 3253,031
 3298,747
 3262,495
 3241,579
 3235,366
 3208,415
 3182,224
 3297,687
 3223,869
 3209,967
 3212,833
 3240,024
 3177,320
 3222,929
 3184,351
 3186,771
 3237,461
 3196,715
 3237,322
 3183,501
 3198,347
 3180,579
 3155,745
 3144,755
 3142,609
 3186,337
 3199,335
 3178,130
 3140,066
 3124,777
 3147,997
 3122,439
 3160,654
 3170,615
 3181,396
 3214,768
 3142,769
 3161,185
 3114,947
 3197,613
 3128,107
 3154,511
 3120,716
 3216,837
 3086,807
 3189,931
 3181,081
 3200,737
 3131,542
 3138,661
 3146,620
 3069,259
 3167,593
 3081,911
 3095,999
 3107,620
 3133,165
 3121,180
 3134,748
 3135,695
 3117,778
 3094,452
 3185,975
 3132,846
 3195,501
 3154,122
 3121,401
 3235,506
 3087,923
 3074,931
 3107,894
 3121,367
 3079,004
 3143,678
 3126,549
 3126,752
 3079,187
 3062,260
 3081,608
 3068,565
 3062,965
 3140,586
 3081,555
 3100,521
 3108,454
 3046,744
 3102,398
 3060,668
 3097,007
 3124,313
 3083,039
 3068,283
 3104,641
 3025,677
 3019,001
 3085,460
 3010,376
 3102,118
 3076,891
 3049,384
 3018,979
 3045,361
 3106,118
 3018,402
 3032,230
 3032,820
 3027,569
 2998,533
 3011,839
 3029,553
 2946,492
 2967,266
 3050,024
 3048,020
 3054,661
 3057,760
 3010,956
 3061,978
 3017,089
 2992,788
 3003,008
 3086,140
 3014,543
 2966,903
 2980,253
 3050,280
 3009,021
 3042,774
 2983,840
 2987,132
 3026,645
 3011,915
 3060,521
 2973,458
 3022,050
 2976,159
 2987,136
 2938,508
 2965,876
 2896,822
 2985,511
 3008,518
 2979,133
 2946,536
 2909,222
 2928,832
 2978,665
 3014,635
 2977,576
 2884,578
 2959,176
 2939,840
 2931,260
 2956,651
 2926,232
 2981,430
 2955,776
 2884,241
 2949,230
 2968,879
 2957,800
 2972,244
 2951,887
 2857,751
 2954,065
 2883,259
 2935,753
 2935,737
 2899,174
 2932,285
 2934,596
 2898,106
 2908,352
 2937,906
 2930,287
 2904,503
 2909,951
 2886,894
 2924,476
 2875,613
 2869,502
 2938,813
 2895,735
 2898,054
 2918,423
 2922,671
 2865,287
 2853,240
 2901,341
 2930,192
 2872,807
 2890,889
 2818,002
 2841,711
 2836,781
 2850,770
 2926,740
 2858,063
 2875,829
 2826,816
 2843,940
 2840,401
 2881,084
 2841,727
 2809,356
 2875,626
 2851,027
 2827,952
 2865,672
 2879,050
 2844,236
 2833,405
 2822,355
 2774,499
 2803,016
 2809,928
 2775,546
 2846,005
 2796,682
 2793,341
 2785,281
 2799,072
 2837,484
 2805,579
 2815,255
 2770,022
 2752,644
 2769,836
 2761,212
 2748,088
 2774,999
 2805,737
 2774,968
 2730,875
 2804,317
 2779,862
 2785,609
 2821,889
 2774,367
 2801,789
 2737,717
 2750,665
 2762,766
 2753,351
 2714,861
 2798,673
 2717,801
 2738,482
 2682,298
 2775,050
 2711,855
 2725,529
 2731,349
 2703,838
 2762,171
 2727,090
 2732,421
 2743,071
 2673,510
 2715,736
 2720,637
 2755,683
 2707,182
 2699,499
 2704,499
 2714,561
 2716,336
 2713,886
 2754,289
 2802,405
 2665,569
 2652,008
 2702,645
 2684,174
 2655,536
 2698,351
 2682,747
 2691,010
 2690,824
 2701,682
 2731,615
 2682,254
 2672,966
 2718,321
 2678,944
 2669,215
 2692,178
 2638,783
 2692,863
 2696,821
 2681,403
 2678,685
 2639,869
 2626,445
 2615,351
 2665,427
 2645,760
 2649,546
 2653,134
 2624,798
 2616,117
 2630,985
 2601,382
 2612,513
 2573,471
 2634,664
 2609,412
 2663,140
 2570,207
 2671,504
 2634,005
 2592,442
 2631,935
 2689,267
 2620,753
 2572,762
 2642,474
 2577,724
 2531,952
 2566,701
 2548,868
 2540,254
 2580,488
 2593,414
 2621,587
 2588,486
 2553,782
 2559,865
 2552,505
 2520,013
 2570,578
 2553,697
 2537,868
 2505,917
 2554,766
 2543,072
 2541,583
 2523,641
 2537,774
 2505,736
 2512,142
 2572,080
 2502,042
 2587,352
 2517,791
 2466,575
 2548,985
 2490,835
 2490,165
 2510,518
 2490,343
 2520,418
 2503,354
 2529,457
 2556,353
 2533,506
 2496,562
 2484,223
 2487,438
 2509,757
 2447,575
 2500,524
 2512,973
 2477,697
 2487,856
 2503,672
 2477,682
 2528,091
 2499,755
 2457,120
 2556,856
 2523,138
 2509,247
 2535,840
 2488,906




























































































































































































































































































































































































































































































































































































































































































































































































































































































































































































































































































































































































































































































































































































































































































































































































































































































































































































































































































































































































































































































































































































































































































































































































































































































































































































































































































































































































































































































































































































































































































































































































































































































































































































































































































































































































































































































































































































































































































































































































































































































































































































































































































































































































































































































































































































































































































































































































































































































































































































































































































































































































































































































































































































































































































































































































































































































































































































































































































































































































































































































































































































































































































































































































































































































































































































































































































































































































































































































































































































































































































































































































































































































































































































































































































































































































































































































































































































































































































































































































































































































































































































































































































































































































































































































































































































































































































































































































































































































































































































































































































































































































































































































































































































































































































































































































































































































































































































































































































































































































































































































































































































































































































































































































































































































































































































































































































































































































































































































































































































































































































































































































































































































































































































































































































































































































































































































































































































































































































































































































































































































































































































































































































































































































































































































































































































































































































































































































































































































































































































































































































































































































































































































































































































































































































































































































































































































































































































































































































































































































































































































































































































































































































































































































































































































































































































































































































































































































































































































































































































































































































































































































































































































































































































































































































































































































































































































































































































































































































































































































































































































































































































































































































































































































































































































































































































































































































































































































































































































































































































































































































































































































































































































































































































































































































































































































































































































































































































































































































































































































































































































































































































































































































































































































































































































































































































































































































































































































































































































































































































































































































































































































































































































































































































































































































































































































































































































































































































































































































































































































































































































































































































































































































































































































































































































































































































































































































































































































































































































































































































































































































































































































































































































































































































































































































































































































































































































































































































































































































































































































































































































































































































































































































































































































































































































































































































































































































































































































































































































































































































































































































































































































































































































































































































































































































































































































































































































































































































































































































































































































































































































































































































































































































































































































































































































































































































































































































































































































































































































































































































































































































































































































































































































































































































































































































































































































































































































































































































































































































































































































































































































































































































































































































































































































































































































































































































































































































































































































































































































































































































































































































































































































































































































































































































































































































































































































































































































































































































































































































































































































































































































































































































































































































































































































































































































































































































































































































































































































































































































































































































































































































































































































































































































































































































































































































































































































































































































































































































































































































































































































































































































































































































































































































































































































