 694,550
 694,160
 638,145
 681,438
 685,028
 682,815
 681,616
 641,896
 675,744
 652,799
 653,243
 720,737
 690,938
 674,582
 659,474
 695,150
 670,065
 661,223
 675,633
 694,787
 667,753
 687,164
 675,622
 680,192
 671,411
 677,475
 706,056
 678,719
 658,440
 664,171
 708,250
 698,956
 670,669
 671,536
 669,278
 658,844
 644,649
 653,035
 671,998
 674,055
 676,331
 673,165
 676,336
 676,432
 640,221
 679,992
 694,730
 646,996
 693,397
 687,245
 679,750
 625,580
 655,456
 665,845
 679,075
 675,108
 668,544
 681,502
 673,620
 663,420
 695,168
 678,465
 671,507
 684,020
 649,556
 654,627
 728,173
 684,306
 693,894
 677,705
 677,031
 694,479
 708,624
 743,419
 698,029
 713,169
 654,109
 741,984
 675,914
 680,113
 698,280
 648,575
 708,833
 711,536
 690,559
 694,095
 686,623
 670,436
 671,001
 708,096
 746,504
 675,219
 679,654
 687,526
 700,687
 698,217
 712,337
 686,782
 670,532
 692,603
 701,031
 688,265
 699,014
 664,113
 717,675
 683,693
 707,564
 694,023
 703,725
 721,117
 680,172
 689,729
 721,479
 680,985
 725,110
 681,233
 689,000
 704,412
 671,822
 653,842
 715,558
 670,332
 672,176
 706,373
 717,202
 728,571
 701,056
 709,658
 715,902
 711,479
 689,530
 715,789
 700,166
 682,940
 692,449
 662,810
 680,922
 691,824
 723,310
 684,780
 671,002
 696,015
 708,046
 708,310
 725,342
 708,401
 731,583
 708,660
 702,396
 703,584
 683,040
 687,814
 676,510
 681,385
 664,036
 679,315
 694,146
 700,642
 696,412
 731,731
 713,819
 739,490
 734,089
 678,506
 708,587
 693,157
 691,087
 706,480
 672,385
 744,051
 702,718
 695,413
 708,937
 688,109
 711,627
 650,695
 676,994
 708,957
 680,927
 705,385
 713,620
 697,488
 654,862
 727,302
 727,369
 678,566
 738,885
 721,193
 746,337
 747,860
 717,175
 717,876
 712,590
 719,616
 703,516
 672,718
 720,764
 674,431
 687,208
 758,610
 731,020
 711,271
 706,637
 672,369
 706,428
 711,142
 732,730
 654,965
 732,116
 706,272
 666,685
 729,551
 724,820
 703,451
 731,190
 741,710
 707,560
 683,095
 707,514
 759,049
 734,421
 703,108
 719,575
 716,625
 707,237
 689,450
 724,146
 699,132
 724,556
 737,223
 685,660
 710,790
 688,250
 746,910
 706,387
 736,910
 729,631
 700,531
 704,792
 720,558
 730,984
 757,152
 721,420
 690,420
 712,396
 697,462
 690,662
 691,673
 723,128
 702,242
 670,476
 727,724
 716,792
 689,396
 707,646
 729,739
 692,442
 711,080
 723,066
 737,721
 693,525
 721,971
 699,779
 699,867
 667,913
 717,325
 753,994
 689,297
 710,801
 721,612
 730,181
 714,885
 743,358
 723,468
 722,936
 722,715
 721,297
 743,758
 737,254
 692,592
 732,992
 745,161
 695,244
 733,766
 738,872
 733,820
 735,118
 734,660
 725,998
 723,322
 723,425
 737,187
 707,761
 668,209
 726,709
 759,269
 713,450
 733,404
 740,456
 741,572
 766,027
 763,078
 733,584
 741,809
 742,591
 787,886
 775,420
 744,095
 700,674
 764,001
 731,052
 753,942
 748,653
 789,033
 733,653
 753,454
 748,360
 764,966
 718,487
 737,166
 769,992
 752,784
 721,564
 731,868
 779,540
 749,152
 721,463
 766,994
 741,735
 745,201
 747,839
 767,219
 754,916
 742,349
 746,832
 726,465
 770,980
 757,326
 761,325
 725,486
 748,366
 810,631
 728,319
 786,470
 770,564
 733,797
 746,081
 756,950
 825,700
 756,054
 747,358
 736,006
 720,388
 785,194
 765,768
 775,859
 785,342
 777,733
 704,123
 782,868
 762,407
 759,625
 748,155
 761,443
 765,827
 761,272
 777,522
 792,434
 783,257
 735,458
 723,523
 771,991
 769,951
 795,986
 772,574
 738,850
 766,139
 756,914
 787,038
 806,449
 820,585
 769,839
 812,588
 803,810
 789,166
 815,270
 783,475
 801,466
 792,047
 775,005
 747,712
 797,989
 773,121
 814,700
 773,961
 779,739
 812,518
 799,517
 787,643
 795,922
 765,188
 778,800
 818,351
 801,730
 795,129
 834,652
 813,107
 817,288
 833,135
 796,353
 779,495
 799,908
 800,874
 782,197
 801,758
 824,929
 823,146
 829,910
 814,412
 833,833
 791,841
 814,840
 844,904
 812,884
 833,978
 810,477
 826,187
 817,611
 820,027
 810,184
 819,009
 859,300
 841,864
 833,746
 809,493
 811,400
 834,151
 817,792
 866,936
 840,665
 816,502
 883,941
 849,436
 852,675
 846,715
 806,423
 867,837
 867,692
 854,370
 839,937
 806,220
 813,398
 841,043
 843,403
 840,298
 847,885
 885,190
 874,672
 814,975
 835,851
 856,135
 864,525
 820,822
 828,383
 826,798
 822,459
 853,337
 859,520
 896,968
 853,275
 878,990
 844,327
 851,857
 851,925
 862,610
 853,536
 915,075
 845,469
 877,401
 843,940
 852,536
 853,986
 896,765
 928,521
 871,050
 929,203
 914,234
 898,815
 874,246
 903,110
 882,984
 922,277
 885,425
 885,537
 854,082
 902,696
 878,485
 880,268
 878,795
 887,346
 917,242
 931,942
 897,161
 938,671
 879,370
 951,277
 891,145
 904,324
 892,435
 897,700
 887,540
 886,424
 904,140
 959,247
 938,986
 926,289
 931,231
 905,588
 902,930
 909,245
 958,626
 926,420
 890,672
 959,389
 892,938
 900,282
 937,402
 961,047
 942,524
 924,977
 930,028
 892,540
 995,386
 940,314
 961,191
 908,798
 996,529
 959,882
 981,745
 914,484
 956,048
 967,145
 911,950
 970,975
 967,510
 902,137
 947,827
 902,991
 934,693
 964,814
 986,717
 957,701
 976,455
 982,766
 985,467
 993,657
 932,403
 974,648
 974,575
 969,110
 959,854
 926,333
 1008,345
 990,555
 996,743
 983,512
 976,108
 1012,011
 988,962
 977,267
 990,330
 955,595
 995,684
 999,973
 964,233
 1005,692
 983,048
 995,371
 1003,242
 1034,224
 1004,291
 1049,205
 999,855
 1031,659
 989,118
 1012,088
 1022,098
 1006,722
 962,645
 983,676
 1001,915
 986,837
 1019,934
 1019,042
 1004,820
 1020,891
 998,402
 1009,743
 1005,401
 998,870
 992,026
 1028,620
 1008,964
 987,676
 1043,744
 1027,838
 1020,350
 1007,415
 1040,318
 993,912
 1009,836
 1040,747
 1054,365
 1041,561
 1004,846
 1080,989
 1015,112
 1029,449
 1030,250
 1026,821
 1046,784
 1055,620
 1064,616
 1018,383
 1057,253
 1032,289
 1064,049
 1067,324
 1053,987
 1054,388
 1014,397
 1071,853
 1065,533
 1029,329
 1009,892
 1065,723
 1026,304
 1031,731
 1060,012
 1055,061
 1063,049
 1081,934
 1075,602
 1022,889
 1071,682
 1054,028
 1042,955
 1061,566
 1054,894
 1080,037
 1025,460
 1066,093
 1068,886
 1048,950
 1047,324
 1056,508
 1079,301
 1117,206
 1102,294
 1040,510
 1090,090
 1071,414
 1086,967
 1094,081
 1121,533
 1058,690
 1073,213
 1080,170
 1109,844
 1111,559
 1054,987
 1040,984
 1106,759
 1118,808
 1066,067
 1089,491
 1097,531
 1074,580
 1118,092
 1118,569
 1116,937
 1123,204
 1146,095
 1151,010
 1087,203
 1117,021
 1146,889
 1092,258
 1127,221
 1142,869
 1122,436
 1104,324
 1108,786
 1076,565
 1108,614
 1090,184
 1120,984
 1132,038
 1132,723
 1126,131
 1136,334
 1111,302
 1135,761
 1173,296
 1152,945
 1110,380
 1178,076
 1158,171
 1109,948
 1130,407
 1126,525
 1134,646
 1135,757
 1130,650
 1145,563
 1136,913
 1167,983
 1130,333
 1177,953
 1167,189
 1183,402
 1129,925
 1175,120
 1145,756
 1088,953
 1141,144
 1154,289
 1129,338
 1193,180
 1171,369
 1145,975
 1175,957
 1209,622
 1207,314
 1137,022
 1201,946
 1181,065
 1170,586
 1186,403
 1144,506
 1210,668
 1188,743
 1197,567
 1169,338
 1206,601
 1181,772
 1192,532
 1193,487
 1187,562
 1211,080
 1154,829
 1195,289
 1202,751
 1185,018
 1212,278
 1206,099
 1241,526
 1211,691
 1174,018
 1142,891
 1200,884
 1238,820
 1205,197
 1161,693
 1234,470
 1198,295
 1177,513
 1169,820
 1260,454
 1199,173
 1198,778
 1238,587
 1207,158
 1230,140
 1235,397
 1240,590
 1281,562
 1263,592
 1240,124
 1243,600
 1210,209
 1237,321
 1238,311
 1282,323
 1216,721
 1262,866
 1237,053
 1268,366
 1268,368
 1244,578
 1266,041
 1243,747
 1237,258
 1233,560
 1243,255
 1252,193
 1231,705
 1286,974
 1269,474
 1224,952
 1257,746
 1267,024
 1286,246
 1251,893
 1244,306
 1251,723
 1265,918
 1309,171
 1248,826
 1244,883
 1249,026
 1336,320
 1270,209
 1283,039
 1290,441
 1263,692
 1317,038
 1315,105
 1277,272
 1270,799
 1312,784
 1274,884
 1287,017
 1343,641
 1272,864
 1292,645
 1304,280
 1273,521
 1262,800
 1281,665
 1328,939
 1309,147
 1324,421
 1301,525
 1277,742
 1288,858
 1355,569
 1282,983
 1342,540
 1302,646
 1299,632
 1311,113
 1311,772
 1327,600
 1290,652
 1328,269
 1344,967
 1347,596
 1303,352
 1302,793
 1318,337
 1305,384
 1318,683
 1309,591
 1275,025
 1347,470
 1314,088
 1314,647
 1400,084
 1334,716
 1373,405
 1326,999
 1327,559
 1348,485
 1323,476
 1312,200
 1385,217
 1304,641
 1345,585
 1373,580
 1364,075
 1389,307
 1311,878
 1371,869
 1363,483
 1313,229
 1357,638
 1381,360
 1344,268
 1377,378
 1368,202
 1311,360
 1375,832
 1334,796
 1354,437
 1373,225
 1437,373
 1384,611
 1370,771
 1370,575
 1338,992
 1354,016
 1408,038
 1374,576
 1348,563
 1369,101
 1408,850
 1365,224
 1380,081
 1377,265
 1387,476
 1453,383
 1409,637
 1392,745
 1393,168
 1386,143
 1436,194
 1376,938
 1411,811
 1423,786
 1392,951
 1426,727
 1432,423
 1403,041
 1373,885
 1381,577
 1423,095
 1395,981
 1411,908
 1420,102
 1420,321
 1411,254
 1439,124
 1408,922
 1408,735
 1405,136
 1378,859
 1444,586
 1452,645
 1438,471
 1426,525
 1417,195
 1400,679
 1418,272
 1407,520
 1443,828
 1362,974
 1401,374
 1484,008
 1431,801
 1419,217
 1483,753
 1412,617
 1414,255
 1434,349
 1402,478
 1378,776
 1461,365
 1366,717
 1427,996
 1412,032
 1436,676
 1444,691
 1448,871
 1440,894
 1396,869
 1373,975
 1465,332
 1446,376
 1419,540
 1477,904
 1440,262
 1472,235
 1411,952
 1423,005
 1488,297
 1441,780
 1427,477
 1465,423
 1472,694
 1459,920
 1433,994
 1500,679
 1452,626
 1436,429
 1492,323
 1498,030
 1450,773
 1423,537
 1487,873
 1468,086
 1455,286
 1440,079
 1465,120
 1466,190
 1474,870
 1464,495
 1432,176
 1489,569
 1459,562
 1378,531
 1469,805
 1427,150
 1468,030
 1474,759
 1496,939
 1437,217
 1443,154
 1441,684
 1434,988
 1443,376
 1499,471
 1478,342
 1465,886
 1428,656
 1496,521
 1495,996
 1503,090
 1485,778
 1456,140
 1493,349
 1484,996
 1488,508
 1447,484
 1478,096
 1449,273
 1445,283
 1454,816
 1480,023
 1472,412
 1498,325
 1473,847
 1454,418
 1482,971
 1484,061
 1413,676
 1482,683
 1467,278
 1443,633
 1435,462
 1482,794
 1449,517
 1479,137
 1433,498
 1471,038
 1462,041
 1424,974
 1447,226
 1439,945
 1465,148
 1465,577
 1452,478
 1471,766
 1439,357
 1449,460
 1505,128
 1487,273
 1447,899
 1462,273
 1455,817
 1493,365
 1481,791
 1413,876
 1440,281
 1481,491
 1466,084
 1402,625
 1459,416
 1429,854
 1446,252
 1428,709
 1463,570
 1446,564
 1475,571
 1493,742
 1440,701
 1445,646
 1459,183
 1499,185
 1469,337
 1499,569
 1499,622
 1488,426
 1446,185
 1493,589
 1463,265
 1499,126
 1418,362
 1443,996
 1453,409
 1482,881
 1479,591
 1437,604
 1448,140
 1504,447
 1479,296
 1470,619
 1462,789
 1432,872
 1439,820
 1403,983
 1443,256
 1461,797
 1452,204
 1420,473
 1507,424
 1455,277
 1464,460
 1478,467
 1380,212
 1445,820
 1466,720
 1454,597
 1432,651
 1431,402
 1442,563
 1436,820
 1423,359
 1481,349
 1448,128
 1460,903
 1450,177
 1487,635
 1457,913
 1436,646
 1442,496
 1436,884
 1465,988
 1434,238
 1439,319
 1516,730
 1474,680
 1441,570
 1456,446
 1402,280
 1408,209
 1443,651
 1433,226
 1398,472
 1436,755
 1466,610
 1415,753
 1463,071
 1427,021
 1426,455
 1456,213
 1459,165
 1450,847
 1421,919
 1429,348
 1400,696
 1438,680
 1422,734
 1408,623
 1404,539
 1441,617
 1456,921
 1429,052
 1432,362
 1428,539
 1444,507
 1408,886
 1454,293
 1444,292
 1420,455
 1450,807
 1415,617
 1438,342
 1455,702
 1454,331
 1446,681
 1422,514
 1448,751
 1417,256
 1412,891
 1482,495
 1455,619
 1435,314
 1412,400
 1393,408
 1473,678
 1415,124
 1462,058
 1442,825
 1440,058
 1477,594
 1463,386
 1464,503
 1437,961
 1368,610
 1400,551
 1448,917
 1426,778
 1466,447
 1447,494
 1418,875
 1461,725
 1381,502
 1369,320
 1476,286
 1428,707
 1406,371
 1426,572
 1420,572
 1439,576
 1421,756
 1418,644
 1388,726
 1403,596
 1402,510
 1409,215
 1408,542
 1452,215
 1447,963
 1405,455
 1455,350
 1406,678
 1393,082
 1379,378
 1405,599
 1431,825
 1429,452
 1413,437
 1407,210
 1385,206
 1444,849
 1383,949
 1409,500
 1445,045
 1390,308
 1406,284
 1406,198
 1388,909
 1430,457
 1419,695
 1397,966
 1436,550
 1432,431
 1432,096
 1425,670
 1439,099
 1407,063
 1388,289
 1406,297
 1387,272
 1381,147
 1393,357
 1400,049
 1459,703
 1388,718
 1413,793
 1429,920
 1419,592
 1331,005
 1392,799
 1414,317
 1376,269
 1397,294
 1435,082
 1415,412
 1411,976
 1377,580
 1404,194
 1393,232
 1393,546
 1406,585
 1401,332
 1370,843
 1370,104
 1411,419
 1395,554
 1387,727
 1422,562
 1382,633
 1392,801
 1414,351
 1403,796
 1353,354
 1410,370
 1393,655
 1369,656
 1390,816
 1397,027
 1448,571
 1382,315
 1387,935
 1389,886
 1409,398
 1400,400
 1368,554
 1386,973
 1395,444
 1366,396
 1391,451
 1364,565
 1359,041
 1408,294
 1353,670
 1400,595
 1383,862
 1353,010
 1378,514
 1386,747
 1372,041
 1399,375
 1341,605
 1330,601
 1381,358
 1403,323
 1388,552
 1351,160
 1421,067
 1360,751
 1374,700
 1362,312
 1384,153
 1348,869
 1372,474
 1344,495
 1424,515
 1352,990
 1388,326
 1355,490
 1341,994
 1331,997
 1346,269
 1368,716
 1355,476
 1325,354
 1370,562
 1348,318
 1384,658
 1356,254
 1389,229
 1343,062
 1386,991
 1348,585
 1352,232
 1361,991
 1359,418
 1350,922
 1350,432
 1363,972
 1398,126
 1343,944
 1332,784
 1344,792
 1325,639
 1390,708
 1334,924
 1338,059
 1408,457
 1381,459
 1387,611
 1349,822
 1330,715
 1324,279
 1318,707
 1353,980
 1308,312
 1301,500
 1292,593
 1319,487
 1351,634
 1338,620
 1271,103
 1314,818
 1290,072
 1347,048
 1349,534
 1345,024
 1355,850
 1318,163
 1309,713
 1340,531
 1289,544
 1313,397
 1302,698
 1406,333
 1322,601
 1313,525
 1298,219
 1331,639
 1306,945
 1342,256
 1363,585
 1333,929
 1394,082
 1360,030
 1324,530
 1312,002
 1299,664
 1283,427
 1287,182
 1328,317
 1322,442
 1319,801
 1282,667
 1310,720
 1296,712
 1315,656
 1320,064
 1312,868
 1314,360
 1283,364
 1292,717
 1323,536
 1336,682
 1360,936
 1411,188
 1269,355
 1343,850
 1342,304
 1286,239
 1279,292
 1256,964
 1321,478
 1295,027
 1315,225
 1316,566
 1280,837
 1267,297
 1254,799
 1264,791
 1276,052
 1267,643
 1281,036
 1322,336
 1318,789
 1300,259
 1302,016
 1280,062
 1316,446
 1282,201
 1253,264
 1256,345
 1251,508
 1329,408
 1286,826
 1241,318
 1280,498
 1309,117
 1287,747
 1245,509
 1297,322
 1321,417
 1288,932
 1217,481
 1308,100
 1278,644
 1172,913
 1235,764
 1273,465
 1248,900
 1309,224
 1262,251
 1239,970
 1264,303
 1253,867
 1253,082
 1256,650
 1275,467
 1298,594
 1294,637
 1279,580
 1257,806
 1200,271
 1272,157
 1244,384
 1227,574
 1241,897
 1280,968
 1270,481
 1241,157
 1217,085
 1254,843
 1259,900
 1244,437
 1286,343
 1245,207
 1231,984
 1268,023
 1268,017
 1253,475
 1278,322
 1259,581
 1232,331
 1261,335
 1231,564
 1278,340
 1243,100
 1231,722
 1240,382
 1258,588
 1247,865
 1199,349
 1232,107
 1229,613
 1215,634
 1229,235
 1249,439
 1213,068
 1195,332
 1231,471
 1231,264
 1229,892
 1255,273
 1197,439
 1289,742
 1250,909
 1224,521
 1212,060
 1185,506
 1246,494
 1216,937
 1213,424
 1186,467
 1248,640
 1211,469
 1200,468
 1186,249
 1235,965
 1219,371
 1169,330
 1204,055
 1212,293
 1166,134
 1194,777
 1192,306
 1228,278
 1184,481
 1237,840
 1237,152
 1184,044
 1193,476
 1214,561
 1210,237
 1199,487
 1217,006
 1170,644
 1250,792
 1229,875
 1162,641
 1161,213
 1212,759
 1162,802
 1217,122
 1195,849
 1203,920
 1175,690
 1178,688
 1179,184
 1178,327
 1156,757
 1225,117
 1183,005
 1216,668
 1157,139
 1210,496
 1157,835
 1183,658
 1235,187
 1189,350
 1194,029
 1220,205
 1171,752
 1155,184
 1191,884
 1199,369
 1183,759
 1188,673
 1194,639
 1177,360
 1195,831
 1199,563
 1117,448
 1208,200
 1223,163
 1168,661
 1164,811
 1216,478
 1235,818
 1110,522
 1215,218
 1160,712
 1245,501
 1165,403
 1166,744
 1152,597
 1172,674
 1163,736
 1160,008
 1170,032
 1130,361
 1124,224
 1160,479
 1180,930
 1171,389
 1154,081
 1163,494
 1151,512
 1157,004
 1155,692
 1174,364
 1177,528
 1143,066
 1130,090
 1134,519
 1190,409
 1136,936
 1144,183
 1128,806
 1186,967
 1184,155
 1168,222
 1168,546
 1160,339
 1149,070
 1147,125
 1173,946
 1190,233
 1125,108
 1144,399
 1224,227
 1136,159
 1138,439
 1135,776
 1173,630
 1152,563
 1139,658
 1139,386
 1157,266
 1164,188
 1163,471
 1122,912
 1122,057
 1128,722
 1116,039
 1177,435
 1162,398
 1133,202
 1145,463
 1165,434
 1131,242
 1152,267
 1158,883
 1176,208
 1169,561
 1141,149
 1159,991
 1102,704
 1157,446
 1143,557
 1133,768
 1157,855
 1098,779
 1123,826
 1160,715
 1157,691
 1130,271
 1138,543
 1163,275
 1150,060
 1152,373
 1149,434
 1159,167
 1163,160
 1166,346
 1111,424
 1136,427
 1115,972
 1146,241
 1102,317
 1138,273
 1144,067
 1140,440
 1149,253
 1105,624
 1083,289
 1092,509
 1130,571
 1117,920
 1079,813
 1083,833
 1138,923
 1166,031
 1154,534
 1086,541
 1170,128
 1110,919
 1139,496
 1121,380
 1134,681
 1119,343
 1136,159
 1136,186
 1142,311
 1133,279
 1106,063
 1153,405
 1102,055
 1137,566
 1136,530
 1132,173
 1110,486
 1107,108
 1148,080
 1156,985
 1109,982
 1141,612
 998,244
 1116,195
 1127,128
 1153,582
 1121,706
 1096,371
 1152,375
 1150,423
 1114,324
 1115,795
 1118,258
 1091,427
 1093,288
 1122,740
 1110,651
 1092,160
 1109,514
 1122,850
 1150,233
 1116,139
 1106,973
 1103,514
 1099,908
 1135,545
 1107,034
 1148,294
 1119,788
 1127,200
 1102,979
 1104,921
 1097,029
 1142,908
 1101,951
 1121,232
 1104,584
 1119,675
 1118,229
 1156,669
 1143,861
 1088,942
 1127,870
 1143,745
 1125,776
 1107,155
 1108,975
 1164,613
 1129,852
 1121,280
 1091,560
 1112,837
 1158,270
 1071,871
 1117,551
 1141,550
 1062,669
 1064,719
 1118,376
 1123,485
 1088,646
 1130,446
 1069,432
 1109,936
 1128,735
 1155,762
 1101,262
 1115,065
 1096,753
 1121,083
 1112,225
 1091,380
 1100,746
 1091,716
 1125,493
 1087,409
 1107,140
 1107,174
 1063,285
 1107,861
 1094,599
 1099,347
 1100,598
 1099,739
 1064,458
 1106,266
 1073,005
 1081,066
 1085,484
 1101,173
 1038,766
 1123,749
 1114,040
 1095,408
 1071,423
 1081,414
 1095,575
 1100,880
 1077,333
 1098,155
 1086,444
 1095,000
 1108,577
 1089,807
 1059,475
 1122,770
 1147,147
 1149,779
 1112,596
 1107,312
 1095,847
 1104,565
 1113,510
 1107,163
 1099,351
 1121,939
 1111,107
 1093,733
 1111,224
 1132,958
 1115,605
 1112,269
 1115,255
 1098,918
 1075,380
 1104,488
 1096,392
 1119,897
 1080,368
 1118,497
 1070,177
 1092,568
 1059,018
 1092,408
 1038,177
 1067,345
 1077,032
 1049,630
 1134,596
 1082,802
 1082,674
 1100,104
 1091,300
 1062,968
 1109,727
 1063,104
 1097,424
 1093,271
 1068,357
 1132,622
 1101,439
 1079,796
 1104,964
 1064,182
 1068,638
 1103,291
 1074,315
 1108,371
 1071,858
 1037,841
 1115,055
 1106,049
 1065,984
 1046,371
 1044,292
 1096,409
 1083,703
 1011,539
 1110,557
 1100,848
 1030,756
 1070,774
 1083,498
 1089,259
 1139,111
 1078,026
 1085,249
 1109,008
 1089,001
 1086,283
 1081,256
 1081,522
 1045,716
 1081,139
 1072,846
 1081,976
 1040,219
 1047,760
 1062,655
 1077,164
 1104,738
 1081,408
 1048,505
 1105,638
 1074,005
 1085,860
 1090,748
 1048,381
 1098,371
 1085,532
 1065,037
 1076,877
 1063,622
 1069,355
 1065,596
 1108,762
 1082,430
 1075,343
 1099,005
 1069,927
 1092,985
 1071,611
 1040,246
 1088,246
 1099,147
 1060,218
 1071,714
 1067,693
 1088,529
 1083,310
 1106,388
 1087,520
 1124,947
 1088,256
 1125,037
 1074,907
 1080,383
 1095,960
 1092,233
 1033,314
 1059,894
 1024,167
 1098,366
 1077,910
 1054,639
 1111,424
 1122,352
 1049,593
 1084,115
 1098,329
 1058,824
 1059,680
 1103,008
 1057,711
 1049,173
 1061,678
 1032,310
 1060,293
 1090,267
 1073,001
 1086,681
 1077,466
 1090,882
 1068,526
 1109,587
 1104,161
 1109,302
 1065,176
 1069,443
 1101,231
 1024,162
 1074,422
 1065,813
 1063,700
 1090,911
 1064,542
 1033,895
 1133,982
 1125,187
 1079,283
 1093,008
 1122,681
 1099,059
 1004,641
 1091,674
 1060,719
 1049,520
 1070,600
 1072,516
 1064,544
 1072,682
 1066,554
 1031,709
 1110,563
 1064,837
 1099,135
 1068,318
 1040,268
 1032,462
 1057,857
 1064,770
 1108,725
 1040,885
 1088,726
 1091,060
 1080,061
 1064,905
 1065,447
 1102,636
 1080,091
 1075,409
 1032,798
 1090,933
 1101,930
 1057,468
 1026,210
 1020,193
 1099,394
 1052,301
 1053,547
 1075,173
 1101,289
 1066,487
 1058,303
 1044,776
 1045,892
 1086,011
 1064,858
 1032,036
 1062,376
 1013,871
 1029,362
 1025,017
 1102,735
 1056,186
 1067,191
 1029,001
 1063,648
 1068,557
 1056,639
 1067,058
 1082,059
 1065,588
 1050,432
 1064,997
 1069,493
 1093,456
 1082,968
 1053,242
 1062,956
 1077,686
 1102,446
 1116,342
 1044,109
 1078,522
 1069,162
 1101,174
 1069,528
 1089,263
 1081,641
 1066,389
 1049,946
 1108,425
 1081,461
 981,877
 1042,375
 1075,525
 1083,078
 1067,103
 1063,348
 1124,390
 1103,691
 1052,578
 1099,052
 1089,557
 1084,369
 1117,103
 1059,327
 1064,011
 1048,729
 1094,012
 1068,224
 1075,096
 1041,778
 1048,016
 1084,904
 1063,978
 1100,731
 1043,558
 1041,308
 1089,350
 1004,517
 1035,404
 1083,073
 1066,387
 1110,713
 1006,436
 1060,875
 1071,260
 1065,997
 1091,514
 1111,635
 1078,678
 1092,407
 1062,934
 1072,921
 1078,010
 1059,657
 1062,455
 1077,717
 1056,638
 1061,917
 1097,701
 1054,149
 1090,871
 1100,632
 1091,540
 1071,267
 1054,525
 1085,615
 1048,629
 1037,547
 1096,732
 1093,434
 1073,778
 1075,471
 1034,548
 1105,678
 1088,345
 1108,242
 1078,281
 1041,242
 1096,651
 1066,951
 1103,902
 1080,613
 1064,458
 1077,546
 1094,010
 1046,970
 1112,604
 1083,961
 1014,286
 1066,502
 1106,905
 1085,526
 1081,913
 1068,135
 1102,061
 1067,975
 1053,557
 1058,014
 1081,670
 1058,672
 1078,629
 1060,440
 1097,846
 1106,269
 1067,834
 1081,593
 1034,337
 1110,358
 1093,765
 1067,527
 1102,435
 1091,318
 1094,024
 1064,206
 1081,769
 1080,907
 1108,744
 1085,397
 1074,649
 1086,553
 1062,826
 1072,626
 1083,659
 1084,947
 1089,926
 1106,660
 1055,525
 1086,165
 1077,088
 1088,992
 1071,512
 1035,209
 1087,683
 1069,280
 1084,424
 1081,848
 1117,270
 1100,404
 1103,354
 1118,692
 1084,242
 1126,373
 1111,213
 1050,106
 1110,313
 1152,839
 1103,701
 1106,904
 1105,452
 1088,161
 1088,290
 1082,001
 1093,813
 1060,682
 1120,142
 1102,335
 1081,620
 1103,034
 1098,519
 1129,084
 1081,345
 1135,629
 1104,441
 1048,168
 1067,924
 1084,496
 1076,954
 1101,909
 1069,580
 1107,311
 1144,319
 1072,847
 1092,574
 1100,691
 1141,570
 1110,741
 1095,936
 1120,671
 1094,659
 1105,517
 1099,067
 1118,513
 1113,592
 1089,759
 1088,601
 1141,264
 1102,642
 1101,837
 1103,284
 1154,458
 1079,265
 1132,420
 1144,905
 1111,450
 1069,430
 1062,529
 1102,215
 1087,150
 1136,987
 1097,228
 1160,740
 1106,651
 1111,446
 1147,996
 1112,894
 1078,967
 1097,797
 1104,746
 1088,174
 1098,019
 1097,000
 1087,548
 1135,674
 1115,842
 1073,078
 1130,690
 1164,172
 1131,372
 1107,468
 1102,631
 1116,373
 1135,315
 1112,128
 1120,761
 1132,666
 1126,065
 1150,162
 1089,229
 1124,445
 1116,103
 1127,965
 1104,028
 1107,564
 1084,244
 1127,843
 1176,172
 1108,040
 1115,800
 1151,241
 1109,227
 1074,283
 1135,947
 1094,294
 1150,238
 1163,235
 1137,177
 1112,830
 1122,241
 1084,886
 1126,483
 1155,357
 1149,421
 1136,006
 1134,657
 1113,597
 1140,321
 1147,104
 1087,021
 1138,195
 1168,139
 1162,749
 1120,088
 1120,415
 1122,781
 1126,102
 1131,914
 1133,486
 1134,150
 1193,129
 1136,450
 1140,170
 1111,500
 1119,944
 1175,790
 1115,468
 1108,923
 1182,101
 1149,654
 1140,928
 1107,076
 1129,498
 1146,873
 1162,648
 1146,606
 1115,380
 1142,648
 1138,612
 1134,892
 1131,869
 1128,883
 1123,710
 1121,241
 1189,539
 1134,681
 1128,695
 1158,752
 1157,534
 1130,782
 1123,152
 1151,739
 1163,001
 1163,089
 1159,124
 1173,860
 1165,363
 1163,036
 1139,087
 1119,084
 1153,908
 1139,472
 1173,453
 1159,637
 1165,660
 1196,159
 1137,953
 1162,365
 1153,604
 1167,202
 1178,160
 1159,970
 1161,815
 1180,301
 1158,383
 1200,713
 1115,704
 1170,212
 1140,662
 1135,358
 1193,677
 1131,227
 1143,567
 1159,822
 1121,873
 1126,410
 1146,003
 1134,442
 1176,703
 1172,540
 1169,042
 1200,702
 1179,187
 1165,134
 1142,741
 1175,962
 1177,926
 1146,590
 1132,320
 1203,126
 1177,588
 1153,432
 1164,254
 1161,763
 1173,601
 1179,098
 1181,624
 1156,256
 1162,311
 1173,298
 1202,137
 1140,605
 1147,959
 1166,742
 1156,844
 1202,368
 1177,239
 1162,369
 1166,048
 1161,079
 1201,956
 1169,917
 1186,903
 1217,504
 1179,200
 1162,203
 1198,175
 1183,058
 1163,932
 1154,897
 1137,616
 1147,238
 1176,826
 1209,711
 1224,013
 1168,204
 1202,550
 1187,713
 1160,408
 1191,223
 1232,272
 1200,629
 1204,969
 1122,855
 1160,060
 1181,433
 1150,525
 1206,222
 1171,771
 1178,337
 1053,089
 1175,658
 1199,838
 1206,101
 1178,999
 1192,120
 1179,823
 1205,745
 1193,915
 1208,122
 1175,408
 1181,824
 1217,137
 1190,537
 1183,476
 1215,006
 1240,708
 1202,604
 1214,568
 1184,300
 1167,186
 1189,745
 1178,822
 1165,528
 1166,818
 1177,610
 1171,063
 1257,296
 1189,963
 1167,835
 1204,601
 1193,860
 1211,662
 1232,836
 1218,326
 1212,527
 1229,389
 1222,146
 1231,749
 1238,090
 1238,745
 1222,861
 1265,198
 1224,871
 1223,574
 1229,327
 1223,030
 1189,698
 1235,110
 1214,646
 1276,795
 1270,507
 1243,755
 1301,770
 1250,228
 1275,524
 1294,829
 1268,758
 1279,616
 1259,745
 1297,513
 1259,753
 1276,225
 1308,700
 1274,358
 1263,802
 1250,378
 1235,501
 1284,184
 1281,770
 1273,395
 1315,540
 1312,617
 1305,871
 1341,597
 1300,548
 1267,620
 1302,446
 1304,055
 1274,041
 1259,436
 1269,547
 1309,534
 1262,792
 1294,377
 1338,794
 1324,806
 1206,551
 1325,640
 1299,799
 1283,299
 1242,553
 1301,645
 1287,898
 1270,733
 1329,383
 1297,182
 1307,708
 1311,655
 1301,629
 1291,340
 1325,568
 1249,210
 1284,623
 1324,243
 1277,612
 1311,795
 1311,238
 1335,470
 1298,704
 1254,275
 1267,103
 1304,051
 1289,920
 1303,994
 1326,779
 1328,306
 1355,766
 1302,015
 1310,342
 1313,150
 1284,615
 1306,131
 1274,979
 1294,887
 1248,251
 1254,385
 1299,448
 1291,611
 1283,005
 1322,577
 1303,118
 1300,452
 1299,662
 1288,300
 1267,530
 1279,177
 1317,987
 1317,226
 1324,044
 1299,426
 1291,293
 1279,118
 1294,940
 1300,923
 1332,343
 1297,299
 1311,745
 1299,035
 1299,834
 1269,821
 1254,587
 1284,760
 1288,452
 1311,640
 1285,752
 1280,646
 1318,936
 1308,941
 1328,507
 1276,084
 1302,174
 1267,007
 1262,658
 1331,476
 1303,580
 1334,992
 1324,465
 1248,926
 1339,332
 1291,914
 1237,698
 1281,627
 1307,787
 1267,132
 1303,171
 1267,359
 1304,398
 1358,801
 1305,335
 1308,252
 1237,606
 1302,232
 1293,860
 1315,944
 1263,184
 1305,269
 1276,955
 1273,070
 1299,741
 1300,737
 1319,976
 1289,116
 1280,774
 1279,682
 1326,779
 1312,927
 1265,238
 1267,086
 1270,370
 1257,535
 1314,582
 1309,432
 1283,884
 1282,344
 1258,195
 1268,051
 1301,050
 1321,149
 1302,838
 1291,307
 1284,770
 1305,311
 1294,657
 1257,034
 1240,196
 1316,887
 1250,068
 1299,096
 1276,384
 1298,145
 1272,011
 1326,233
 1278,974
 1265,000
 1297,111
 1296,809
 1300,775
 1339,236
 1227,078
 1304,150
 1320,073
 1304,770
 1278,607
 1292,396
 1222,998
 1305,226
 1273,734
 1310,736
 1306,091
 1298,328
 1265,859
 1336,327
 1307,041
 1319,881
 1334,276
 1350,546
 1311,299
 1315,668
 1274,574
 1337,578
 1325,212
 1304,862
 1312,291
 1291,813
 1269,984
 1340,985
 1317,394
 1297,351
 1316,192
 1319,728
 1341,081
 1297,289
 1275,420
 1328,621
 1301,182
 1305,042
 1319,280
 1353,358
 1302,675
 1344,925
 1356,853
 1339,269
 1313,318
 1343,272
 1347,163
 1319,052
 1343,206
 1328,208
 1352,458
 1312,672
 1316,155
 1346,374
 1372,248
 1315,673
 1397,023
 1329,800
 1361,194
 1379,755
 1308,000
 1275,525
 1325,828
 1394,504
 1366,327
 1336,962
 1312,552
 1353,984
 1382,808
 1317,861
 1316,909
 1357,786
 1343,833
 1334,447
 1293,422
 1345,356
 1399,634
 1358,304
 1402,347
 1400,301
 1361,329
 1350,191
 1331,642
 1367,955
 1356,402
 1341,686
 1357,762
 1324,967
 1345,392
 1285,085
 1362,546
 1372,728
 1381,064
 1367,363
 1341,052
 1388,091
 1358,518
 1336,824
 1411,745
 1373,593
 1396,024
 1369,281
 1412,791
 1395,548
 1377,181
 1343,003
 1430,908
 1391,221
 1374,818
 1360,336
 1396,191
 1362,528
 1413,193
 1390,193
 1395,784
 1399,058
 1373,631
 1382,292
 1415,464
 1371,281
 1404,928
 1430,526
 1407,475
 1414,336
 1446,737
 1416,863
 1389,458
 1490,463
 1376,494
 1424,510
 1423,688
 1390,751
 1413,495
 1441,807
 1439,353
 1404,788
 1454,032
 1393,086
 1413,139
 1432,421
 1384,572
 1432,486
 1429,916
 1446,495
 1425,108
 1418,544
 1405,093
 1412,645
 1412,302
 1416,535
 1420,015
 1439,716
 1458,455
 1432,612
 1433,170
 1418,976
 1436,231
 1462,324
 1405,628
 1458,515
 1460,309
 1443,061
 1478,953
 1409,289
 1384,416
 1474,120
 1447,439
 1441,376
 1432,000
 1469,066
 1442,705
 1417,095
 1461,016
 1411,938
 1504,366
 1465,309
 1449,110
 1456,357
 1482,802
 1439,544
 1504,874
 1454,547
 1468,048
 1456,972
 1444,433
 1441,711
 1476,617
 1459,866
 1478,636
 1499,548
 1487,992
 1478,371
 1480,350
 1462,479
 1468,778
 1472,568
 1425,236
 1448,601
 1465,064
 1480,077
 1461,536
 1497,331
 1469,828
 1543,408
 1451,697
 1491,342
 1490,578
 1518,863
 1487,839
 1486,579
 1482,085
 1423,657
 1466,152
 1476,119
 1466,370
 1503,279
 1491,545
 1506,454
 1489,352
 1471,830
 1552,714
 1489,839
 1474,757
 1496,677
 1544,090
 1479,537
 1512,702
 1495,595
 1481,007
 1475,366
 1539,867
 1539,924
 1539,237
 1483,882
 1480,240
 1534,327
 1527,415
 1536,774
 1525,960
 1511,888
 1512,951
 1565,893
 1524,685
 1518,620
 1522,315
 1573,948
 1551,986
 1557,639
 1529,083
 1548,526
 1534,055
 1522,153
 1512,644
 1559,600
 1572,645
 1512,131
 1589,308
 1494,791
 1521,949
 1531,677
 1571,755
 1533,001
 1534,688
 1515,681
 1585,577
 1557,649
 1509,295
 1498,993
 1590,791
 1546,027
 1571,532
 1548,583
 1585,098
 1557,283
 1547,684
 1584,697
 1529,562
 1586,453
 1570,970
 1530,046
 1578,301
 1574,760
 1557,085
 1536,420
 1623,900
 1593,505
 1591,556
 1547,777
 1574,384
 1552,683
 1610,547
 1589,540
 1572,075
 1600,831
 1588,815
 1556,547
 1582,070
 1627,927
 1563,093
 1628,599
 1594,811
 1596,115
 1570,156
 1662,644
 1637,270
 1598,629
 1538,854
 1568,325
 1583,518
 1616,457
 1607,861
 1578,760
 1590,070
 1665,323
 1584,191
 1584,049
 1588,227
 1629,140
 1604,939
 1526,142
 1631,442
 1569,001
 1613,260
 1605,298
 1622,097
 1588,171
 1627,661
 1587,583
 1624,893
 1572,852
 1606,285
 1612,758
 1579,824
 1629,024
 1586,286
 1601,689
 1650,805
 1607,598
 1598,255
 1610,113
 1672,534
 1605,718
 1610,238
 1628,620
 1619,893
 1595,935
 1642,493
 1645,856
 1612,371
 1654,983
 1613,874
 1691,684
 1608,971
 1634,467
 1635,322
 1675,458
 1634,632
 1658,021
 1610,854
 1690,871
 1611,317
 1644,343
 1655,078
 1634,294
 1675,139
 1637,612
 1644,169
 1686,470
 1624,183
 1603,432
 1676,633
 1642,118
 1661,106
 1673,448
 1622,078
 1624,490
 1625,770
 1669,926
 1706,668
 1677,202
 1678,648
 1694,225
 1659,125
 1677,914
 1682,238
 1629,353
 1643,504
 1638,427
 1671,831
 1639,921
 1656,302
 1634,237
 1673,539
 1673,266
 1690,712
 1714,836
 1698,284
 1652,564
 1654,586
 1709,295
 1606,906
 1653,772
 1691,420
 1726,498
 1699,915
 1662,344
 1703,085
 1722,244
 1661,447
 1653,780
 1693,390
 1692,227
 1696,931
 1720,146
 1705,788
 1667,843
 1751,435
 1693,228
 1706,836
 1728,266
 1760,319
 1722,033
 1706,339
 1706,921
 1649,392
 1768,417
 1695,901
 1734,415
 1719,779
 1639,532
 1640,624
 1666,455
 1713,724
 1689,991
 1735,499
 1684,423
 1756,337
 1717,844
 1752,454
 1696,236
 1668,866
 1765,862
 1716,193
 1745,564
 1773,322
 1747,634
 1740,531
 1703,150
 1761,575
 1761,093
 1686,225
 1757,509
 1781,444
 1762,987
 1762,245
 1755,723
 1761,080
 1767,259
 1743,082
 1755,098
 1665,097
 1751,894
 1757,437
 1789,322
 1729,911
 1750,214
 1744,310
 1745,049
 1773,211
 1729,683
 1788,791
 1739,682
 1730,700
 1768,242
 1819,961
 1764,037
 1769,916
 1759,473
 1771,027
 1756,043
 1728,818
 1759,021
 1780,979
 1787,266
 1718,906
 1779,921
 1770,894
 1737,969
 1805,080
 1779,387
 1785,077
 1766,816
 1821,372
 1794,068
 1817,690
 1794,578
 1748,659
 1793,558
 1785,324
 1785,940
 1797,100
 1778,559
 1826,971
 1737,455
 1786,481
 1783,016
 1865,594
 1814,386
 1809,095
 1793,130
 1754,570
 1804,284
 1733,642
 1834,207
 1847,757
 1759,622
 1744,239
 1821,424
 1801,446
 1814,064
 1789,034
 1805,117
 1831,429
 1801,745
 1820,501
 1845,042
 1825,430
 1800,138
 1826,431
 1840,263
 1780,566
 1785,071
 1862,020
 1859,719
 1818,165
 1795,335
 1857,878
 1790,067
 1805,026
 1824,692
 1818,225
 1871,853
 1871,332
 1802,501
 1866,786
 1853,198
 1850,031
 1756,437
 1788,742
 1843,378
 1853,438
 1841,605
 1842,996
 1843,950
 1772,291
 1843,389
 1857,050
 1874,996
 1864,855
 1921,280
 1878,350
 1938,344
 1862,132
 1863,597
 1860,302
 1856,767
 1897,386
 1868,753
 1879,167
 1851,478
 1803,513
 1827,161
 1817,061
 1818,981
 1852,679
 1861,949
 1852,522
 1934,028
 1860,904
 1857,444
 1896,340
 1879,048
 1862,863
 1862,716
 1875,467
 1876,625
 1917,040
 1865,926
 1888,495
 1889,749
 1893,840
 1884,446
 1859,890
 1890,513
 1870,224
 1875,715
 1889,702
 1900,786
 1916,503
 1915,560
 1895,384
 1867,991
 1869,211
 1909,731
 1932,007
 1905,019
 1855,167
 1891,335
 1907,027
 1903,524
 1919,324
 1916,467
 1889,276
 1917,596
 1895,298
 1885,975
 1964,030
 1948,266
 1936,728
 1898,993
 1877,970
 1886,395
 1883,456
 1897,516
 1927,351
 2009,222
 1917,596
 1886,754
 1930,994
 1970,810
 1894,674
 1980,983
 1971,699
 1905,302
 1946,525
 1951,753
 1949,248
 1934,653
 1907,450
 1961,527
 1957,423
 1979,163
 1931,176
 1978,595
 1941,353
 1937,392
 1980,203
 1967,816
 2003,631
 1989,096
 1911,454
 1929,676
 1908,614
 2024,346
 1974,669
 1988,887
 1950,565
 1948,741
 1967,132
 1937,531
 2020,501
 1991,451
 1985,445
 1998,669
 2013,807
 1990,543
 1961,199
 2006,770
 1984,228
 2009,051
 2002,390
 2013,361
 2051,879
 2006,195
 1990,372
 1981,634
 2006,529
 2021,261
 2062,751
 2024,303
 2002,982
 2063,118
 1967,576
 2049,165
 2026,570
 1981,894
 2032,036
 2033,224
 2040,273
 2079,183
 2042,791
 2094,479
 2071,931
 2026,926
 2026,705
 2010,479
 2045,974
 2005,997
 2063,653
 2040,183
 2045,380
 2064,221
 2065,848
 2044,392
 2087,782
 2070,155
 2084,699
 2032,465
 2081,808
 2045,829
 2087,865
 2017,168
 2074,310
 2044,125
 2095,290
 2077,956
 2085,938
 2063,573
 2122,986
 2050,064
 2100,462
 2094,353
 2070,612
 2095,631
 2073,464
 2108,483
 2091,415
 2062,905
 2059,508
 2141,115
 2088,926
 2088,968
 2045,456
 2101,121
 2098,450
 2108,029
 2096,239
 2117,797
 2132,332
 2117,916
 2135,801
 2152,202
 2100,186
 2125,775
 2111,040
 2134,520
 2143,769
 2074,807
 2115,954
 2087,533
 2093,129
 2115,012
 2138,493
 2155,289
 2097,218
 2155,526
 2135,796
 2137,280
 2178,325
 2063,388
 2108,179
 2164,533
 2185,768
 2156,136
 2163,373
 2151,541
 2153,496
 2213,962
 2128,588
 2170,739
 2201,311
 2145,993
 2168,640
 2169,064
 2146,281
 2084,382
 2150,336
 2129,296
 2158,908
 2107,584
 2165,437
 2177,170
 2099,735
 2156,085
 2164,664
 2158,743
 2156,154
 2189,207
 2126,929
 2191,329
 2221,840
 2117,869
 2203,249
 2138,688
 2169,292
 2225,357
 2130,944
 2172,893
 2128,800
 2158,435
 2199,668
 2138,572
 2229,132
 2203,722
 2198,081
 2237,780
 2159,100
 2203,422
 2158,597
 2187,679
 2127,066
 2233,551
 2190,463
 2159,303
 2200,629
 2138,763
 2207,127
 2191,596
 2195,636
 2225,360
 2192,390
 2245,998
 2236,376
 2204,323
 2151,685
 2242,886
 2214,786
 2213,366
 2273,541
 2177,993
 2239,559
 2189,874
 2219,228
 2216,644
 2261,439
 2227,811
 2223,125
 2191,824
 2276,034
 2246,537
 2259,334
 2199,297
 2256,978
 2235,462
 2187,525
 2155,191
 2247,969
 2182,712
 2220,149
 2216,742
 2276,205
 2175,353
 2291,941
 2219,217
 2196,222
 2222,335
 2273,114
 2261,671
 2223,509
 2207,479
 2200,892
 2206,457
 2262,232
 2241,668
 2205,747
 2255,812
 2249,896
 2242,025
 2217,934
 2246,036
 2257,034
 2253,224
 2263,330
 2224,329
 2279,811
 2233,125
 2239,951
 2260,673
 2271,917
 2182,227
 2224,906
 2215,282
 2282,914
 2223,783
 2256,961
 2256,009
 2224,173
 2261,927
 2266,417
 2239,874
 2141,856
 2213,003
 2333,024
 2297,558
 2251,994
 2265,513
 2274,412
 2318,512
 2261,259
 2226,499
 2217,437
 2219,559
 2229,864
 2239,225
 2280,979
 2257,110
 2222,106
 2312,821
 2280,030
 2314,388
 2285,608
 2307,789
 2335,878
 2299,354
 2254,986
 2322,470
 2245,571
 2315,782




























































































































































































































































































































































































































































































































































































































































































































































































































































































































































































































































































































































































































































































































































































































































































































































































































































































































































































































































































































































































































































































































































































































































































































































































































































































































































































































































































































































































































































































































































































































































































































































































































































































































































































































































































































































































































































































































































































































































































































































































































































































































































































































































































































































































































































































































































































































































































































































































































































































































































































































































































































































































































































































































































































































































































































































































































































































































































































































































































































































































































































































































































































































































































































































































































































































































































































































































































































































































































































































































































































































































































































































































































































































































































































































































































































































































































































































































































































































































































































































































































































































































































































































































































































































































































































































































































































































































































































































































































































































































































































































































































































































































































































































































































































































































































































































































































































































































































































































































































































































































































































































































































































































































































































































































































































































































































































































































































































































































































































































































































































































































































































































































































































































































































































































































































































































































































































































































































































































































































































































































































































































































































































































































































































































































































































































































































































































































































































































































































































































































































































































































































































































































































































































































































































































































































































































































































































































































































































































































































































































































































































































































































































































































































































































































































































































































































































































































































































































































































































































































































































































































































































































































































































































































































































































































































































































































































































































































































































































































































































































































































































































































































































































































































































































































































































































































































































































































































































































































































































































































































































































































































































































































































































































































































































































































































































































































































































































































































































































































































































































































































































































































































































































































































































































































































































































































































































































































































































































































































































































































































































































































































































































































































































































































































































































































































































































































































































































































































































































































































































































































































































































































































































































































































































































































































































































































































































































































































































































































































































































































































































































































































































































































































































































































































































































































































































































































































































































































































































































































































































































































































































































































































































































































































































































































































































































































































































































































































































































































































































































































































































































































































































































































































































































































































































































































































































































































































































































































































































































































































































































































































































































































































































































































































































































































































































































































































































































































































































































































































































































































































































































































































































































































































































































































































































































































































































































































































































































































































































































































































































































































































































































































































































































































































































































































































































































































































































































































































































































































































































































































































































































































































































































































































































































































































































































































































































































































































































































































































































































































































































































































































































































































































































































































































































































































































































































































































































































































































































































































































































































































































































































































































































































































































































































































































































































































































































































































































































































































































































































































































































































































































































































































































































































































































































































































