 627,103
 604,048
 629,680
 595,422
 595,735
 600,348
 639,291
 571,718
 637,515
 594,909
 624,298
 635,540
 603,829
 621,607
 634,898
 590,839
 634,839
 622,175
 602,179
 627,885
 608,225
 630,912
 592,609
 599,638
 618,163
 602,928
 651,715
 625,471
 630,041
 593,993
 665,378
 629,051
 629,163
 616,650
 613,300
 594,127
 597,409
 622,997
 601,547
 631,183
 623,902
 622,647
 625,818
 616,357
 613,733
 638,759
 595,880
 634,981
 638,783
 662,669
 598,649
 589,535
 617,500
 637,446
 625,008
 627,048
 634,684
 653,376
 638,667
 606,076
 644,650
 620,302
 608,975
 625,584
 609,415
 626,501
 659,361
 632,696
 655,937
 622,546
 622,964
 604,640
 659,199
 661,499
 609,282
 618,415
 633,356
 689,283
 617,205
 641,611
 618,818
 611,438
 622,544
 626,613
 627,207
 643,851
 627,641
 627,838
 623,488
 643,106
 632,908
 660,201
 643,882
 659,946
 648,531
 663,537
 672,197
 626,161
 643,772
 647,547
 643,961
 659,320
 649,316
 641,721
 659,785
 607,234
 641,755
 666,170
 638,462
 670,053
 675,803
 647,404
 686,527
 669,789
 659,574
 679,048
 682,447
 653,076
 648,884
 661,215
 668,044
 632,922
 623,843
 680,705
 657,947
 674,231
 653,270
 673,614
 653,370
 683,900
 668,504
 683,021
 657,295
 660,548
 686,168
 633,318
 670,546
 635,572
 674,977
 652,285
 692,574
 658,605
 686,747
 655,335
 643,968
 660,341
 675,331
 645,855
 618,837
 662,897
 604,397
 671,703
 656,303
 650,528
 639,733
 650,097
 654,825
 686,443
 684,397
 689,678
 681,051
 707,268
 689,306
 686,971
 695,206
 668,854
 655,315
 672,074
 660,643
 702,272
 687,426
 638,615
 634,936
 693,024
 683,774
 692,474
 701,570
 658,986
 680,654
 689,547
 699,967
 651,067
 688,722
 696,445
 701,154
 652,898
 691,645
 697,709
 694,727
 674,951
 679,218
 734,533
 674,361
 686,575
 637,434
 709,855
 728,137
 670,608
 676,558
 698,809
 714,909
 687,514
 719,471
 683,292
 682,671
 664,175
 716,073
 683,911
 676,957
 694,531
 668,870
 671,661
 695,875
 679,148
 682,857
 724,507
 681,619
 696,749
 698,776
 714,266
 688,546
 680,990
 678,342
 726,728
 726,078
 684,808
 673,901
 704,321
 677,042
 744,050
 694,944
 721,985
 699,719
 696,392
 691,368
 696,770
 695,771
 679,504
 711,619
 686,425
 700,127
 726,022
 682,099
 710,080
 689,185
 719,581
 687,385
 717,341
 731,047
 708,249
 678,941
 675,022
 724,984
 716,429
 675,151
 711,989
 712,376
 741,117
 705,590
 705,772
 705,813
 699,306
 682,303
 728,266
 733,449
 714,048
 716,038
 705,408
 747,938
 728,985
 704,513
 712,155
 717,963
 709,542
 738,774
 732,273
 724,573
 736,112
 724,147
 721,537
 711,420
 716,489
 701,252
 738,135
 712,657
 751,843
 748,226
 757,871
 738,012
 677,720
 746,089
 733,637
 754,183
 735,111
 710,325
 748,893
 748,948
 744,872
 766,943
 748,944
 793,880
 744,509
 695,355
 746,451
 710,096
 746,107
 753,301
 762,663
 781,502
 753,079
 756,721
 788,894
 721,346
 777,018
 724,096
 752,089
 775,939
 776,434
 760,812
 792,053
 772,450
 750,872
 761,432
 747,432
 751,688
 765,809
 777,988
 789,932
 757,846
 769,777
 801,633
 758,207
 758,739
 792,593
 769,223
 751,587
 787,910
 783,541
 788,359
 794,299
 764,477
 778,683
 735,692
 771,452
 790,771
 802,337
 785,949
 781,253
 804,128
 786,365
 775,757
 780,243
 796,846
 779,733
 833,762
 782,413
 800,360
 791,932
 780,855
 799,798
 813,197
 812,599
 770,273
 794,211
 814,160
 821,893
 812,201
 805,814
 800,460
 803,725
 795,886
 824,420
 822,653
 821,381
 762,197
 804,932
 819,933
 775,210
 802,876
 835,668
 824,954
 811,072
 839,895
 839,035
 836,680
 813,359
 790,848
 808,020
 831,368
 817,330
 852,843
 840,314
 828,280
 842,826
 830,486
 836,537
 834,364
 849,761
 832,153
 822,682
 816,252
 830,956
 857,400
 856,889
 823,801
 860,047
 873,181
 855,517
 846,788
 852,331
 855,407
 821,480
 821,081
 843,637
 880,401
 805,814
 843,080
 853,120
 852,641
 837,383
 842,085
 830,405
 859,650
 889,070
 844,081
 862,360
 869,878
 864,851
 843,510
 868,347
 887,002
 904,356
 885,008
 881,806
 860,284
 861,098
 902,964
 879,778
 855,467
 875,072
 836,163
 908,244
 877,835
 908,108
 914,162
 879,604
 920,539
 891,175
 877,581
 894,823
 849,092
 852,993
 864,526
 873,167
 845,486
 908,778
 880,821
 888,325
 914,371
 946,443
 914,571
 909,307
 900,830
 899,380
 925,375
 904,379
 886,924
 922,325
 909,529
 928,642
 919,950
 905,494
 946,612
 928,930
 936,611
 946,105
 936,101
 913,462
 935,291
 881,350
 935,549
 876,650
 941,275
 938,624
 931,944
 931,115
 940,175
 971,724
 941,967
 950,351
 975,827
 959,141
 969,803
 958,992
 938,186
 966,594
 939,379
 940,343
 940,781
 942,778
 938,541
 966,894
 942,763
 982,088
 943,267
 973,395
 975,523
 969,041
 935,579
 981,804
 955,534
 947,318
 959,572
 992,288
 984,315
 1010,121
 967,822
 1014,268
 979,388
 973,689
 991,941
 1035,373
 968,769
 992,430
 1008,172
 1001,043
 997,476
 1025,218
 1019,529
 992,971
 957,335
 947,699
 1012,316
 971,444
 1010,889
 990,172
 1031,481
 985,823
 1012,056
 1006,780
 992,912
 995,817
 995,781
 1061,360
 1023,762
 1019,010
 977,318
 999,929
 1013,063
 1011,508
 1002,009
 1042,897
 1057,828
 1036,014
 1030,250
 1052,366
 1019,512
 1040,731
 1025,092
 1064,957
 1046,962
 1035,559
 1044,117
 1048,718
 1080,028
 1072,532
 1062,397
 1094,751
 1084,808
 1035,430
 989,510
 1074,379
 1078,696
 1093,908
 1088,752
 1073,686
 1055,138
 1065,822
 1043,383
 1081,464
 1069,827
 1080,062
 1051,738
 1082,450
 1012,328
 1095,373
 1080,807
 1033,482
 1122,936
 1050,031
 1036,048
 1093,879
 1059,255
 1079,663
 1086,740
 1076,597
 1093,156
 1097,124
 1109,167
 1105,366
 1082,958
 1077,499
 1085,969
 1127,213
 1060,128
 1092,282
 1113,193
 1089,335
 1146,268
 1119,523
 1066,361
 1091,538
 1145,842
 1122,388
 1126,634
 1131,780
 1117,785
 1099,901
 1118,723
 1126,763
 1113,686
 1107,503
 1103,118
 1109,314
 1076,914
 1102,467
 1182,014
 1159,074
 1109,419
 1142,316
 1130,997
 1120,731
 1088,471
 1140,467
 1131,407
 1148,462
 1128,704
 1150,515
 1131,556
 1136,708
 1161,080
 1166,585
 1137,315
 1124,469
 1159,336
 1125,571
 1068,623
 1183,354
 1174,497
 1178,068
 1109,292
 1153,474
 1184,120
 1170,192
 1141,532
 1182,119
 1196,173
 1196,395
 1189,675
 1211,449
 1163,818
 1231,431
 1151,684
 1178,459
 1173,689
 1161,363
 1201,828
 1197,588
 1216,066
 1184,468
 1189,336
 1163,318
 1148,538
 1187,348
 1208,881
 1220,563
 1204,300
 1180,530
 1186,358
 1211,957
 1199,950
 1192,836
 1228,834
 1200,709
 1210,629
 1226,520
 1221,709
 1187,285
 1224,433
 1212,228
 1193,706
 1222,562
 1215,282
 1233,578
 1230,129
 1179,476
 1223,657
 1221,058
 1212,459
 1244,642
 1224,808
 1233,636
 1213,585
 1223,267
 1271,729
 1240,360
 1257,539
 1254,290
 1209,617
 1246,461
 1249,678
 1240,323
 1267,375
 1250,799
 1282,643
 1231,667
 1225,327
 1264,136
 1248,131
 1248,562
 1278,702
 1237,240
 1276,154
 1303,589
 1255,523
 1261,293
 1259,420
 1283,894
 1287,935
 1303,260
 1266,671
 1297,745
 1285,808
 1294,695
 1284,751
 1303,254
 1297,665
 1304,389
 1311,741
 1314,627
 1339,556
 1279,947
 1293,687
 1300,410
 1298,352
 1344,520
 1309,404
 1325,105
 1321,911
 1350,890
 1340,242
 1343,018
 1357,852
 1280,318
 1329,424
 1303,857
 1315,254
 1339,486
 1353,149
 1281,609
 1316,118
 1351,596
 1372,587
 1334,818
 1355,984
 1369,235
 1335,618
 1287,512
 1418,013
 1350,452
 1349,238
 1394,781
 1359,529
 1350,836
 1340,528
 1317,595
 1370,855
 1396,575
 1370,650
 1371,123
 1369,407
 1355,559
 1327,604
 1392,096
 1359,262
 1394,211
 1397,343
 1392,612
 1370,222
 1383,569
 1380,183
 1363,897
 1339,112
 1368,728
 1398,357
 1455,628
 1397,456
 1440,165
 1418,569
 1416,099
 1371,069
 1429,772
 1421,961
 1425,018
 1388,212
 1430,854
 1416,650
 1433,689
 1437,788
 1380,870
 1400,578
 1450,189
 1436,506
 1471,455
 1461,926
 1414,970
 1437,734
 1460,377
 1444,116
 1430,269
 1460,786
 1440,089
 1475,979
 1434,026
 1495,686
 1455,393
 1491,877
 1464,395
 1443,297
 1419,017
 1475,029
 1486,367
 1470,239
 1500,591
 1514,491
 1492,839
 1541,801
 1493,245
 1449,582
 1468,944
 1480,675
 1495,979
 1480,527
 1486,798
 1517,570
 1546,995
 1495,972
 1563,046
 1520,713
 1488,751
 1461,150
 1512,095
 1538,502
 1533,779
 1528,431
 1556,639
 1528,991
 1536,104
 1565,016
 1544,705
 1514,034
 1543,814
 1598,714
 1563,388
 1587,805
 1598,920
 1549,057
 1555,043
 1566,496
 1570,734
 1570,786
 1579,908
 1535,246
 1564,654
 1613,885
 1522,671
 1632,070
 1570,323
 1570,367
 1589,005
 1571,364
 1569,408
 1604,116
 1623,427
 1595,009
 1641,377
 1649,819
 1582,858
 1588,678
 1610,874
 1571,645
 1622,986
 1660,625
 1565,723
 1594,597
 1646,537
 1633,311
 1674,063
 1667,348
 1592,715
 1646,616
 1648,899
 1685,707
 1638,778
 1665,143
 1621,800
 1694,242
 1627,886
 1682,420
 1699,857
 1685,132
 1673,579
 1655,792
 1673,650
 1701,018
 1623,514
 1659,025
 1706,185
 1661,491
 1710,099
 1704,310
 1752,314
 1662,765
 1681,443
 1662,687
 1702,778
 1700,805
 1728,576
 1720,251
 1717,272
 1720,890
 1726,034
 1729,452
 1709,907
 1746,123
 1747,751
 1686,558
 1700,109
 1709,561
 1745,828
 1700,203
 1769,381
 1746,305
 1720,090
 1695,947
 1691,110
 1725,571
 1704,394
 1698,493
 1760,865
 1760,192
 1785,928
 1759,810
 1810,957
 1771,304
 1727,279
 1830,270
 1790,008
 1798,905
 1745,854
 1764,078
 1739,270
 1781,893
 1722,429
 1776,353
 1813,520
 1820,796
 1830,523
 1842,528
 1874,648
 1784,870
 1791,165
 1799,141
 1816,624
 1865,144
 1792,970
 1800,588
 1793,471
 1850,886
 1787,154
 1813,515
 1798,257
 1796,158
 1774,231
 1806,158
 1786,712
 1808,832
 1847,510
 1872,135
 1834,482
 1828,818
 1839,810
 1828,558
 1839,946
 1827,288
 1827,895
 1823,060
 1837,189
 1861,114
 1808,543
 1821,847
 1875,756
 1877,565
 1885,043
 1878,943
 1887,279
 1862,998
 1868,180
 1859,060
 1907,246
 1869,361
 1888,862
 1910,123
 1908,148
 1878,685
 1918,948
 1885,467
 1887,080
 1893,719
 1888,293
 1851,401
 1924,134
 1877,398
 1882,741
 1863,078
 1913,388
 1928,055
 1890,805
 1898,016
 1928,348
 1889,936
 1951,141
 1938,435
 1920,922
 1906,852
 1959,295
 1944,893
 1943,661
 1906,616
 1897,685
 1934,978
 1943,452
 1902,665
 1964,191
 1908,758
 1904,351
 1914,622
 1968,365
 1948,058
 1966,178
 1965,771
 1909,413
 1954,275
 1902,037
 1947,889
 1949,686
 1972,242
 1970,324
 1945,677
 2021,330
 1925,690
 1980,485
 1991,332
 1933,231
 2003,011
 1965,535
 1961,742
 2006,954
 1987,701
 1941,197
 1938,114
 1996,876
 2003,430
 1991,499
 1986,201
 1966,800
 2034,609
 2002,725
 1962,277
 2014,288
 2041,848
 1991,045
 1971,176
 1967,786
 2028,188
 2034,167
 2030,679
 1995,269
 1989,655
 1993,599
 1970,596
 2027,346
 2051,894
 1989,599
 2062,726
 2037,992
 2080,873
 1984,379
 2020,232
 2014,819
 2050,936
 2060,367
 2077,462
 2079,546
 2045,529
 2062,698
 2036,202
 2046,224
 2059,159
 2017,472
 2055,096
 2002,317
 2028,034
 2107,812
 2035,755
 2021,124
 2039,269
 2073,289
 2021,059
 2104,236
 2061,224
 2064,504
 2083,277
 2077,673
 2084,947
 2089,510
 2052,589
 2098,963
 2053,832
 2131,983
 2123,608
 2098,966
 2075,286
 2088,935
 2109,668
 2113,484
 2075,749
 2113,307
 2151,280
 2110,922
 2096,743
 2186,610
 2157,557
 2174,029
 2093,760
 2120,734
 2144,503
 2115,541
 2114,210
 2131,958
 2083,209
 2147,259
 2148,155
 2187,307
 2090,561
 2208,294
 2157,539
 2158,692
 2135,092
 2119,795
 2162,935
 2128,119
 2164,186
 2160,817
 2187,308
 2149,869
 2184,161
 2211,916
 2192,551
 2162,091
 2189,112
 2181,076
 2171,212
 2228,984
 2182,526
 2256,107
 2172,267
 2202,876
 2200,637
 2205,832
 2207,737
 2209,680
 2226,863
 2200,451
 2247,033
 2273,573
 2208,836
 2268,968
 2182,240
 2205,921
 2259,922
 2209,460
 2220,650
 2242,502
 2258,776
 2238,226
 2266,243
 2259,809
 2214,331
 2280,693
 2236,607
 2245,765
 2226,905
 2306,758
 2284,729
 2250,520
 2221,782
 2271,810
 2251,552
 2287,877
 2303,727
 2330,026
 2244,106
 2289,489
 2316,909
 2258,315
 2345,963
 2313,351
 2293,464
 2310,269
 2300,031
 2305,406
 2355,838
 2288,706
 2334,195
 2333,220
 2279,234
 2278,665
 2311,916
 2335,528
 2291,067
 2334,944
 2338,834
 2351,108
 2370,585
 2355,448
 2351,548
 2325,472
 2341,162
 2364,385
 2367,615
 2403,129
 2393,074
 2338,075
 2338,155
 2390,531
 2357,397
 2333,912
 2426,314
 2378,791
 2364,159
 2452,370
 2401,979
 2348,146
 2404,985
 2329,278
 2376,453
 2415,869
 2367,070
 2340,118
 2453,414
 2378,686
 2465,677
 2426,566
 2402,875
 2440,535
 2441,177
 2427,598
 2448,842
 2440,866
 2438,712
 2448,403
 2436,319
 2366,348
 2501,888
 2475,832
 2447,200
 2418,379
 2423,034
 2369,344
 2469,955
 2447,570
 2422,618
 2479,076
 2502,434
 2383,041
 2456,051
 2433,922
 2457,909
 2468,209
 2492,244
 2543,416
 2482,836
 2487,518
 2559,908
 2461,724
 2450,721
 2508,031
 2542,830
 2520,140
 2479,198
 2539,548
 2548,318
 2523,492
 2484,070
 2499,358
 2521,963
 2551,302
 2532,608
 2553,919
 2489,767
 2554,867
 2497,455
 2595,370
 2566,531
 2556,773
 2548,364
 2547,412
 2590,745
 2582,159
 2565,103
 2609,089
 2576,862
 2562,324
 2584,150
 2602,957
 2541,067
 2558,368
 2628,474
 2575,657
 2564,430
 2612,547
 2594,410
 2603,443
 2563,187
 2558,034
 2656,331
 2625,709
 2683,133
 2607,688
 2628,572
 2666,748
 2618,724
 2649,452
 2641,154
 2631,058
 2606,054
 2616,593
 2563,393
 2621,216
 2607,578
 2630,893
 2594,163
 2671,365
 2661,901
 2711,530
 2682,063
 2620,999
 2686,986
 2591,169
 2660,114
 2725,553
 2646,905
 2662,485
 2684,838
 2666,892
 2653,062
 2661,478
 2668,174
 2707,322
 2722,003
 2685,671
 2708,987
 2696,308
 2695,302
 2705,435
 2654,753
 2733,201
 2705,157
 2723,724
 2758,709
 2679,470
 2709,655
 2740,170
 2717,680
 2718,086
 2743,843
 2706,436
 2685,064
 2705,190
 2702,289
 2698,504
 2705,781
 2740,041
 2743,725
 2673,069
 2747,033
 2715,396
 2733,096
 2738,292
 2698,586
 2778,542
 2793,381
 2720,112
 2672,205
 2738,623
 2742,517
 2744,192
 2838,664
 2793,310
 2772,327
 2770,529
 2800,356
 2804,887
 2803,314
 2772,786
 2756,688
 2749,382
 2798,264
 2784,377
 2764,014
 2809,508
 2780,630
 2797,175
 2839,508
 2800,264
 2702,311
 2796,322
 2796,884
 2788,786
 2764,342
 2827,095
 2872,899
 2809,908
 2796,185
 2803,896
 2820,836
 2835,947
 2831,266
 2874,991
 2793,564
 2838,665
 2819,022
 2834,598
 2856,146
 2873,891
 2828,672
 2878,127
 2814,990
 2866,906
 2850,540
 2833,585
 2807,014
 2844,017
 2913,065
 2868,354
 2794,161
 2887,346
 2901,899
 2756,747
 2892,858
 2823,249
 2863,279
 2886,384
 2881,972
 2842,726
 2822,661
 2877,375
 2941,947
 2929,482
 2934,828
 2838,157
 2903,959
 2883,410
 2904,707
 2896,343
 2909,233
 2916,119
 2885,256
 2910,732
 2923,825
 2938,934
 2876,052
 2939,860
 2959,174
 2934,415
 2942,051
 2904,604
 2973,910
 2971,946
 2888,112
 2964,244
 2934,494
 2894,447
 2951,584
 2905,429
 2903,503
 2954,896
 2947,803
 3021,746
 2970,782
 2972,794
 2948,151
 2935,957
 2912,681
 2927,190
 2935,732
 2991,078
 2987,768
 3013,358
 2949,440
 2927,067
 2971,094
 2980,308
 2998,376
 2981,492
 2996,500
 2975,991
 2947,578
 2972,628
 3010,478
 3033,527
 2984,233
 3001,029
 2980,151
 3006,151
 2979,163
 2991,350
 3006,412
 2968,515
 3071,601
 3048,226
 3009,937
 3044,827
 3013,907
 3013,102
 3040,388
 3032,222
 2991,141
 2937,244
 3021,615
 3006,819
 3044,192
 3046,924
 3003,327
 3042,862
 3015,359
 3043,756
 3085,099
 3061,928
 3037,781
 3061,457
 3015,893
 3092,115
 3051,390
 3055,912
 3032,790
 3011,327
 3031,919
 3095,225
 3035,149
 3051,492
 3018,376
 3032,477
 3015,456
 3048,849
 3046,485
 3063,633
 3101,154
 3100,854
 3126,853
 3154,931
 3064,314
 3138,427
 3069,994
 3127,476
 3121,107
 3115,621
 3085,363
 3063,388
 3056,907
 3124,723
 3137,204
 3113,645
 3078,562
 3085,872
 3098,131
 3135,557
 3101,047
 3062,673
 3164,559
 3162,679
 3128,052
 3150,820
 3121,763
 3064,910
 3153,241
 3121,898
 3187,619
 3154,080
 3209,386
 3176,533
 3147,313
 3130,301
 3167,616
 3110,323
 3159,733
 3192,974
 3185,567
 3138,934
 3180,070
 3164,370
 3187,757
 3216,521
 3143,472
 3177,155
 3196,610
 3186,677
 3182,540
 3190,388
 3205,135
 3162,394
 3202,084
 3212,837
 3165,177
 3204,736
 3146,958
 3221,383
 3198,401
 3205,483
 3178,471
 3254,630
 3260,129
 3221,567
 3218,290
 3287,710
 3294,932
 3282,005
 3273,799
 3274,346
 3236,993
 3310,577
 3227,875
 3254,950
 3277,945
 3226,241
 3224,528
 3240,664
 3313,279
 3297,601
 3267,917
 3219,740
 3258,135
 3305,504
 3273,892
 3248,400
 3303,729
 3323,845
 3288,858
 3270,716
 3284,394
 3341,970
 3275,928
 3311,337
 3281,087
 3272,545
 3298,834
 3274,319
 3298,952
 3292,334
 3297,902
 3313,376
 3219,018
 3292,669
 3322,091
 3318,069
 3295,923
 3320,773
 3307,148
 3322,486
 3361,439
 3324,482
 3348,159
 3371,596
 3343,630
 3349,664
 3370,262
 3376,249
 3321,726
 3376,714
 3369,054
 3429,961
 3316,694
 3351,386
 3326,695
 3359,362
 3396,511
 3469,860
 3395,550
 3395,232
 3331,872
 3379,372
 3411,330
 3439,150
 3364,129
 3358,728
 3412,547
 3450,737
 3452,048
 3477,549
 3416,933
 3350,235
 3436,746
 3483,128
 3362,086
 3406,946
 3445,053
 3415,791
 3487,684
 3434,202
 3397,729
 3448,338
 3425,890
 3498,118
 3449,127
 3443,693
 3439,763
 3558,859
 3440,976
 3470,225
 3486,363
 3531,149
 3462,886
 3491,996
 3488,456
 3518,838
 3535,415
 3537,538
 3484,862
 3474,452
 3472,147
 3497,307
 3512,105
 3485,566
 3508,412
 3512,714
 3491,333
 3559,492
 3497,823
 3501,351
 3538,592
 3515,545
 3494,323
 3540,714
 3500,608
 3588,401
 3564,781
 3460,390
 3559,353
 3577,942
 3574,546
 3479,062
 3571,044
 3581,414
 3605,556
 3640,112
 3597,225
 3611,451
 3585,936
 3616,701
 3501,548
 3585,361
 3622,961
 3611,638
 3514,496
 3588,258
 3628,746
 3637,551
 3631,934
 3637,502
 3611,992
 3625,060
 3693,544
 3602,642
 3565,011
 3606,932
 3571,483
 3584,987
 3625,527
 3662,996
 3665,029
 3631,378
 3580,086
 3600,727
 3662,948
 3637,124
 3591,458
 3599,445
 3608,488
 3601,206
 3716,637
 3663,187
 3630,397
 3662,290
 3718,889
 3790,880
 3639,282
 3699,807
 3697,080
 3639,170
 3667,502
 3684,912
 3693,484
 3627,872
 3699,233
 3672,575
 3691,977
 3781,431
 3787,290
 3718,691
 3646,037
 3693,870
 3652,037
 3689,064
 3669,499
 3738,607
 3665,490
 3670,305
 3668,952
 3667,587
 3673,085
 3746,616
 3751,914
 3746,675
 3735,609
 3745,617
 3725,999
 3738,648
 3725,687
 3739,293
 3704,548
 3728,645
 3761,205
 3742,162
 3805,699
 3733,006
 3780,456
 3788,195
 3769,846
 3759,400
 3770,368
 3766,722
 3786,743
 3789,994
 3773,852
 3801,627
 3782,045
 3814,110
 3806,946
 3878,222
 3795,831
 3810,352
 3769,497
 3771,643
 3817,647
 3768,147
 3783,879
 3772,532
 3827,505
 3756,931
 3769,382
 3800,538
 3849,570
 3842,280
 3845,953
 3847,594
 3834,959
 3840,707
 3794,992
 3773,687
 3776,383
 3835,835
 3820,716
 3841,315
 3829,322
 3815,837
 3827,455
 3838,687
 3773,146
 3938,505
 3908,059
 3849,685
 3809,314
 3884,793
 3869,475
 3824,650
 3940,449
 3896,480
 3798,708
 3905,302
 3860,917
 3832,244
 3858,248
 3893,223
 3892,013
 3915,237
 3890,020
 3879,510
 3933,152
 3918,058
 3874,678
 3942,884
 3892,073
 3868,982
 3889,762
 3881,372
 3893,743
 3923,204
 3941,912
 3919,494
 3936,168
 3891,831
 3984,864
 3951,391
 3910,719
 3914,281
 3936,768
 3970,692
 3906,888
 3917,309
 3925,971
 3955,486
 3975,361
 4004,838
 3931,389
 3904,232
 3946,946
 3998,570
 3972,172
 3955,006
 4031,375
 3925,457
 3944,772
 3955,638
 3968,596
 4018,971
 3962,109
 4021,848
 4001,395
 3954,224
 3958,355
 3965,763
 3972,145
 3981,464
 4036,850
 4006,650
 4004,636
 3976,623
 3936,692
 4028,457
 3955,131
 4075,352
 3993,882
 3931,742
 3960,077
 4080,644
 3967,538
 3967,509
 4024,106
 4012,272
 3984,281
 3887,679
 4018,675
 4069,367
 3980,344
 4061,226
 3983,134
 3970,520
 4057,028
 4050,900
 3996,121
 4041,934
 3985,831
 3940,667
 4033,549
 4055,743
 3981,582
 3985,132
 4067,957
 4040,369
 4060,456
 4052,046
 4031,169
 4087,344
 4045,428
 3990,810
 4059,402
 4041,226
 4069,858
 4053,461
 4052,341
 4064,430
 4073,762
 4037,043
 4075,263
 4092,751
 4062,588
 4068,203
 4057,881
 4085,908
 4111,726
 4127,846
 4100,119
 4087,855
 4093,021
 4076,237
 4061,164
 4080,582
 4003,951
 4036,919
 4057,696
 4098,003
 4088,592
 4070,925
 4066,595
 4117,352
 4185,067
 4118,808
 4041,573
 4135,763
 4110,555
 4091,303
 4111,875
 4159,243
 4079,167
 4128,754
 4094,386
 4118,572
 4069,677
 4143,589
 4191,345
 4155,977
 4052,218
 4161,369
 4144,229
 4111,491
 4168,363
 4153,914
 4181,806
 4107,200
 4191,074
 4096,663
 4128,424
 4217,595
 4160,360
 4136,236
 4224,572
 4141,629
 4185,194
 4210,917
 4167,723
 4189,074
 4159,918
 4178,214
 4204,395
 4217,889
 4178,063
 4194,730
 4250,936
 4189,103
 4135,081
 4218,363
 4198,932
 4175,746
 4148,266
 4227,344
 4215,227
 4181,302
 4144,147
 4175,367
 4196,697
 4220,609
 4196,004
 4209,473
 4189,847
 4183,119
 4203,062
 4195,887
 4218,946
 4224,595
 4241,883
 4225,847
 4223,681
 4195,711
 4225,923
 4271,468
 4241,497
 4308,915
 4255,614
 4270,178
 4274,285
 4213,257
 4234,688
 4276,670
 4199,039
 4269,424
 4204,622
 4231,616
 4246,786
 4260,826
 4237,818
 4287,221
 4391,538
 4294,108
 4235,708
 4286,085
 4308,347
 4258,885
 4226,739
 4329,511
 4329,214
 4286,407
 4293,594
 4363,693
 4325,147
 4323,217
 4288,617
 4327,866
 4334,245
 4291,129
 4297,367
 4375,797
 4338,649
 4303,344
 4278,704
 4317,901
 4348,824
 4350,509
 4388,521
 4319,249
 4313,141
 4343,118
 4368,809
 4348,981
 4309,110
 4279,850
 4292,478
 4338,732
 4317,690
 4328,995
 4401,149
 4385,560
 4399,715
 4411,809
 4354,440
 4371,863
 4363,757
 4392,386
 4361,241
 4386,227
 4466,410
 4372,637
 4439,022
 4357,344
 4462,585
 4497,188
 4386,387
 4400,664
 4393,492
 4464,546
 4426,797
 4425,048
 4404,018
 4391,198
 4371,036
 4444,111
 4396,449
 4353,460
 4439,672
 4399,049
 4452,517
 4447,648
 4476,823
 4504,754
 4480,583
 4434,494
 4522,828
 4446,023
 4493,824
 4480,643
 4446,149
 4473,096
 4516,915
 4560,870
 4433,146
 4487,396
 4482,412
 4516,214
 4426,413
 4479,777
 4476,354
 4499,273
 4361,695
 4459,123
 4518,594
 4505,738
 4582,838
 4513,667
 4532,066
 4584,601
 4487,828
 4490,880
 4611,993
 4534,513
 4506,726
 4461,322
 4565,007
 4530,628
 4541,491
 4529,635
 4498,162
 4538,238
 4587,494
 4604,209
 4538,121
 4557,978
 4567,743
 4612,487
 4573,319
 4591,083
 4548,293
 4589,636
 4588,718
 4633,408
 4657,089
 4578,031
 4699,851
 4603,112
 4583,542
 4559,193
 4644,529
 4618,695
 4618,310
 4540,464
 4635,917
 4592,732
 4666,311
 4661,328
 4694,358
 4625,667
 4580,424
 4618,122
 4647,959
 4606,558
 4626,831
 4658,336
 4627,041
 4681,103
 4654,237
 4692,161
 4675,358
 4638,298
 4686,173
 4676,170
 4687,390
 4654,244
 4605,801
 4601,112
 4661,253
 4678,963
 4714,998
 4748,709
 4664,452
 4710,965
 4710,679
 4676,163
 4709,112
 4667,329
 4649,715
 4718,642
 4718,038
 4662,097
 4717,811
 4757,903
 4676,655
 4697,920
 4746,416
 4819,208
 4675,531
 4661,458
 4720,222
 4785,304
 4771,305
 4720,040
 4780,080
 4716,200
 4774,055
 4788,218
 4809,747
 4759,768
 4782,543
 4757,873
 4776,240
 4742,864
 4759,028
 4867,890
 4820,694
 4814,218
 4782,476
 4711,050
 4837,477
 4811,108
 4774,141
 4805,000
 4803,613
 4810,308
 4802,960
 4751,905
 4840,648
 4725,462
 4744,589
 4837,440
 4863,139
 4800,778
 4827,476
 4773,205
 4795,227
 4840,243
 4879,898
 4796,443
 4837,111
 4872,900
 4804,102
 4813,922
 4768,897
 4860,949
 4797,073
 4808,288
 4819,085
 4814,179
 4816,652
 4886,472
 4895,550
 4912,841
 4820,402
 4842,510
 4875,247
 4853,805
 4922,699
 4843,441
 4861,335
 4894,138
 4846,746
 4895,735
 4891,654
 4843,238
 4874,871
 4869,518
 4964,249
 4883,093
 4843,261
 4929,382
 4937,780
 4853,593
 4901,581
 4948,007
 4893,854
 4871,084
 4936,289
 4865,175
 4861,781
 4936,684
 4845,258
 4964,186
 4887,190
 4816,087
 4874,728
 4888,289
 4916,078
 4895,804
 4851,892
 4928,062
 4826,812
 4924,443
 4982,605
 4959,573
 4976,283
 4937,029
 4910,198
 4897,172
 4903,310
 4905,368
 4856,116
 4963,124
 5013,738
 5048,453
 4995,546
 5021,515
 4956,572
 4910,762
 4883,621
 4935,413
 4950,412
 4968,103
 4947,283
 4970,142
 5039,494
 4988,033
 4994,989
 4933,495
 4924,946
 5022,068
 4948,123
 5048,356
 5006,230
 5000,701
 5056,607
 4999,711
 4998,881
 4919,121
 4949,354
 4934,673
 5003,309
 5037,559
 4966,665
 5034,282
 4935,918
 4918,076
 4984,434
 5020,710
 4969,462
 4996,255
 4998,958
 4990,025
 5038,426
 5010,920
 5016,330
 5091,142
 5012,454
 5110,497
 4847,350
 5030,268
 5033,421
 4925,815
 5005,482
 5040,448
 5051,635
 5086,295
 5063,816
 5056,451
 5072,343
 5133,371
 4974,262
 5004,459
 5002,314
 5080,265
 5018,858
 5044,379
 5050,608
 5067,308
 5098,800
 5023,601
 5059,372
 5042,529
 5067,575
 5037,407
 5000,277
 5044,731
 5036,653
 5050,297
 5085,151
 5012,971
 5086,751
 5145,608
 5041,259
 4988,493
 5023,923
 5060,644
 5012,903
 5141,578
 5115,199
 5117,065
 5092,227
 5124,536
 5053,607
 5089,125
 5113,138
 5061,510
 5124,944
 5032,118
 5072,967
 5150,784
 5103,825
 5084,835
 5125,317
 5128,495
 5210,059
 5118,725
 5177,096
 5153,402
 5124,543
 5141,669
 5120,731
 5104,873
 5078,723
 5061,886
 5201,380
 5134,619
 5222,898
 5107,434
 5064,106
 5131,920
 5172,141
 5148,465
 5142,685
 5205,128
 5091,645
 5173,166
 5139,822
 5252,896
 5144,083
 5126,614
 5102,703
 5104,567
 5212,065
 5205,145
 5195,526
 5119,324
 5109,251
 5147,309
 5156,203
 5094,432
 5195,848
 5227,704
 5127,527
 5148,493
 5248,730
 5073,844
 5129,400
 5095,617
 5133,934
 5133,210
 5125,118
 5163,262
 5309,378
 5263,566
 5169,408
 5179,773
 5160,042
 5104,161
 5194,900
 5122,805
 5209,177
 5096,469
 5223,320
 5175,927
 5102,360
 5196,722
 5219,156
 5105,423
 5272,617
 5188,103
 5170,844
 5175,463
 5163,969
 5124,978
 5189,548
 5176,449
 5159,055
 5161,098
 5174,455
 5168,104
 5151,511
 5168,743
 5161,205
 5173,748
 5175,838
 5173,415
 5217,164
 5244,735
 5213,564
 5311,381
 5244,319
 5206,620
 5192,123
 5103,120
 5189,591
 5278,584
 5247,033
 5135,329
 5263,148
 5262,932
 5136,638
 5178,286
 5262,368
 5160,841
 5211,986
 5197,575
 5203,145
 5156,356
 5176,842
 5200,474
 5129,535
 5158,500
 5118,637
 5181,946
 5142,907
 5116,268
 5109,270
 5251,012
 5186,664
 5151,017
 5212,422
 5153,112
 5158,059
 5187,544
 5118,418
 5150,815
 5179,822
 5193,805
 5138,558
 5134,267
 5195,889
 5181,783
 5108,567
 5183,875
 5161,244
 5141,668
 5140,240
 5171,553
 5314,271
 5136,902
 5128,980
 5180,166
 5158,321
 5140,428
 5207,403
 5106,466
 5154,736
 5093,577
 5184,780
 5207,693
 5198,994
 5186,553
 5164,533
 5237,323
 5222,056
 5158,117
 5100,392
 5198,680
 5194,521
 5227,306
 5216,445
 5237,193
 5199,025
 5153,788
 5184,603
 5237,387
 5236,445
 5160,484
 5213,921
 5253,596
 5145,890
 5103,545
 5126,163
 5180,938
 5172,990
 5188,698
 5307,441
 5275,837
 5261,432
 5230,115
 5174,671
 5192,198
 5157,927
 5202,671
 5160,108
 5181,045
 5141,862
 5257,366
 5122,900
 5121,560
 5202,678
 5205,887
 5289,998
 5258,517
 5230,277
 5176,284
 5224,071
 5203,731
 5261,546
 5233,615
 5260,232
 5262,200
 5281,317
 5198,867
 5234,096
 5272,764
 5242,072
 5251,629
 5266,906
 5266,414
 5203,781
 5228,333
 5223,917
 5274,302
 5214,811
 5179,351
 5325,386
 5258,319
 5274,354
 5284,371
 5264,602
 5279,884
 5246,487
 5304,172
 5339,685
 5292,843
 5197,290
 5260,861
 5305,180
 5285,179
 5385,030
 5299,220
 5349,140
 5223,506
 5309,474
 5240,652
 5282,697
 5263,917
 5304,624
 5226,858
 5315,196
 5287,291
 5306,259
 5335,097
 5309,355
 5324,252
 5319,379
 5287,298
 5343,740
 5328,422
 5301,287
 5305,590
 5333,768
 5301,756
 5451,846
 5384,751
 5318,807
 5371,313
 5306,108
 5328,792
 5353,363
 5287,743
 5400,276
 5376,484
 5377,549
 5398,794
 5287,969
 5387,003
 5328,918
 5368,111
 5345,671
 5264,200
 5333,085
 5386,251
 5417,532
 5298,030
 5420,714
 5420,208
 5376,807
 5341,128
 5427,651
 5376,788
 5397,770
 5403,755
 5432,607
 5404,189
 5439,952
 5363,577
 5346,298
 5398,328
 5436,495
 5359,347
 5431,160
 5403,003
 5431,051
 5386,946
 5421,679
 5392,794
 5355,587
 5388,241
 5437,700
 5404,293
 5488,834
 5413,914
 5541,953
 5372,551
 5486,650
 5425,753
 5432,684
 5445,051
 5446,056
 5391,993
 5434,433
 5468,658
 5334,257
 5437,595
 5461,520
 5475,657
 5488,073
 5455,465
 5436,272
 5421,985
 5423,613
 5521,573
 5423,721
 5390,883
 5473,214
 5418,530
 5491,206
 5486,735
 5461,437
 5443,701
 5380,081
 5482,533
 5476,131
 5481,694
 5551,239
 5461,282
 5415,635
 5449,888
 5362,748
 5538,852
 5510,045
 5491,010
 5463,921
 5498,236
 5399,587
 5472,623
 5499,169
 5536,809
 5447,864
 5485,951
 5475,566
 5535,553
 5553,995
 5507,531
 5465,912
 5466,798
 5537,166
 5468,474
 5515,835
 5426,018
 5465,622
 5353,618
 5520,368
 5447,660
 5449,457
 5451,555
 5468,968
 5481,596
 5487,481
 5501,153
 5437,222
 5492,017
 5459,404
 5459,756
 5399,949
 5576,377
 5469,359
 5501,111
 5395,559
 5510,833
 5488,765
 5462,605
 5505,636
 5452,767
 5485,913
 5504,084
 5456,033
 5503,989
 5498,391
 5481,269
 5476,945
 5464,119
 5501,965
 5476,126
 5400,713
 5520,373
 5534,776
 5603,525
 5542,433
 5455,770
 5497,713
 5440,766
 5400,175
 5459,042
 5394,419
 5562,958
 5574,211
 5533,383
 5536,464
 5490,497
 5501,712
 5574,536
 5489,687
 5499,899
 5500,845
 5416,439
 5520,991
 5546,957
 5463,341
 5474,682
 5512,388
 5512,818
 5546,596
 5505,207
 5535,573
 5507,722
 5391,781
 5476,752
 5475,649
 5517,093
 5502,182
 5508,907
 5511,055
 5453,289
 5545,211
 5496,815
 5477,995
 5467,940
 5502,455
 5480,327
 5508,923
 5531,021
 5480,305
 5550,804
 5570,210
 5574,416
 5492,484
 5457,730
 5471,967
 5450,625
 5501,292
 5579,686
 5462,635
 5494,119
 5494,701
 5529,576
 5464,594
 5464,396
 5497,798
 5610,946
 5517,200
 5546,927
 5460,003
 5564,980
 5484,297
 5446,041
 5524,158
 5454,810
 5409,292
 5459,535
 5461,946
 5485,012
 5554,898
 5452,381
 5427,502
 5489,834
 5486,496
 5444,972
 5545,926
 5431,259
 5486,825
 5467,464
 5504,581
 5459,427
 5471,885
 5517,903
 5476,787
 5514,857
 5498,633
 5408,763
 5470,334
 5519,295
 5419,579
 5514,434
 5448,745
 5491,239
 5396,030
 5442,747
 5416,216
 5479,164
 5450,699
 5475,716
 5463,764
 5508,720
 5465,691
 5411,196
 5448,798
 5493,689
 5454,142
 5477,213
 5501,355
 5435,236
 5528,016
 5412,723
 5522,066
 5384,056
 5453,773
 5477,955
 5493,606
 5482,148
 5431,702
 5388,694
 5445,579
 5470,803
 5383,709
 5382,740
 5415,768
 5431,905
 5406,610
 5367,871
 5362,950
 5476,406
 5441,087
 5329,749
 5422,327
 5416,228
 5448,162
 5361,412
 5464,054
 5427,348
 5384,360
 5421,774
 5384,611
 5435,921
 5407,524
 5346,102
 5374,120
 5385,735
 5375,412
 5402,413
 5418,479
 5428,223
 5448,076
 5401,533
 5362,237
 5386,074
 5383,902
 5400,685
 5417,562
 5414,240
 5310,565
 5366,495
 5398,828
 5392,638
 5325,775
 5312,665
 5322,549
 5409,364
 5388,065
 5385,577
 5281,359
 5380,861
 5466,759
 5430,552
 5432,559
 5380,687
 5369,390
 5362,528
 5328,247
 5341,259
 5317,341
 5390,305
 5350,754
 5433,590
 5261,537
 5330,092
 5339,305
 5347,287
 5282,573
 5362,970
 5388,104
 5333,797
 5325,561
 5291,655
 5306,804
 5368,622
 5415,805
 5316,553
 5306,486
 5276,264
 5282,512
 5282,631
 5288,104
 5327,263
 5203,325
 5271,046
 5326,368
 5431,254
 5297,748
 5294,104
 5271,154
 5299,923
 5283,548
 5273,103
 5229,992
 5296,010
 5322,009
 5298,008
 5312,907
 5244,272
 5300,777
 5262,818
 5231,172
 5268,570
 5227,674
 5257,937
 5299,730
 5314,108
 5354,086
 5330,953
 5272,822
 5266,164
 5240,121
 5319,983
 5250,624
 5175,096
 5233,494
 5168,040
 5204,567
 5184,751
 5279,328
 5329,402
 5277,166
 5250,988
 5109,156
 5206,767
 5201,349
 5230,049
 5269,503
 5276,439
 5202,220
 5219,294
 5174,717
 5166,065
 5260,580
 5206,322
 5223,963
 5175,743
 5113,491
 5251,842
 5147,925
 5137,533
 5206,461
 5250,636
 5203,097
 5179,296
 5110,244
 5150,874
 5156,338
 5238,669
 5185,246
 5151,070
 5152,825
 5234,702
 5158,313
 5141,894
 5182,335
 5088,480
 5111,193
 5120,352
 5177,508
 5068,940
 5101,563
 5186,929
 5119,901
 5125,305
 5120,133
 5119,395
 5150,602
 5154,867
 5135,272
 5107,875
 5109,420
 5144,329
 5207,464
 5102,971
 5110,589
 5132,805
 5137,528
 5068,356
 5078,698
 5105,780
 5065,196
 5135,453
 4993,090
 5006,303
 5106,654
 5038,058
 5015,551
 5126,640
 5107,361
 5092,625
 5125,303
 4987,072
 5004,827
 5048,877
 5074,106
 5080,411
 5017,315
 5095,526
 5066,373
 5065,391
 5036,787
 5038,508
 5075,396
 5073,986
 5043,585
 5060,813
 5039,103
 5023,969
 5034,173
 5043,738
 5101,279
 5048,813
 4993,553
 5022,439
 5010,344
 4963,350
 4990,756
 5072,658
 5089,057
 5024,273
 5032,776
 4942,155
 4997,752
 4954,429
 5047,164
 4978,081
 5002,665
 4992,673
 4919,476
 4945,548
 4942,130
 4935,088
 4997,984
 5014,488
 4969,070
 4905,099
 4943,454
 4891,488
 4958,455
 4971,563
 4928,369
 4952,303
 4982,229
 4974,851
 4907,841
 4851,335
 4889,332
 4931,847
 5001,782
 4928,661
 4910,527
 4902,487
 4914,652
 4925,331
 4867,356
 4937,388
 4812,430
 4885,769
 4895,918
 4904,229
 4881,961
 4817,371
 4962,963
 4841,684
 4842,377
 4753,472
 4791,350
 4811,104
 4817,346
 4867,001
 4869,807
 4844,888
 4820,806
 4825,998
 4861,183
 4886,370
 4768,812
 4792,640
 4872,326
 4807,733
 4885,845
 4768,976
 4858,217
 4790,546
 4839,718
 4875,490
 4845,957
 4780,138
 4802,842
 4753,097
 4782,739
 4798,953
 4709,123
 4786,393
 4840,083
 4720,552
 4830,776
 4727,452
 4746,429
 4711,416
 4791,325
 4704,534
 4723,586
 4799,681
 4765,200
 4747,961
 4700,945
 4728,000
 4711,089
 4677,136
 4780,442
 4720,190
 4721,446
 4787,213
 4657,401
 4668,871
 4723,055
 4726,452
 4705,372
 4649,267
 4706,307
 4757,220
 4715,687
 4775,928
 4625,790
 4647,650
 4632,004
 4641,303
 4655,503
 4697,055
 4706,053
 4574,965
 4700,629
 4617,868
 4655,339
 4592,293
 4622,545
 4599,131
 4555,274
 4641,188
 4667,771
 4667,448
 4641,094
 4629,824
 4643,010
 4594,521
 4566,173
 4633,126
 4544,538
 4622,358
 4613,511
 4576,959
 4596,906
 4571,520
 4571,519
 4606,460
 4505,814
 4614,740
 4579,365
 4547,487
 4522,014
 4640,170
 4508,890
 4566,764
 4586,726
 4576,966
 4549,512
 4467,967
 4560,405
 4565,657
 4488,952
 4553,553
 4599,960
 4580,726
 4502,528
 4501,179
 4572,346
 4569,840
 4543,692
 4567,037
 4448,688
 4499,631
 4575,504
 4513,758
 4442,803
 4429,874
 4476,255
 4467,303
 4582,013
 4502,776
 4474,908
 4485,347
 4472,297
 4466,425
 4415,925
 4545,224
 4511,285
 4412,992
 4444,391
 4440,533
 4405,704
 4409,441
 4451,471
 4395,081
 4444,271
 4409,043
 4456,968
 4445,591
 4400,680
 4443,483
 4411,106
 4398,357
 4374,624
 4407,400
 4409,960
 4441,845
 4415,489
 4356,099
 4336,620
 4363,697
 4418,703
 4338,243
 4404,152
 4354,715
 4358,379
 4355,904
 4380,085
 4316,615
 4372,135
 4269,333
 4396,023
 4323,234
 4313,417
 4299,999
 4369,622
 4308,298
 4385,948
 4321,617
 4308,050
 4263,137
 4319,673
 4286,886
 4283,019
 4298,785
 4225,125
 4270,909
 4251,132
 4233,676
 4286,464
 4303,462
 4284,518
 4301,865
 4264,325
 4302,554
 4201,864
 4264,571
 4201,478
 4223,143
 4256,289
 4198,362
 4264,529
 4220,251
 4207,280
 4236,779
 4295,204
 4231,363
 4201,023
 4167,255
 4233,730
 4225,635
 4272,091
 4195,849
 4252,607
 4229,740
 4144,904
 4292,022
 4177,230
 4167,190
 4188,759
 4180,047
 4125,925
 4206,034
 4144,619
 4163,314
 4158,138
 4136,156
 4126,745
 4101,908
 4134,909
 4180,194
 4073,254
 4103,396
 4145,715
 4153,052
 4131,517
 4106,731
 4207,003
 4028,267
 4169,057
 4037,375
 4089,264
 4073,725
 4096,260
 4145,346
 4022,376
 4068,240
 4011,627
 4072,463
 4080,827
 4104,572
 4073,195
 4045,410
 4041,941
 4057,472
 4059,760
 4059,557
 4034,351
 4007,441
 4041,395
 4012,268
 3992,928
 3963,923
 4061,110
 4081,666
 4014,231
 4019,422
 3967,314
 4011,327
 3979,113
 3963,820
 3949,864
 3943,358
 3928,762
 3928,569
 3913,484
 3986,031
 3961,033
 3944,240
 3943,561
 3952,412
 3938,011
 3910,825
 3849,875
 3853,711
 3906,562
 3956,406
 3932,681
 3927,531
 3976,276
 3892,879
 3942,713
 3973,933
 3966,480
 3833,446
 3877,620
 3842,049
 3911,759
 3889,888
 3823,420
 3923,858
 3894,969
 3895,219
 3892,167
 3876,221
 3927,074
 3952,979
 3929,562
 3879,733
 3883,592
 3945,138
 3876,358




























































































































































































































































































































































































































































































































































































































































































































































































































































































































































































































































































































































































































































































































































































































































































































































































































































































































































































































































































































































































































































































































































































































































































































































































































































































































































































































































































































































































































































































































































































































































































































































































































































































































































































































































































































































































































































































































































































































































































































































































































































































































































































































































































































































































































































































































































































































































































































































































































































































































































































































































































































































































































































































































































































































































































































































































































































































































































































































































































































































































































































































































































































































































































































































































































































































































































































































































































































































































































































































































































































































































































































































































































































































































































































































































































































































































































































































































































































































































































































































































































































































































































































































































































































































































































































































































































































































































































































































































































































































































































































































































































































































































































































































































































































































































































































































































































































































































































































































































































































































































































































































































































































































































































































































































































































































































































































































































































































































































































































































































































































































































































































































































































































































































































































































































































































































































































































































































































































































































































































































































































































































































































































































































































































































































































































































































































































































































































































































































































































































































































































































































































































































































































































































































































































































































































































































































































































































































































































































































































































































































































































































































































































































































































































































































































































































































































































































































































































































































































































































































































































































































































































































































































































































































































































































































































































































































































































































































































































































































































































































































































































































































































































































































































































































































































































































































































































































































































































































































































































































































































































































































































































































































































































































































































































































































































































































































































































































































































































































































































































































































































































































































































































































































































































































































































































































































































































































































































































































































































































































































































































































































































































































































































































































































































































































































































































































































































































































































































































































































































































































































































































































































































































































































































































































































































































































































































































































































































































































































































































































































































































































































































































































































































































































































































































































































































































































































































































































































































































































































































































































































































































































































































































































































































































































































































































































































































































































































































































































































































































































































































































































































































































































































































































































































































































































































































































































































































































































































































































































































































































































































































































































































































































































































































































































































































































































































































































































































































































































































































































































































































































































































































































































































































































































































































































































































































































































































































































































































































































































































































































































































































































































































































































































































































































































































































































































































































































































































































































































































































































































































































































































































































































































































































































































































































































































































































































































































































































































































































































































































































































































































































































































































































































































































































































































































































































































































































































































































































































































































































































































































































































































































































































































































































































































































































































































































































































































































































































































































































































































































































































































































































































































































































































































































































































































































