 642,121
 634,086
 605,650
 641,570
 609,934
 644,312
 644,479
 644,627
 613,212
 597,640
 617,472
 612,876
 637,144
 634,715
 645,821
 618,691
 621,186
 635,555
 618,289
 616,143
 626,247
 598,963
 585,237
 606,737
 624,990
 589,274
 648,985
 632,571
 649,975
 627,034
 641,895
 633,420
 605,679
 644,229
 581,078
 637,272
 607,785
 611,255
 615,746
 646,748
 611,887
 636,847
 602,608
 638,476
 587,519
 625,105
 636,293
 628,154
 661,721
 627,171
 627,321
 569,328
 618,865
 670,214
 618,728
 653,809
 628,677
 629,892
 662,970
 624,917
 615,432
 611,291
 620,444
 608,927
 586,751
 642,339
 652,261
 617,950
 623,169
 651,218
 620,507
 616,109
 629,981
 657,949
 622,936
 622,511
 604,957
 658,699
 614,747
 645,707
 636,840
 626,730
 631,009
 636,989
 635,672
 666,789
 601,427
 635,757
 623,761
 625,630
 670,865
 660,201
 631,048
 656,942
 626,686
 651,795
 639,702
 662,752
 691,285
 642,905
 657,887
 651,947
 653,685
 637,625
 651,866
 636,452
 669,608
 639,955
 665,496
 686,983
 633,750
 646,312
 683,250
 674,704
 679,508
 659,115
 635,206
 668,367
 631,135
 647,016
 673,779
 668,148
 649,511
 644,933
 662,316
 671,773
 666,650
 685,902
 645,451
 694,003
 630,547
 681,655
 645,553
 665,190
 667,600
 610,927
 639,143
 633,933
 646,578
 649,554
 643,149
 691,373
 696,031
 675,815
 658,714
 645,322
 658,128
 676,165
 655,701
 636,136
 629,792
 675,253
 629,543
 679,200
 630,449
 673,035
 658,921
 691,085
 688,766
 667,560
 694,977
 633,267
 649,166
 676,868
 708,040
 654,381
 679,891
 641,763
 662,555
 727,121
 657,935
 659,368
 667,704
 653,157
 703,435
 645,780
 651,871
 696,396
 692,669
 675,074
 673,479
 672,093
 662,508
 695,353
 671,117
 678,293
 673,076
 688,698
 710,019
 684,235
 683,314
 688,112
 675,999
 678,656
 631,699
 678,725
 690,727
 680,712
 674,920
 697,170
 668,488
 675,499
 689,980
 699,130
 676,936
 715,784
 699,689
 674,899
 706,721
 699,992
 664,228
 698,148
 687,137
 699,082
 655,823
 682,455
 679,980
 655,789
 686,761
 720,819
 685,542
 686,997
 720,940
 695,326
 689,761
 690,815
 675,813
 700,498
 674,038
 765,349
 689,756
 712,974
 700,265
 725,883
 701,745
 706,873
 721,712
 718,826
 708,069
 722,196
 702,312
 738,037
 724,424
 695,608
 691,370
 719,854
 675,916
 741,644
 698,552
 729,548
 689,590
 697,960
 660,267
 706,599
 692,628
 745,303
 741,594
 709,168
 690,845
 762,297
 744,316
 718,421
 720,805
 711,609
 701,227
 725,244
 726,141
 707,866
 744,661
 728,985
 703,694
 700,413
 728,885
 711,180
 719,932
 723,807
 736,315
 747,308
 731,247
 737,648
 704,593
 724,134
 721,732
 719,020
 720,849
 756,212
 743,310
 696,431
 744,839
 747,898
 707,041
 755,209
 740,256
 721,731
 729,166
 750,531
 777,893
 768,356
 765,032
 776,797
 776,404
 758,436
 724,027
 760,650
 746,687
 764,675
 764,497
 727,711
 732,623
 764,821
 749,348
 714,893
 743,738
 791,491
 700,612
 747,720
 740,168
 747,762
 772,554
 762,835
 791,564
 735,853
 764,436
 762,178
 783,636
 773,182
 787,272
 800,308
 770,407
 761,039
 761,766
 745,919
 784,407
 766,652
 784,242
 753,771
 774,803
 758,419
 774,979
 774,638
 777,584
 821,008
 767,368
 778,278
 774,114
 727,790
 798,237
 784,530
 812,047
 789,641
 741,623
 770,140
 791,658
 770,722
 768,772
 738,722
 793,807
 807,497
 777,032
 780,410
 817,293
 796,762
 815,875
 802,403
 832,455
 833,362
 820,667
 794,345
 814,660
 797,990
 778,956
 822,235
 785,516
 818,923
 823,364
 797,832
 806,553
 819,447
 788,131
 789,246
 841,065
 779,123
 820,234
 829,205
 844,872
 832,201
 794,398
 820,308
 814,438
 830,983
 825,809
 824,476
 798,789
 817,977
 819,563
 831,348
 792,584
 842,662
 805,393
 831,147
 846,289
 848,432
 843,473
 811,014
 824,347
 855,132
 854,067
 831,761
 844,877
 850,693
 850,219
 849,606
 859,310
 835,445
 876,851
 823,291
 875,575
 839,194
 855,645
 828,918
 870,484
 863,173
 881,222
 836,914
 864,288
 856,352
 873,154
 852,563
 882,559
 889,647
 856,965
 886,880
 872,993
 849,038
 852,638
 861,098
 880,572
 874,863
 856,832
 878,622
 820,871
 884,214
 849,436
 893,635
 923,719
 888,616
 840,530
 880,526
 895,057
 885,539
 859,195
 857,635
 871,353
 901,293
 914,299
 863,449
 911,678
 903,344
 903,448
 920,502
 885,080
 903,573
 896,461
 851,321
 888,238
 854,681
 903,581
 929,698
 916,356
 923,727
 959,271
 915,598
 933,504
 936,576
 936,338
 931,087
 891,045
 902,267
 927,645
 886,265
 926,537
 908,872
 912,330
 919,783
 890,711
 967,433
 985,777
 949,333
 911,656
 947,893
 976,100
 958,321
 975,810
 937,966
 916,887
 929,457
 912,891
 942,255
 971,638
 957,251
 971,309
 950,237
 933,479
 937,578
 957,740
 963,292
 981,803
 997,167
 969,713
 987,812
 971,372
 961,518
 971,314
 973,446
 955,097
 970,253
 1000,317
 1012,084
 998,503
 1000,176
 995,490
 992,775
 982,423
 1000,076
 1004,895
 984,386
 984,915
 1032,864
 991,676
 1010,174
 964,708
 949,064
 999,755
 979,909
 1002,151
 1055,162
 1007,178
 1006,030
 1001,133
 1053,748
 978,985
 1016,297
 1058,041
 993,639
 1059,807
 972,042
 1022,101
 1008,668
 1013,882
 1030,623
 1017,028
 1043,170
 1053,186
 1011,711
 1055,918
 1028,609
 1044,361
 1059,845
 1007,069
 1008,159
 980,880
 1033,921
 1036,471
 1040,799
 1061,186
 1092,192
 1064,582
 1029,488
 1011,627
 1044,715
 1010,263
 1052,807
 1027,360
 1032,468
 1067,452
 1043,648
 1041,212
 1036,331
 1025,088
 1055,250
 1085,938
 1103,546
 1074,129
 1062,243
 1077,591
 1070,524
 1067,427
 1054,782
 1089,895
 1047,301
 1097,215
 1120,913
 1051,609
 1057,544
 1090,016
 1102,265
 1076,772
 1079,102
 1066,841
 1075,602
 1030,529
 1073,676
 1121,741
 1096,902
 1122,934
 1079,175
 1105,274
 1080,051
 1124,149
 1111,604
 1091,756
 1136,048
 1102,152
 1136,588
 1120,353
 1087,270
 1134,442
 1091,982
 1139,749
 1086,896
 1153,280
 1106,138
 1069,531
 1106,038
 1155,284
 1116,939
 1156,892
 1145,967
 1109,146
 1144,773
 1109,424
 1092,879
 1130,796
 1137,463
 1122,122
 1141,908
 1149,458
 1152,153
 1137,836
 1131,247
 1137,050
 1152,932
 1153,426
 1149,045
 1132,303
 1150,693
 1154,639
 1168,062
 1153,471
 1199,367
 1172,643
 1128,352
 1201,869
 1145,343
 1198,330
 1158,089
 1179,516
 1172,365
 1138,065
 1202,711
 1143,611
 1188,833
 1159,057
 1216,961
 1200,177
 1153,171
 1174,248
 1185,027
 1201,048
 1189,110
 1196,163
 1166,049
 1191,410
 1189,806
 1165,737
 1228,209
 1204,573
 1204,287
 1193,731
 1199,669
 1214,149
 1173,722
 1162,206
 1187,601
 1203,256
 1171,088
 1221,709
 1202,850
 1207,776
 1246,088
 1191,795
 1215,462
 1218,285
 1227,297
 1180,977
 1226,171
 1225,295
 1196,209
 1224,474
 1230,443
 1220,712
 1235,820
 1228,877
 1223,813
 1233,500
 1254,286
 1266,004
 1283,508
 1279,249
 1242,911
 1274,254
 1269,814
 1243,891
 1245,611
 1222,568
 1247,232
 1217,408
 1244,475
 1251,681
 1242,828
 1257,403
 1259,905
 1275,062
 1280,924
 1284,195
 1327,376
 1209,449
 1262,322
 1289,300
 1246,736
 1249,741
 1273,442
 1281,439
 1326,371
 1299,496
 1313,630
 1300,942
 1265,886
 1303,549
 1282,678
 1278,662
 1302,339
 1317,170
 1308,329
 1297,259
 1295,914
 1287,559
 1266,123
 1298,154
 1315,391
 1317,031
 1323,357
 1289,040
 1341,485
 1281,091
 1308,772
 1325,084
 1369,797
 1364,891
 1281,336
 1312,295
 1331,116
 1311,693
 1315,157
 1313,659
 1290,319
 1323,330
 1331,475
 1347,562
 1348,541
 1337,223
 1325,968
 1358,710
 1358,482
 1391,045
 1329,064
 1375,770
 1384,561
 1318,221
 1400,887
 1416,648
 1362,932
 1340,985
 1426,502
 1396,126
 1369,908
 1349,010
 1391,519
 1393,432
 1428,352
 1401,482
 1416,872
 1410,656
 1387,023
 1390,438
 1414,395
 1396,910
 1426,511
 1404,096
 1395,892
 1439,609
 1412,022
 1398,477
 1395,799
 1358,448
 1415,563
 1421,292
 1449,527
 1405,020
 1405,173
 1434,438
 1457,016
 1430,499
 1417,387
 1429,432
 1418,793
 1455,756
 1488,229
 1418,994
 1389,309
 1440,852
 1429,439
 1497,552
 1432,115
 1421,139
 1461,946
 1489,146
 1440,638
 1417,356
 1490,287
 1487,317
 1487,186
 1444,570
 1447,343
 1434,482
 1440,410
 1523,778
 1496,522
 1474,158
 1491,335
 1454,460
 1509,359
 1509,199
 1542,230
 1520,028
 1495,113
 1508,533
 1466,380
 1513,613
 1538,449
 1470,981
 1558,516
 1524,029
 1496,095
 1519,966
 1503,118
 1554,113
 1518,082
 1582,766
 1569,827
 1530,691
 1532,072
 1566,219
 1540,177
 1562,136
 1529,834
 1570,629
 1556,408
 1582,334
 1587,937
 1583,893
 1603,391
 1546,169
 1624,729
 1590,402
 1559,262
 1565,987
 1645,143
 1591,120
 1516,369
 1613,416
 1596,715
 1614,765
 1580,556
 1601,836
 1623,081
 1582,644
 1639,109
 1590,317
 1591,759
 1546,523
 1636,093
 1617,207
 1598,491
 1579,305
 1617,865
 1622,115
 1603,612
 1632,395
 1629,852
 1650,712
 1639,614
 1632,186
 1617,479
 1663,777
 1622,892
 1662,840
 1658,470
 1635,725
 1676,100
 1681,309
 1673,579
 1682,279
 1665,731
 1638,759
 1672,666
 1637,180
 1676,147
 1691,529
 1695,080
 1677,549
 1674,490
 1694,714
 1680,897
 1690,540
 1687,760
 1680,871
 1708,369
 1743,188
 1715,087
 1702,322
 1732,041
 1708,972
 1717,280
 1736,019
 1731,367
 1769,843
 1721,682
 1741,783
 1713,333
 1719,591
 1767,743
 1672,304
 1761,869
 1705,777
 1721,420
 1724,206
 1756,277
 1727,165
 1734,650
 1758,827
 1782,925
 1778,105
 1744,329
 1766,116
 1779,162
 1735,789
 1781,270
 1738,557
 1749,131
 1783,466
 1695,033
 1787,081
 1794,792
 1765,157
 1764,368
 1769,187
 1802,124
 1825,871
 1786,994
 1795,246
 1773,688
 1829,451
 1846,661
 1813,807
 1814,815
 1836,087
 1826,239
 1787,261
 1807,088
 1744,976
 1870,893
 1819,915
 1806,726
 1870,875
 1808,011
 1811,016
 1804,912
 1816,156
 1821,648
 1817,896
 1842,541
 1840,572
 1889,918
 1856,506
 1851,652
 1853,097
 1801,144
 1792,575
 1904,116
 1837,411
 1835,343
 1891,492
 1945,664
 1836,618
 1847,411
 1839,241
 1883,199
 1846,226
 1817,134
 1871,819
 1859,917
 1886,366
 1899,410
 1890,700
 1913,486
 1909,223
 1892,815
 1880,612
 1905,223
 1843,209
 1914,577
 1875,487
 1906,771
 1917,691
 1898,096
 1875,899
 1919,750
 1905,662
 1886,842
 1914,785
 1932,299
 1934,339
 1920,102
 1917,502
 1901,951
 1918,679
 1952,672
 1973,517
 1957,214
 1940,986
 1951,644
 1932,430
 1965,829
 1943,984
 1909,266
 1937,560
 1891,906
 1967,173
 1982,562
 1948,021
 1956,381
 1876,451
 1932,621
 1951,712
 1937,398
 1965,961
 1923,083
 1951,411
 1998,939
 1946,989
 1995,777
 1978,225
 1926,677
 2000,553
 1935,771
 1968,023
 1970,637
 1999,170
 1992,806
 1973,612
 2024,456
 1947,724
 1966,923
 1960,806
 1967,619
 1992,284
 2042,865
 2002,418
 2013,742
 2039,664
 2016,713
 1983,464
 1981,166
 2029,281
 2017,510
 2017,845
 2014,930
 1973,544
 2006,707
 2001,179
 2004,408
 2000,558
 2024,824
 1975,891
 2023,793
 2038,820
 2021,243
 2018,866
 2058,509
 2069,505
 2021,864
 2013,838
 2059,339
 2090,585
 2027,745
 2040,025
 2014,821
 2096,296
 2091,200
 2055,915
 2074,953
 2061,894
 2059,752
 2057,600
 2039,419
 2056,199
 2080,388
 2072,668
 2054,265
 2083,070
 2090,719
 2052,420
 2060,197
 2041,802
 2079,679
 2141,063
 2056,364
 2052,194
 2140,175
 2089,202
 2121,357
 2091,944
 2090,846
 2115,129
 2117,034
 2083,395
 2129,691
 2132,439
 2135,498
 2127,326
 2139,370
 2129,977
 2150,818
 2077,102
 2121,280
 2106,274
 2084,685
 2173,465
 2151,619
 2117,343
 2125,140
 2151,159
 2224,990
 2138,348
 2197,645
 2141,974
 2159,785
 2140,007
 2185,877
 2131,532
 2135,218
 2125,684
 2116,853
 2176,385
 2240,255
 2160,404
 2163,310
 2192,278
 2183,936
 2177,097
 2223,128
 2189,507
 2151,707
 2144,843
 2204,498
 2181,278
 2212,433
 2153,123
 2142,754
 2186,983
 2210,226
 2225,224
 2242,776
 2180,132
 2194,384
 2225,766
 2214,082
 2161,760
 2236,231
 2243,538
 2236,493
 2171,498
 2248,237
 2243,211
 2263,621
 2237,571
 2213,388
 2223,615
 2245,467
 2211,485
 2240,303
 2225,539
 2294,743
 2242,677
 2263,354
 2329,097
 2247,780
 2294,970
 2261,390
 2239,283
 2272,409
 2228,268
 2317,615
 2209,048
 2283,164
 2240,286
 2270,480
 2267,249
 2291,701
 2260,436
 2283,288
 2275,830
 2273,141
 2292,689
 2321,478
 2257,661
 2320,990
 2296,625
 2337,166
 2362,884
 2304,360
 2309,889
 2303,321
 2342,459
 2329,234
 2309,769
 2336,395
 2358,639
 2339,263
 2356,692
 2359,712
 2363,310
 2303,668
 2341,978
 2361,313
 2303,330
 2365,588
 2332,652
 2390,260
 2352,144
 2356,524
 2386,414
 2367,534
 2379,863
 2370,511
 2377,272
 2372,725
 2396,835
 2429,684
 2370,129
 2444,768
 2438,370
 2415,644
 2379,664
 2437,532
 2422,335
 2373,258
 2406,244
 2412,740
 2469,295
 2395,428
 2430,038
 2439,257
 2432,802
 2429,957
 2458,123
 2466,439
 2421,669
 2405,115
 2446,744
 2446,751
 2469,859
 2455,592
 2407,134
 2416,355
 2536,333
 2433,922
 2462,824
 2465,479
 2481,048
 2487,437
 2511,235
 2476,869
 2547,893
 2488,212
 2425,599
 2521,957
 2465,552
 2496,384
 2548,011
 2548,013
 2411,785
 2522,126
 2553,156
 2522,295
 2549,816
 2508,704
 2530,423
 2583,683
 2572,506
 2506,807
 2532,407
 2517,273
 2495,534
 2547,489
 2542,357
 2566,253
 2562,892
 2527,000
 2558,004
 2477,744
 2558,839
 2562,597
 2560,666
 2584,116
 2536,698
 2587,859
 2610,725
 2582,483
 2557,877
 2555,203
 2592,772
 2604,535
 2601,962
 2568,411
 2637,216
 2622,159
 2649,546
 2560,720
 2635,398
 2621,419
 2601,248
 2538,860
 2634,055
 2574,807
 2566,733
 2601,575
 2642,855
 2602,921
 2598,567
 2572,184
 2598,532
 2594,087
 2620,668
 2692,415
 2634,822
 2569,663
 2647,938
 2625,302
 2620,246
 2677,493
 2674,212
 2667,673
 2701,495
 2628,663
 2611,829
 2671,581
 2684,011
 2638,510
 2679,404
 2663,552
 2657,923
 2676,920
 2692,298
 2665,567
 2590,855
 2701,252
 2738,471
 2703,244
 2670,509
 2684,931
 2693,544
 2704,125
 2679,724
 2722,182
 2746,847
 2712,444
 2647,654
 2758,165
 2684,812
 2717,073
 2782,513
 2758,336
 2694,300
 2687,541
 2770,243
 2738,879
 2720,808
 2744,026
 2691,486
 2692,799
 2738,221
 2721,750
 2750,848
 2719,236
 2766,274
 2724,258
 2754,013
 2740,609
 2746,386
 2723,561
 2770,319
 2748,362
 2794,302
 2746,299
 2804,475
 2726,172
 2726,994
 2706,006
 2744,627
 2790,940
 2782,268
 2793,079
 2814,113
 2801,356
 2890,181
 2776,388
 2809,172
 2796,978
 2823,052
 2878,158
 2828,116
 2821,377
 2783,351
 2798,707
 2833,671
 2841,955
 2769,006
 2804,813
 2737,858
 2793,336
 2851,244
 2862,724
 2849,320
 2832,658
 2836,318
 2845,632
 2840,658
 2839,326
 2824,872
 2833,312
 2841,148
 2936,040
 2877,293
 2859,069
 2832,390
 2816,076
 2857,116
 2844,675
 2876,201
 2891,789
 2842,799
 2844,605
 2907,368
 2852,556
 2828,941
 2890,483
 2904,263
 2861,216
 2845,262
 2938,099
 2879,383
 2886,960
 2894,058
 2943,584
 2900,222
 2841,025
 2868,326
 2947,323
 2944,305
 2905,347
 2870,317
 2937,948
 2848,855
 2912,023
 2886,891
 2917,985
 2920,116
 2945,732
 2906,680
 2900,893
 2929,578
 2910,285
 2903,524
 2949,666
 2915,518
 2950,800
 2905,477
 2959,487
 2944,021
 2878,040
 2894,630
 2983,471
 2919,781
 2905,345
 2936,278
 2920,900
 2925,782
 2909,865
 2930,599
 2958,197
 2902,008
 2974,847
 2962,059
 2990,503
 2994,861
 2962,610
 3005,195
 2940,952
 2982,898
 2988,198
 2985,052
 2984,645
 2997,081
 2960,822
 2967,967
 2973,328
 2984,293
 2975,069
 2996,780
 2968,491
 3016,218
 2986,664
 3018,003
 2924,628
 2991,236
 2974,878
 2981,584
 2990,765
 2995,128
 3013,646
 3002,139
 2973,743
 2993,224
 3064,435
 3022,731
 2976,309
 3019,290
 3006,496
 3002,009
 3089,583
 3035,827
 2997,634
 3020,534
 3016,044
 3016,133
 3036,722
 3054,038
 3096,591
 3067,917
 3102,829
 3009,911
 3032,477
 3043,036
 3032,192
 3034,470
 3138,726
 3030,156
 3021,391
 3055,036
 3115,063
 3028,543
 3134,057
 3075,455
 3092,251
 3111,822
 3080,122
 3097,651
 3119,094
 3082,302
 3113,527
 3078,768
 3051,112
 3063,270
 3082,595
 3077,104
 3088,044
 3040,426
 3184,460
 3101,481
 3113,800
 3108,118
 3106,856
 3164,088
 3143,007
 3161,979
 3127,086
 3168,231
 3097,282
 3132,654
 3131,204
 3123,556
 3221,779
 3158,878
 3180,228
 3197,962
 3108,051
 3159,353
 3153,952
 3148,941
 3236,460
 3221,617
 3179,384
 3126,269
 3221,938
 3134,897
 3162,101
 3168,614
 3207,319
 3215,512
 3205,266
 3215,464
 3204,645
 3155,347
 3165,415
 3127,297
 3203,360
 3194,578
 3164,796
 3221,070
 3204,658
 3186,947
 3172,415
 3170,230
 3261,496
 3268,718
 3273,540
 3250,042
 3190,787
 3233,989
 3236,576
 3222,960
 3240,750
 3304,433
 3277,851
 3236,816
 3281,897
 3291,980
 3267,837
 3246,072
 3259,061
 3217,994
 3238,330
 3273,346
 3328,955
 3273,146
 3277,151
 3278,208
 3259,248
 3298,321
 3334,051
 3237,425
 3300,415
 3234,665
 3264,353
 3269,070
 3308,453
 3236,693
 3350,225
 3226,358
 3323,206
 3335,071
 3283,658
 3354,040
 3355,206
 3340,433
 3276,809
 3333,362
 3276,338
 3322,391
 3358,342
 3344,063
 3334,459
 3343,630
 3336,284
 3379,547
 3364,507
 3289,505
 3339,850
 3347,755
 3355,141
 3328,436
 3384,700
 3345,537
 3323,317
 3414,260
 3377,290
 3353,225
 3349,629
 3270,705
 3377,460
 3399,862
 3382,079
 3446,869
 3380,027
 3425,108
 3351,341
 3406,446
 3416,655
 3404,918
 3376,176
 3414,900
 3459,918
 3412,057
 3439,714
 3413,377
 3367,185
 3433,070
 3413,176
 3402,918
 3390,175
 3450,193
 3492,383
 3511,932
 3497,760
 3462,427
 3461,647
 3549,930
 3448,106
 3325,527
 3515,311
 3444,317
 3508,380
 3407,355
 3488,801
 3456,226
 3490,024
 3546,029
 3461,072
 3454,398
 3548,643
 3544,873
 3504,407
 3411,473
 3481,857
 3500,071
 3503,786
 3496,731
 3463,122
 3526,577
 3532,475
 3495,689
 3534,980
 3511,530
 3488,732
 3538,566
 3597,742
 3530,954
 3502,303
 3559,527
 3563,713
 3554,660
 3555,199
 3557,224
 3573,757
 3571,010
 3589,606
 3534,872
 3584,206
 3507,828
 3508,356
 3573,536
 3618,464
 3559,279
 3644,783
 3524,708
 3579,388
 3612,820
 3624,121
 3571,852
 3594,203
 3613,262
 3663,809
 3585,491
 3674,653
 3621,455
 3594,271
 3590,301
 3614,936
 3582,563
 3590,965
 3609,031
 3672,271
 3642,741
 3600,533
 3669,555
 3643,136
 3622,141
 3632,882
 3667,212
 3641,615
 3684,465
 3660,925
 3703,051
 3740,909
 3694,988
 3656,935
 3708,003
 3664,565
 3740,957
 3676,720
 3688,842
 3713,888
 3658,819
 3733,196
 3686,243
 3725,453
 3592,047
 3682,919
 3716,761
 3694,143
 3658,864
 3664,761
 3729,847
 3798,135
 3714,096
 3688,055
 3732,303
 3700,355
 3702,304
 3754,808
 3700,850
 3747,494
 3760,458
 3738,791
 3799,727
 3745,202
 3723,775
 3788,172
 3791,111
 3764,143
 3771,581
 3673,622
 3755,728
 3732,733
 3796,020
 3706,822
 3774,215
 3777,149
 3734,323
 3738,870
 3720,661
 3782,621
 3751,734
 3775,140
 3741,904
 3787,896
 3700,724
 3847,093
 3814,400
 3765,842
 3696,042
 3821,068
 3774,775
 3744,936
 3838,220
 3834,791
 3763,880
 3793,795
 3750,267
 3774,597
 3852,301
 3785,482
 3828,204
 3754,751
 3768,877
 3729,569
 3797,996
 3834,307
 3785,121
 3772,484
 3849,934
 3860,976
 3792,731
 3877,550
 3807,521
 3895,758
 3800,999
 3789,138
 3811,666
 3864,704
 3886,865
 3826,357
 3850,906
 3839,123
 3909,319
 3862,620
 3821,099
 3841,677
 3865,286
 3812,856
 3931,703
 3886,396
 3854,056
 3881,923
 3805,915
 3866,949
 3896,561
 3801,732
 3844,914
 3853,865
 3834,729
 3862,429
 3899,866
 3824,301
 3955,183
 3930,576
 3854,804
 3832,659
 3901,762
 3921,323
 3920,420
 3917,804
 3927,649
 3936,399
 3954,518
 3911,983
 3980,069
 3915,124
 3919,691
 3894,046
 3955,427
 3971,251
 3962,792
 3940,823
 3887,144
 3901,905
 3957,153
 3932,888
 3934,163
 3963,414
 3994,743
 3949,631
 3913,164
 3879,160
 3931,252
 3965,869
 3978,457
 3911,625
 3946,340
 3931,903
 3963,134
 3959,346
 3985,514
 3951,763
 3967,772
 3964,608
 3949,253
 3941,076
 3946,120
 3941,003
 3925,889
 3989,905
 3956,801
 4008,008
 3977,915
 4014,476
 3972,496
 3953,290
 4010,496
 3931,096
 3969,523
 3961,233
 3955,222
 4095,086
 4018,359
 4000,557
 3985,757
 3961,880
 4097,156
 4037,291
 4037,714
 4029,960
 3992,315
 4031,440
 3934,614
 4067,871
 4043,108
 4005,962
 4064,006
 4047,677
 4055,198
 4041,742
 4039,966
 4017,844
 4082,886
 4063,891
 4081,327
 4005,128
 4049,610
 4064,157
 4031,164
 4082,919
 4038,672
 4054,249
 4066,684
 4000,483
 4113,313
 3986,785
 4009,872
 4061,217
 4039,225
 4073,382
 4040,592
 4107,913
 4142,538
 4068,567
 4071,944
 4091,259
 4078,176
 4127,767
 4101,972
 4052,902
 4041,200
 4016,317
 4088,947
 4016,135
 4094,002
 4139,313
 4140,046
 4119,156
 4125,801
 4070,769
 4066,333
 4069,771
 4051,514
 4128,949
 4036,363
 4081,603
 4150,385
 4125,940
 4141,784
 4156,454
 4177,543
 4158,458
 4121,669
 4114,319
 4112,720
 4101,466
 4160,491
 4150,457
 4112,860
 4190,834
 4186,574
 4222,798
 4162,040
 4146,271
 4177,548
 4140,738
 4131,951
 4176,513
 4120,870
 4165,653
 4131,213
 4128,869
 4156,218
 4086,322
 4179,120
 4189,649
 4132,623
 4145,181
 4186,917
 4222,167
 4120,959
 4198,126
 4126,754
 4105,116
 4183,742
 4118,023
 4186,320
 4187,295
 4218,941
 4221,761
 4161,721
 4242,648
 4233,099
 4260,604
 4184,813
 4209,576
 4132,383
 4176,149
 4278,567
 4252,509
 4196,432
 4240,338
 4218,014
 4256,213
 4187,893
 4185,254
 4247,525
 4222,814
 4208,746
 4135,495
 4190,847
 4220,545
 4201,346
 4236,258
 4247,605
 4252,634
 4250,925
 4270,564
 4261,012
 4250,690
 4260,284
 4352,714
 4270,391
 4300,664
 4279,714
 4250,595
 4302,727
 4233,432
 4320,900
 4293,788
 4291,560
 4265,327
 4320,838
 4272,706
 4339,433
 4328,812
 4305,013
 4306,165
 4321,445
 4281,498
 4260,409
 4328,278
 4357,835
 4363,070
 4382,513
 4305,869
 4344,270
 4393,363
 4270,778
 4263,238
 4329,317
 4323,267
 4355,829
 4333,544
 4325,063
 4343,467
 4368,927
 4355,523
 4362,851
 4401,978
 4371,097
 4328,718
 4404,171
 4297,632
 4358,238
 4312,226
 4352,268
 4305,736
 4417,723
 4370,998
 4416,710
 4423,460
 4376,829
 4403,667
 4354,989
 4496,768
 4379,010
 4414,671
 4412,756
 4363,345
 4382,505
 4392,501
 4422,664
 4334,345
 4449,775
 4425,810
 4400,361
 4460,209
 4448,151
 4490,282
 4424,331
 4427,121
 4403,497
 4402,879
 4393,062
 4479,004
 4434,407
 4383,530
 4488,243
 4417,510
 4468,098
 4446,436
 4448,552
 4511,299
 4432,694
 4389,118
 4449,866
 4475,789
 4444,707
 4579,000
 4528,971
 4479,251
 4497,368
 4462,330
 4531,247
 4460,629
 4500,389
 4591,642
 4522,973
 4520,041
 4580,181
 4552,526
 4486,637
 4512,333
 4539,579
 4486,218
 4527,107
 4555,715
 4542,165
 4532,119
 4537,028
 4549,240
 4535,248
 4542,036
 4610,183
 4508,890
 4560,581
 4602,197
 4554,584
 4557,223
 4565,612
 4554,274
 4592,263
 4555,871
 4614,398
 4496,115
 4591,554
 4568,997
 4586,361
 4643,137
 4515,495
 4656,630
 4542,066
 4573,947
 4611,618
 4580,611
 4644,868
 4655,805
 4593,346
 4663,629
 4675,710
 4608,092
 4644,517
 4621,848
 4679,906
 4681,238
 4646,959
 4726,772
 4663,782
 4631,387
 4659,810
 4570,412
 4678,710
 4668,832
 4619,747
 4692,890
 4600,310
 4694,095
 4687,936
 4664,544
 4674,907
 4618,819
 4681,806
 4719,758
 4617,766
 4643,002
 4700,835
 4703,603
 4712,077
 4636,661
 4693,586
 4707,477
 4657,123
 4647,996
 4686,180
 4681,665
 4665,336
 4774,927
 4745,364
 4764,277
 4678,226
 4759,071
 4759,037
 4669,981
 4777,798
 4644,534
 4755,509
 4724,286
 4739,376
 4766,075
 4754,932
 4731,630
 4687,165
 4829,237
 4743,428
 4804,985
 4785,048
 4800,459
 4734,819
 4834,764
 4848,396
 4801,023
 4760,089
 4810,068
 4769,924
 4756,864
 4753,054
 4820,237
 4824,363
 4748,896
 4809,454
 4768,290
 4791,131
 4823,859
 4876,621
 4796,716
 4845,303
 4803,268
 4808,471
 4845,598
 4845,902
 4810,431
 4802,534
 4824,126
 4863,048
 4900,741
 4773,234
 4790,353
 4832,744
 4833,925
 4875,015
 4851,249
 4824,457
 4836,875
 4937,171
 4919,899
 4845,497
 4944,382
 4888,798
 4857,233
 4830,487
 4848,426
 4886,339
 4919,490
 4891,341
 4884,731
 4882,583
 4794,487
 4915,116
 4969,920
 4907,588
 4910,597
 4896,312
 4856,885
 4931,373
 4839,780
 4879,531
 4913,200
 4800,202
 4935,788
 4889,647
 4827,283
 4860,802
 4870,267
 4964,410
 4902,630
 4948,012
 4882,733
 4954,880
 4910,243
 4818,765
 4919,159
 4913,751
 4894,976
 4957,438
 4915,740
 4930,616
 4991,930
 4930,663
 4944,009
 4942,194
 4890,893
 4906,527
 4877,882
 4963,399
 4839,218
 4915,297
 4967,908
 4933,755
 4841,673
 4924,345
 4938,193
 4938,459
 4997,317
 4905,150
 4967,902
 4963,995
 4967,728
 4928,189
 4925,749
 4970,185
 4947,727
 4995,713
 4888,846
 5002,703
 4986,842
 4973,930
 4900,539
 5025,701
 4982,127
 5008,717
 4987,314
 4971,143
 4994,808
 4947,843
 4987,396
 5063,943
 5005,266
 5013,157
 4930,224
 4981,355
 4893,775
 5029,164
 5121,452
 4952,652
 5022,024
 4809,394
 4993,404
 5023,590
 5011,831
 4957,149
 5101,888
 5012,040
 4999,187
 4980,258
 5014,945
 4962,843
 5021,414
 5075,843
 4994,356
 5059,931
 4932,809
 4953,595
 5043,833
 5063,988
 5030,990
 4980,835
 5013,498
 5013,224
 5061,097
 5055,833
 5064,714
 5000,550
 5084,053
 5006,616
 4952,539
 5021,253
 5050,654
 5055,894
 5006,071
 5070,204
 5094,170
 5091,644
 5032,518
 5081,443
 5022,794
 5102,092
 5014,392
 5061,371
 5090,403
 5064,802
 5095,678
 5197,789
 5059,599
 5094,361
 5084,819
 5169,360
 5145,050
 5117,478
 5129,072
 5089,272
 5085,077
 5161,180
 5114,902
 5050,667
 5033,526
 5026,512
 5134,569
 5098,066
 5145,287
 5069,438
 5110,492
 5217,491
 5088,471
 5107,391
 5194,815
 5137,834
 5141,477
 5120,531
 5182,326
 5127,393
 5167,445
 5171,927
 5074,316
 5040,426
 5142,031
 5130,702
 5166,754
 5087,957
 5048,042
 5120,314
 5169,100
 5089,849
 5102,667
 5190,079
 5169,700
 5172,041
 5087,332
 5243,362
 5233,985
 5134,900
 5101,253
 5175,548
 5177,882
 5101,274
 5139,581
 5147,588
 5103,719
 5140,410
 5204,768
 5199,059
 5141,232
 5138,552
 5180,866
 5109,252
 5106,892
 5121,992
 5088,944
 5119,339
 5120,226
 5170,072
 5137,424
 5158,612
 5242,870
 5139,148
 5215,742
 5203,804
 5205,307
 5143,810
 5127,677
 5121,644
 5104,225
 5101,894
 5047,834
 5170,523
 5183,763
 5189,474
 5141,070
 5129,120
 5153,725
 5254,593
 5108,759
 5156,177
 5155,666
 5105,752
 5126,497
 5185,711
 5199,424
 5175,780
 5225,734
 5151,709
 5211,528
 5180,307
 5125,667
 5212,627
 5165,366
 5159,656
 5159,713
 5159,576
 5262,118
 5177,444
 5251,499
 5204,614
 5091,079
 5240,555
 5171,920
 5083,999
 5090,428
 5132,812
 5127,097
 5164,513
 5217,172
 5181,136
 5161,324
 5107,631
 5103,010
 5182,568
 5179,143
 5070,973
 5182,876
 5178,266
 5133,204
 5158,013
 5163,649
 5206,310
 5179,605
 5218,566
 5147,647
 5130,353
 5214,005
 5179,837
 5180,598
 5194,285
 5173,344
 5184,477
 5175,376
 5181,014
 5199,161
 5195,881
 5185,900
 5132,926
 5185,484
 5185,012
 5170,364
 5196,788
 5136,175
 5130,439
 5195,678
 5096,321
 5145,047
 5151,152
 5142,842
 5127,575
 5095,311
 5167,566
 5141,336
 5168,307
 5135,010
 5181,766
 5122,778
 5156,153
 5150,238
 5155,931
 5194,789
 5147,698
 5159,665
 5153,846
 5136,723
 5136,879
 5178,912
 5155,108
 5220,259
 5182,001
 5146,919
 5197,122
 5174,530
 5155,482
 5259,060
 5181,225
 5158,338
 5157,381
 5172,361
 5197,245
 5253,407
 5197,021
 5179,815
 5236,222
 5186,823
 5179,468
 5217,082
 5109,501
 5192,162
 5210,343
 5197,583
 5261,481
 5172,328
 5216,490
 5257,918
 5280,712
 5136,590
 5166,356
 5174,837
 5243,108
 5307,990
 5218,315
 5198,654
 5192,905
 5275,699
 5202,415
 5230,517
 5245,489
 5216,139
 5163,201
 5265,094
 5269,134
 5201,248
 5284,731
 5302,120
 5273,340
 5328,217
 5285,536
 5211,603
 5275,242
 5230,856
 5234,427
 5287,349
 5260,124
 5324,773
 5245,220
 5171,970
 5263,124
 5283,035
 5344,426
 5300,727
 5309,458
 5190,189
 5292,063
 5270,549
 5275,874
 5292,480
 5314,451
 5308,609
 5239,450
 5299,403
 5221,895
 5190,906
 5370,774
 5354,090
 5208,990
 5238,143
 5329,399
 5250,147
 5395,321
 5304,197
 5255,456
 5350,833
 5250,676
 5289,470
 5313,495
 5338,806
 5311,256
 5354,639
 5322,936
 5347,457
 5289,335
 5335,120
 5297,515
 5361,011
 5398,646
 5313,352
 5366,672
 5333,549
 5387,495
 5420,636
 5348,352
 5374,879
 5398,106
 5374,169
 5332,077
 5375,423
 5310,389
 5367,164
 5371,167
 5291,413
 5349,840
 5466,523
 5407,738
 5398,328
 5465,987
 5391,842
 5439,079
 5365,320
 5399,649
 5454,939
 5390,822
 5387,332
 5340,568
 5362,846
 5465,007
 5492,766
 5410,463
 5428,933
 5526,661
 5361,629
 5391,622
 5382,062
 5382,167
 5424,844
 5420,115
 5402,370
 5453,547
 5403,395
 5472,429
 5496,304
 5443,498
 5422,136
 5416,256
 5425,973
 5433,814
 5344,434
 5416,240
 5398,420
 5358,458
 5351,015
 5411,227
 5461,402
 5397,271
 5421,199
 5493,386
 5486,299
 5451,351
 5477,345
 5464,936
 5445,376
 5438,462
 5456,094
 5489,090
 5376,433
 5462,964
 5424,164
 5478,096
 5492,376
 5450,267
 5390,921
 5486,696
 5473,442
 5486,061
 5422,394
 5494,558
 5546,025
 5511,611
 5482,851
 5470,163
 5449,914
 5440,517
 5485,640
 5435,859
 5503,154
 5465,317
 5486,639
 5449,511
 5494,520
 5437,628
 5431,823
 5453,553
 5496,065
 5461,595
 5469,035
 5448,160
 5495,692
 5474,360
 5432,216
 5520,571
 5401,320
 5489,242
 5507,565
 5513,596
 5461,789
 5462,461
 5454,035
 5494,499
 5493,462
 5487,341
 5543,425
 5446,591
 5455,478
 5417,804
 5533,753
 5460,435
 5488,642
 5553,677
 5442,820
 5447,898
 5416,870
 5524,958
 5457,021
 5397,150
 5432,039
 5514,307
 5435,836
 5522,289
 5385,060
 5412,463
 5518,025
 5416,537
 5502,337
 5431,124
 5487,781
 5510,796
 5452,814
 5475,498
 5379,293
 5476,580
 5491,161
 5514,226
 5359,368
 5458,732
 5497,259
 5526,419
 5471,678
 5509,111
 5577,262
 5544,958
 5532,786
 5476,863
 5497,345
 5444,482
 5466,649
 5433,869
 5481,048
 5464,225
 5467,674
 5431,866
 5497,526
 5580,710
 5487,258
 5460,792
 5443,637
 5522,116
 5489,065
 5450,214
 5569,250
 5429,515
 5549,166
 5441,596
 5559,944
 5505,865
 5523,812
 5511,834
 5504,693
 5467,978
 5517,700
 5472,465
 5485,654
 5428,619
 5532,579
 5505,008
 5544,951
 5515,275
 5471,136
 5505,731
 5402,747
 5490,040
 5508,729
 5426,134
 5509,666
 5524,977
 5415,215
 5379,254
 5506,502
 5518,471
 5507,130
 5510,115
 5505,083
 5469,009
 5461,435
 5502,333
 5455,076
 5424,957
 5489,968
 5493,925
 5450,534
 5462,256
 5374,230
 5435,840
 5439,806
 5377,664
 5448,775
 5490,714
 5441,804
 5492,453
 5430,821
 5430,502
 5484,124
 5393,039
 5434,715
 5399,307
 5511,014
 5446,254
 5428,101
 5440,322
 5551,629
 5441,372
 5473,222
 5436,472
 5427,034
 5500,135
 5374,086
 5515,309
 5494,417
 5397,862
 5462,543
 5408,140
 5416,819
 5459,534
 5473,895
 5436,297
 5493,246
 5454,557
 5454,568
 5462,012
 5412,178
 5391,239
 5443,224
 5434,772
 5416,873
 5401,568
 5353,535
 5393,502
 5463,444
 5426,848
 5414,966
 5402,857
 5458,090
 5339,588
 5416,774
 5390,271
 5373,154
 5431,286
 5351,163
 5364,699
 5436,792
 5333,548
 5434,828
 5460,772
 5329,718
 5317,049
 5326,480
 5392,616
 5374,014
 5364,958
 5400,370
 5440,430
 5392,795
 5364,148
 5370,509
 5361,784
 5372,832
 5333,184
 5382,291
 5395,489
 5363,218
 5325,920
 5350,859
 5406,330
 5367,824
 5390,542
 5363,762
 5348,743
 5388,035
 5295,832
 5326,521
 5279,162
 5366,381
 5341,627
 5350,103
 5367,206
 5224,084
 5322,239
 5349,997
 5349,836
 5386,209
 5328,089
 5399,730
 5252,798
 5283,125
 5239,363
 5281,751
 5302,234
 5325,560
 5270,139
 5405,887
 5321,192
 5288,924
 5236,080
 5316,193
 5385,768
 5382,908
 5320,686
 5331,150
 5330,299
 5274,439
 5335,345
 5266,915
 5309,002
 5204,964
 5273,120
 5407,224
 5239,039
 5254,782
 5191,419
 5272,616
 5221,016
 5372,226
 5264,399
 5249,862
 5297,160
 5274,525
 5209,142
 5207,955
 5222,953
 5211,481
 5213,422
 5245,360
 5222,213
 5273,775
 5257,951
 5304,278
 5244,040
 5196,604
 5236,231
 5211,551
 5249,405
 5165,427
 5277,385
 5252,374
 5213,014
 5183,605
 5170,433
 5251,652
 5241,645
 5255,128
 5198,250
 5213,578
 5169,504
 5216,324
 5254,597
 5210,388
 5134,608
 5223,191
 5146,787
 5122,901
 5109,181
 5197,195
 5141,523
 5168,092
 5202,118
 5217,523
 5244,017
 5204,328
 5154,752
 5170,574
 5187,893
 5158,339
 5165,141
 5274,050
 5174,142
 5163,981
 5212,316
 5162,211
 5159,305
 5169,365
 5154,190
 5132,848
 5137,560
 5163,193
 5061,640
 5132,990
 5152,700
 5123,902
 5084,119
 5153,044
 5102,109
 5197,306
 5086,587
 5147,150
 5149,351
 5150,525
 5170,535
 5131,384
 5181,421
 5088,760
 5177,414
 5160,439
 5090,864
 5098,329
 5125,062
 5113,144
 5051,512
 5086,105
 5122,935
 5111,242
 5106,429
 5095,586
 5060,538
 5018,044
 5087,539
 5057,719
 5109,486
 5106,160
 5089,339
 5064,226
 5117,384
 5005,094
 5017,661
 5038,501
 5022,769
 5133,932
 5039,161
 5052,928
 5091,495
 5026,069
 5040,610
 5004,921
 5096,695
 5044,222
 4993,887
 5127,442
 5015,347
 5054,279
 5032,535
 5032,269
 5016,901
 5026,694
 5001,472
 4952,534
 4952,181
 5091,964
 4975,465
 4967,528
 4937,232
 4974,575
 4964,237
 4976,835
 5028,882
 4971,359
 4947,767
 4923,741
 4895,350
 4888,907
 4970,267
 4891,481
 4986,367
 4959,664
 4952,382
 4844,368
 4899,984
 4885,438
 4831,770
 4936,271
 4835,302
 4944,257
 4967,963
 4925,269
 4974,583
 4936,076
 4862,238
 4901,034
 4999,651
 4857,300
 4875,898
 4832,815
 4890,866
 4862,620
 4912,740
 4926,970
 4890,566
 4860,930
 4887,523
 4845,082
 4806,626
 4839,512
 4861,481
 4896,288
 4997,915
 4888,378
 4852,480
 4777,502
 4858,524
 4879,917
 4824,719
 4861,540
 4859,430
 4794,916
 4808,518
 4781,215
 4777,898
 4796,531
 4757,616
 4819,127
 4852,665
 4771,416
 4844,339
 4858,542
 4745,167
 4823,860
 4824,972
 4803,673
 4793,801
 4731,259
 4775,535
 4737,532
 4795,573
 4786,119
 4736,157
 4798,135
 4758,709
 4730,656
 4837,876
 4756,943
 4739,602
 4731,623
 4755,007
 4727,471
 4742,154
 4748,617
 4733,525
 4737,585
 4678,554
 4693,867
 4746,861
 4678,774
 4702,618
 4648,373
 4703,970
 4770,010
 4680,611
 4645,934
 4723,328
 4815,744
 4648,301
 4572,535
 4621,383
 4688,680
 4653,428
 4713,669
 4660,743
 4714,279
 4688,256
 4708,478
 4695,371
 4680,944
 4713,425
 4685,557
 4657,485
 4692,416
 4634,586
 4601,577
 4631,284
 4700,985
 4529,879
 4571,829
 4650,568
 4604,915
 4633,449
 4591,049
 4646,833
 4580,868
 4604,675
 4660,979
 4574,575
 4558,733
 4592,758
 4575,867
 4638,959
 4570,428
 4578,346
 4643,324
 4568,074
 4600,268
 4618,140
 4546,941
 4567,616
 4572,176
 4510,528
 4504,778
 4558,873
 4570,685
 4560,981
 4514,388
 4539,925
 4548,180
 4488,405
 4553,553
 4510,941
 4516,283
 4517,820
 4510,190
 4442,093
 4475,359
 4493,994
 4535,089
 4538,254
 4574,725
 4444,159
 4498,193
 4438,980
 4427,689
 4452,225
 4455,561
 4458,314
 4407,476
 4482,008
 4475,517
 4523,633
 4524,589
 4480,095
 4427,806
 4558,799
 4441,664
 4464,598
 4401,211
 4404,066
 4480,439
 4391,123
 4339,922
 4361,532
 4429,250
 4382,967
 4319,434
 4394,946
 4433,925
 4446,058
 4376,511
 4389,916
 4331,214
 4375,553
 4379,859
 4341,488
 4423,546
 4436,290
 4329,564
 4405,868
 4351,078
 4361,553
 4406,324
 4372,578
 4367,646
 4340,217
 4335,457
 4250,074
 4310,566
 4339,771
 4294,836
 4322,974
 4307,372
 4289,613
 4366,735
 4295,017
 4270,281
 4299,585
 4303,551
 4303,016
 4317,196
 4285,477
 4304,520
 4222,121
 4245,787
 4245,943
 4207,461
 4302,029
 4252,399
 4243,285
 4209,842
 4209,985
 4252,310
 4155,989
 4257,198
 4230,969
 4276,118
 4269,396
 4248,607
 4218,108
 4230,081
 4150,755
 4208,653
 4162,221
 4232,729
 4229,422
 4192,923
 4198,777
 4158,188
 4162,864
 4163,081
 4250,422
 4222,094
 4174,941
 4201,364
 4196,071
 4224,261
 4216,612
 4170,217
 4130,567
 4163,435
 4189,402
 4206,731
 4155,135
 4174,931
 4065,851
 4186,559
 4120,982
 4071,240
 4150,805
 4161,013
 4148,719
 4090,246
 4150,904
 4110,827
 4107,880
 4109,095
 4121,544
 4070,962
 4054,584
 4104,582
 4117,013
 4046,223
 4030,022
 4005,161
 4048,218
 4003,378
 4034,952
 4098,291
 4084,391
 4056,879
 4041,941
 4043,272
 4033,546
 4017,232
 4004,313
 4003,891
 4029,653
 4005,442
 3993,474
 3928,697
 4023,427
 4012,307
 3977,367
 3996,484
 3936,184
 3987,570
 3993,313
 3891,458
 3942,764
 3991,964
 3935,315
 3919,285
 3986,666
 3864,243
 3935,638
 3939,598
 3869,286
 3928,383
 3932,549
 3899,902
 3950,363
 3849,888
 3912,297
 3903,977
 3947,700
 3848,887
 3900,090
 3902,436
 3930,698
 3865,252
 3924,154
 3894,886
 3920,219
 3916,870
 3875,987
 3924,294
 3885,133
 3920,035
 3962,416
 3927,168
 3810,247
 3887,690
 3818,394
 3920,484
 3906,352
 3815,289
 3838,263
 3874,413
 3855,058




























































































































































































































































































































































































































































































































































































































































































































































































































































































































































































































































































































































































































































































































































































































































































































































































































































































































































































































































































































































































































































































































































































































































































































































































































































































































































































































































































































































































































































































































































































































































































































































































































































































































































































































































































































































































































































































































































































































































































































































































































































































































































































































































































































































































































































































































































































































































































































































































































































































































































































































































































































































































































































































































































































































































































































































































































































































































































































































































































































































































































































































































































































































































































































































































































































































































































































































































































































































































































































































































































































































































































































































































































































































































































































































































































































































































































































































































































































































































































































































































































































































































































































































































































































































































































































































































































































































































































































































































































































































































































































































































































































































































































































































































































































































































































































































































































































































































































































































































































































































































































































































































































































































































































































































































































































































































































































































































































































































































































































































































































































































































































































































































































































































































































































































































































































































































































































































































































































































































































































































































































































































































































































































































































































































































































































































































































































































































































































































































































































































































































































































































































































































































































































































































































































































































































































































































































































































































































































































































































































































































































































































































































































































































































































































































































































































































































































































































































































































































































































































































































































































































































































































































































































































































































































































































































































































































































































































































































































































































































































































































































































































































































































































































































































































































































































































































































































































































































































































































































































































































































































































































































































































































































































































































































































































































































































































































































































































































































































































































































































































































































































































































































































































































































































































































































































































































































































































































































































































































































































































































































































































































































































































































































































































































































































































































































































































































































































































































































































































































































































































































































































































































































































































































































































































































































































































































































































































































































































































































































































































































































































































































































































































































































































































































































































































































































































































































































































































































































































































































































































































































































































































































































































































































































































































































































































































































































































































































































































































































































































































































































































































































































































































































































































































































































































































































































































































































































































































































































































































































































































































































































































































































































































































































































































































































































































































































































































































































































































































































































































































































































































































































































































































































































































































































































































































































































































































































































































































































































































































































































































































































































































































































































































































































































































































































































































































































































































































































































































































































































































































































































































































































































































































































































































































































































































































































































































































































































































































































































































































































































































































































































































































































































































































































































































































































































































































































































































































































































































































































































































































































































































































































































































































































































































































































































































































































































































































































































































































































































































































































































































































































































































































































































































































































































































































































