 683,081
 645,554
 661,902
 666,420
 640,791
 676,534
 652,125
 619,778
 639,972
 651,434
 674,816
 633,902
 633,321
 658,745
 652,921
 632,618
 677,711
 657,946
 663,619
 648,911
 670,484
 660,403
 626,470
 636,502
 665,130
 633,511
 647,346
 657,420
 649,975
 644,783
 702,515
 658,542
 635,170
 634,126
 652,894
 636,999
 620,893
 630,916
 619,296
 675,147
 643,563
 652,685
 624,726
 635,199
 648,413
 672,619
 625,644
 625,424
 704,865
 670,861
 643,159
 600,731
 624,599
 651,372
 696,552
 623,771
 687,932
 697,612
 637,302
 616,725
 638,916
 628,767
 670,961
 651,252
 632,080
 657,084
 668,372
 631,058
 658,941
 635,380
 659,555
 641,777
 651,827
 694,540
 641,777
 655,825
 660,390
 658,972
 624,577
 624,407
 655,136
 639,291
 671,696
 658,834
 626,934
 634,021
 644,844
 660,060
 636,595
 659,490
 657,757
 648,732
 638,148
 651,208
 658,907
 651,522
 680,935
 632,714
 635,307
 648,366
 676,455
 657,135
 640,305
 643,906
 675,350
 646,556
 631,652
 657,978
 646,927
 658,858
 638,392
 669,249
 686,800
 640,298
 638,821
 655,292
 651,863
 641,334
 620,758
 647,289
 654,937
 653,402
 633,946
 637,288
 626,544
 630,267
 659,550
 661,053
 605,310
 667,789
 613,617
 637,146
 625,346
 612,488
 629,643
 616,934
 637,778
 615,911
 647,398
 619,517
 614,204
 629,386
 611,926
 619,564
 643,968
 634,400
 634,371
 639,847
 621,841
 633,132
 615,319
 639,754
 625,174
 611,480
 602,323
 650,097
 619,053
 597,423
 646,714
 638,615
 602,135
 633,540
 607,933
 631,266
 643,051
 616,698
 628,828
 621,557
 601,934
 673,327
 613,698
 622,777
 603,260
 596,632
 631,618
 597,993
 639,310
 639,872
 636,963
 601,619
 606,305
 628,675
 617,452
 669,138
 638,076
 623,134
 634,028
 645,827
 625,095
 629,895
 633,889
 655,344
 624,390
 596,463
 609,308
 615,920
 627,922
 591,692
 621,945
 637,642
 618,244
 589,756
 617,344
 598,095
 581,363
 630,861
 661,733
 619,467
 592,033
 589,400
 586,677
 609,947
 614,501
 626,720
 613,225
 627,568
 601,337
 573,869
 620,406
 617,054
 603,076
 587,328
 583,588
 580,365
 569,065
 627,464
 612,461
 598,917
 602,768
 632,092
 608,382
 588,183
 568,374
 610,922
 622,829
 593,550
 596,647
 585,023
 571,536
 576,106
 602,369
 621,165
 610,555
 602,219
 569,582
 602,708
 550,032
 571,250
 642,301
 598,476
 574,356
 577,537
 575,889
 560,781
 564,286
 587,744
 567,105
 574,000
 598,548
 592,722
 557,538
 586,257
 577,718
 592,825
 583,809
 556,216
 583,600
 600,550
 613,043
 564,872
 551,050
 577,806
 545,658
 600,861
 561,554
 590,824
 582,033
 596,575
 579,148
 563,158
 575,432
 584,870
 542,600
 579,210
 585,135
 588,276
 592,851
 557,986
 596,564
 577,777
 554,669
 594,373
 576,416
 578,917
 530,647
 587,783
 585,108
 560,279
 574,158
 588,654
 579,523
 522,779
 527,692
 573,873
 557,725
 548,133
 589,734
 570,424
 567,145
 549,917
 544,275
 552,418
 559,964
 579,045
 527,488
 560,123
 575,235
 569,177
 587,961
 581,245
 577,480
 580,205
 532,875
 557,378
 567,914
 583,128
 573,461
 551,544
 583,083
 528,932
 583,999
 567,607
 556,669
 576,870
 548,859
 544,056
 557,715
 531,227
 586,836
 537,616
 552,031
 573,610
 541,541
 562,009
 563,853
 509,610
 513,702
 528,120
 575,025
 577,469
 526,720
 522,195
 570,201
 594,048
 581,995
 549,487
 580,542
 546,445
 516,254
 531,920
 536,308
 517,961
 549,362
 533,978
 533,720
 574,494
 521,385
 534,113
 531,216
 532,297
 549,033
 540,430
 534,841
 561,694
 553,028
 500,736
 516,010
 543,376
 539,367
 567,243
 574,006
 516,160
 546,075
 566,242
 552,691
 541,658
 517,235
 566,083
 520,891
 538,256
 538,816
 517,276
 527,634
 568,667
 527,382
 528,791
 527,983
 562,768
 554,991
 546,066
 498,129
 546,147
 558,392
 560,339
 513,597
 546,840
 548,232
 530,022
 534,946
 559,331
 513,801
 546,229
 527,807
 541,898
 573,201
 544,490
 521,408
 520,525
 553,906
 534,279
 549,357
 524,297
 569,380
 535,448
 507,117
 539,322
 537,009
 501,673
 500,266
 564,697
 530,377
 546,912
 550,229
 515,350
 502,839
 523,041
 515,755
 517,419
 519,595
 542,477
 527,598
 541,789
 509,741
 540,560
 533,507
 545,098
 570,194
 537,554
 524,505
 532,464
 515,951
 505,925
 538,485
 517,361
 548,662
 528,397
 527,473
 544,534
 535,354
 557,323
 491,864
 529,472
 532,463
 499,065
 495,841
 511,982
 525,384
 542,490
 515,494
 532,968
 551,310
 538,493
 528,273
 535,441
 563,055
 522,306
 527,594
 533,627
 517,499
 522,267
 540,148
 514,564
 543,963
 548,685
 537,909
 549,094
 512,279
 555,571
 515,983
 550,581
 531,001
 548,448
 558,018
 515,805
 535,140
 523,680
 533,056
 518,728
 537,735
 541,916
 571,266
 531,626
 545,178
 548,458
 537,763
 545,773
 568,107
 533,227
 520,245
 499,023
 557,949
 509,865
 516,112
 558,658
 526,109
 559,288
 559,861
 552,785
 521,729
 506,472
 565,683
 533,204
 565,450
 557,435
 537,132
 540,107
 560,843
 529,329
 528,555
 536,949
 557,565
 489,493
 551,380
 543,821
 534,388
 542,889
 540,508
 545,367
 538,285
 486,315
 536,071
 539,796
 558,056
 545,810
 564,191
 514,929
 533,857
 552,919
 516,354
 532,003
 545,988
 536,359
 578,870
 580,265
 563,033
 555,111
 547,106
 524,908
 482,235
 564,972
 543,154
 541,855
 569,800
 524,430
 557,924
 555,343
 524,729
 554,079
 545,502
 542,545
 506,455
 488,924
 531,197
 566,616
 530,330
 529,191
 538,496
 532,796
 525,103
 547,346
 522,602
 612,845
 550,114
 570,177
 523,266
 539,410
 561,707
 559,985
 537,208
 551,138
 524,594
 535,185
 526,229
 555,102
 533,780
 546,302
 532,004
 547,714
 549,926
 527,557
 542,559
 547,203
 530,825
 538,754
 559,324
 560,348
 561,325
 535,010
 543,336
 568,201
 560,914
 571,892
 562,572
 571,340
 528,891
 559,432
 540,522
 541,479
 552,110
 537,485
 572,468
 523,413
 546,062
 545,432
 544,707
 529,027
 559,422
 525,833
 534,341
 553,584
 549,638
 520,804
 507,112
 548,458
 517,280
 540,342
 528,231
 546,491
 537,909
 560,537
 555,418
 565,565
 553,498
 561,679
 570,877
 524,551
 530,682
 555,847
 542,075
 557,933
 525,202
 539,347
 581,189
 538,042
 556,896
 545,327
 557,197
 556,327
 540,049
 548,170
 563,071
 529,923
 544,930
 557,778
 583,865
 541,502
 562,579
 539,771
 566,168
 541,669
 551,179
 516,969
 533,865
 564,483
 525,395
 545,542
 520,541
 554,934
 554,755
 576,531
 556,605
 578,436
 535,518
 570,471
 573,291
 561,057
 535,493
 536,295
 557,877
 551,679
 528,516
 560,102
 538,349
 529,885
 573,404
 533,674
 540,171
 522,280
 548,634
 533,850
 563,986
 549,331
 549,487
 575,826
 554,656
 552,232
 538,281
 578,996
 568,730
 542,495
 581,211
 534,992
 544,567
 555,299
 533,894
 543,539
 568,602
 571,093
 562,733
 565,623
 575,282
 540,920
 556,897
 597,984
 513,601
 558,693
 544,804
 550,983
 585,880
 573,353
 587,281
 580,399
 562,727
 557,688
 579,147
 532,386
 585,507
 563,286
 552,069
 587,997
 556,401
 591,273
 519,816
 554,665
 567,898
 546,073
 570,759
 549,049
 599,923
 596,134
 590,127
 559,316
 546,844
 563,245
 556,099
 568,762
 596,815
 561,246
 559,072
 513,472
 550,985
 590,559
 537,549
 523,263
 593,582
 559,592
 540,721
 547,228
 566,591
 536,713
 570,998
 611,080
 550,706
 561,946
 558,465
 559,289
 604,084
 571,095
 559,096
 537,996
 569,049
 554,382
 561,652
 563,338
 575,561
 575,830
 552,748
 584,061
 592,801
 588,945
 574,636
 606,410
 575,345
 543,247
 610,014
 590,826
 552,042
 575,363
 568,239
 555,392
 582,179
 593,915
 599,757
 583,426
 557,543
 591,447
 585,982
 581,175
 565,613
 523,441
 583,289
 585,660
 547,674
 579,346
 582,106
 566,279
 568,835
 591,752
 578,495
 544,987
 580,692
 590,033
 584,144
 587,247
 562,617
 573,933
 583,111
 568,736
 552,827
 561,042
 595,208
 566,405
 608,440
 569,706
 601,902
 569,327
 567,772
 563,453
 565,666
 581,477
 565,628
 593,767
 579,134
 630,734
 577,675
 595,631
 615,879
 603,490
 586,552
 604,834
 572,318
 585,307
 586,319
 558,658
 592,085
 588,618
 609,030
 593,205
 622,936
 600,986
 568,950
 616,480
 605,844
 583,079
 605,311
 570,005
 599,058
 603,133
 626,328
 603,532
 617,783
 609,702
 580,878
 600,183
 609,000
 570,761
 584,040
 589,740
 569,031
 607,876
 623,549
 554,146
 579,843
 604,342
 603,231
 603,996
 619,265
 616,475
 599,358
 568,851
 541,637
 591,340
 623,791
 560,837
 603,365
 619,533
 598,661
 576,608
 592,830
 614,044
 599,406
 622,714
 618,289
 626,793
 613,836
 638,760
 592,965
 587,502
 588,515
 603,494
 623,449
 590,324
 619,231
 625,074
 612,575
 590,230
 610,995
 623,475
 593,527
 618,106
 646,450
 644,210
 635,762
 590,814
 611,108
 616,792
 631,203
 668,258
 605,592
 626,370
 620,432
 580,519
 603,052
 626,925
 606,342
 620,259
 638,255
 621,496
 639,686
 643,458
 613,125
 620,316
 604,613
 620,723
 622,249
 623,419
 621,562
 605,574
 610,868
 597,328
 624,508
 610,649
 622,760
 619,567
 642,993
 628,186
 623,588
 639,305
 623,080
 615,904
 646,689
 654,376
 670,238
 636,716
 633,569
 644,248
 659,990
 621,111
 654,961
 674,247
 630,071
 664,492
 669,191
 648,991
 653,274
 660,016
 643,058
 669,529
 648,027
 659,389
 649,705
 674,588
 652,555
 622,163
 623,234
 648,570
 638,468
 676,600
 679,380
 653,469
 607,391
 618,929
 653,552
 659,752
 637,537
 652,616
 653,242
 664,641
 656,071
 673,951
 640,287
 675,901
 659,688
 707,853
 665,981
 658,479
 642,663
 643,749
 689,788
 680,085
 672,783
 648,320
 710,268
 659,414
 676,099
 634,988
 656,940
 649,815
 643,893
 666,320
 640,350
 671,577
 664,709
 654,487
 660,219
 659,739
 717,278
 678,115
 662,117
 638,381
 687,077
 689,026
 692,431
 693,760
 673,956
 664,686
 681,960
 662,432
 689,830
 678,716
 686,791
 693,353
 695,438
 667,944
 670,128
 702,858
 678,449
 662,287
 694,136
 685,769
 669,796
 694,540
 643,828
 679,791
 702,432
 696,310
 666,710
 678,992
 718,515
 713,341
 703,717
 704,445
 680,885
 687,773
 747,997
 702,602
 669,864
 676,574
 688,450
 706,935
 701,668
 730,393
 709,094
 704,263
 718,080
 707,416
 716,516
 741,703
 700,163
 729,510
 706,279
 730,023
 714,797
 717,141
 692,619
 746,112
 721,051
 742,166
 689,858
 727,116
 706,570
 782,162
 729,706
 728,031
 730,980
 733,826
 738,750
 737,830
 754,568
 739,870
 743,766
 741,455
 801,148
 753,807
 744,640
 784,200
 730,397
 730,862
 771,376
 753,992
 753,933
 780,344
 758,547
 807,195
 785,928
 765,563
 783,162
 826,193
 752,391
 777,951
 811,398
 775,903
 762,180
 812,828
 770,131
 752,302
 815,871
 760,117
 769,326
 812,798
 797,323
 817,737
 782,862
 758,008
 792,394
 833,621
 811,177
 837,813
 819,261
 817,132
 826,436
 799,704
 859,671
 858,394
 798,331
 817,933
 819,584
 799,906
 836,804
 835,984
 833,110
 848,007
 881,126
 850,099
 839,370
 863,441
 858,834
 867,087
 897,280
 871,880
 858,496
 838,698
 902,891
 861,566
 876,315
 870,825
 922,866
 917,034
 929,618
 896,700
 943,928
 902,305
 909,644
 912,530
 881,909
 927,365
 917,253
 893,521
 890,463
 884,462
 902,751
 946,747
 927,066
 920,314
 955,701
 963,672
 952,183
 957,702
 902,103
 928,242
 957,940
 962,637
 979,835
 1000,322
 960,071
 982,938
 1003,037
 969,569
 942,933
 971,611
 1010,811
 974,912
 984,178
 986,481
 1007,323
 1039,469
 1033,669
 1013,246
 1006,095
 1045,697
 1011,029
 1054,531
 1007,660
 1028,194
 1014,654
 1035,795
 1068,284
 1090,832
 1066,029
 1078,466
 1094,442
 1094,083
 1097,820
 1080,113
 1109,764
 1067,556
 1122,250
 1139,158
 1153,295
 1132,396
 1159,752
 1157,480
 1132,972
 1122,854
 1160,353
 1129,379
 1118,652
 1191,153
 1209,574
 1214,501
 1174,859
 1164,772
 1183,389
 1161,704
 1213,121
 1207,606
 1144,162
 1179,386
 1187,138
 1228,361
 1200,622
 1242,685
 1235,985
 1191,436
 1244,998
 1197,962
 1233,123
 1248,782
 1282,723
 1220,818
 1261,751
 1281,504
 1315,520
 1279,959
 1261,183
 1292,290
 1365,294
 1288,091
 1306,331
 1309,551
 1337,980
 1299,885
 1337,226
 1357,367
 1352,824
 1352,709
 1361,760
 1408,852
 1367,632
 1367,462
 1387,246
 1387,252
 1417,460
 1420,123
 1405,525
 1407,100
 1418,944
 1441,598
 1445,924
 1458,682
 1416,634
 1484,737
 1432,349
 1462,426
 1493,583
 1479,230
 1459,762
 1484,031
 1516,373
 1501,329
 1475,678
 1573,984
 1484,723
 1533,079
 1570,116
 1512,768
 1619,751
 1546,690
 1554,756
 1590,540
 1558,337
 1578,654
 1576,674
 1609,053
 1567,107
 1636,265
 1658,713
 1612,705
 1601,151
 1604,307
 1594,898
 1632,057
 1626,317
 1652,739
 1636,336
 1701,837
 1639,128
 1646,325
 1750,565
 1742,803
 1702,905
 1705,419
 1773,572
 1720,072
 1767,197
 1673,571
 1754,392
 1757,630
 1759,894
 1739,609
 1806,914
 1751,702
 1826,285
 1803,764
 1833,150
 1808,035
 1793,135
 1822,788
 1819,559
 1837,242
 1816,231
 1856,203
 1850,875
 1904,867
 1908,237
 1899,703
 1887,439
 1868,973
 1921,034
 1907,683
 1911,638
 1927,106
 1918,364
 1987,464
 1923,255
 1939,170
 1952,919
 1992,192
 2027,559
 1998,441
 2037,151
 2033,314
 2025,774
 2000,807
 2023,831
 2023,041
 2029,703
 2068,284
 2066,454
 2081,744
 2129,291
 2095,380
 2108,635
 2061,872
 2090,719
 2117,339
 2093,672
 2156,753
 2145,484
 2083,417
 2145,779
 2139,810
 2190,777
 2156,224
 2219,164
 2145,231
 2175,504
 2170,355
 2190,239
 2264,521
 2155,183
 2213,294
 2226,221
 2250,983
 2229,564
 2171,737
 2246,901
 2280,525
 2329,395
 2272,026
 2272,342
 2303,858
 2308,563
 2299,713
 2266,738
 2357,452
 2350,911
 2354,801
 2285,445
 2396,349
 2322,739
 2305,427
 2429,466
 2414,882
 2394,136
 2370,457
 2419,141
 2437,786
 2418,687
 2346,145
 2410,175
 2410,941
 2438,996
 2380,647
 2436,010
 2461,743
 2443,185
 2430,443
 2439,961
 2461,568
 2455,780
 2505,524
 2493,800
 2511,561
 2520,001
 2509,620
 2522,292
 2601,237
 2529,908
 2544,687
 2540,064
 2565,980
 2576,000
 2580,234
 2548,248
 2550,777
 2539,117
 2578,508
 2624,190
 2544,847
 2532,410
 2596,331
 2625,984
 2588,195
 2645,497
 2617,719
 2615,949
 2580,006
 2645,942
 2646,039
 2684,699
 2673,497
 2699,159
 2693,902
 2660,039
 2666,421
 2679,857
 2702,307
 2750,361
 2749,896
 2790,569
 2703,278
 2690,639
 2724,410
 2772,396
 2773,578
 2735,612
 2752,233
 2748,630
 2788,719
 2823,941
 2852,560
 2823,356
 2776,483
 2821,331
 2838,254
 2811,207
 2869,153
 2797,616
 2820,769
 2770,351
 2851,279
 2820,083
 2853,218
 2817,381
 2763,077
 2806,298
 2845,260
 2867,072
 2897,577
 2856,871
 2850,063
 2925,219
 2861,524
 2878,500
 2871,173
 2899,834
 2877,414
 2924,641
 2924,295
 2943,304
 2991,475
 2942,727
 2963,619
 2953,664
 2951,538
 2928,100
 2968,140
 3064,029
 2987,903
 3038,014
 2994,705
 2988,911
 3017,520
 2988,512
 2927,086
 2977,856
 3068,267
 3033,193
 3009,060
 3036,634
 3031,395
 2997,497
 3021,529
 3060,398
 3041,770
 3042,665
 3059,048
 3090,287
 3040,083
 3032,866
 3196,898
 3074,056
 3051,975
 3092,896
 3087,588
 3023,779
 3054,199
 3131,316
 3073,926
 3093,586
 3070,061
 3160,644
 3116,582
 3170,831
 3110,562
 3107,379
 3231,022
 3137,744
 3108,227
 3198,669
 3186,334
 3124,662
 3209,970
 3156,829
 3191,920
 3111,549
 3173,511
 3153,356
 3173,434
 3175,145
 3170,598
 3206,563
 3132,486
 3211,272
 3225,955
 3249,410
 3234,680
 3297,109
 3234,159
 3204,700
 3210,192
 3225,810
 3288,173
 3234,540
 3287,459
 3268,748
 3243,139
 3223,664
 3208,693
 3267,003
 3311,974
 3299,684
 3335,101
 3290,496
 3266,790
 3320,023
 3288,548
 3259,841
 3328,988
 3283,016
 3262,128
 3392,830
 3344,863
 3281,644
 3353,283
 3354,716
 3391,751
 3380,787
 3331,837
 3358,599
 3312,854
 3412,345
 3382,957
 3326,287
 3366,665
 3321,174
 3378,123
 3352,957
 3399,633
 3401,294
 3345,834
 3406,765
 3398,514
 3444,389
 3434,074
 3502,190
 3451,306
 3376,199
 3440,097
 3423,497
 3460,490
 3442,778
 3434,628
 3426,220
 3322,907
 3422,228
 3422,800
 3415,679
 3504,859
 3434,488
 3431,912
 3485,326
 3453,779
 3476,508
 3526,109
 3507,983
 3412,046
 3434,402
 3465,140
 3469,533
 3488,333
 3480,182
 3420,018
 3471,687
 3519,943
 3521,657
 3509,976
 3483,272
 3528,810
 3535,470
 3553,401
 3535,229
 3534,879
 3596,250
 3532,426
 3571,174
 3567,079
 3556,184
 3547,220
 3567,605
 3539,659
 3577,808
 3584,588
 3533,138
 3579,040
 3598,273
 3626,651
 3570,217
 3629,027
 3574,400
 3614,827
 3590,580
 3565,197
 3551,975
 3593,380
 3577,554
 3615,677
 3655,236
 3621,604
 3509,912
 3625,132
 3671,836
 3678,356
 3682,252
 3608,311
 3640,285
 3671,375
 3688,797
 3712,933
 3618,456
 3656,615
 3677,591
 3603,824
 3616,857
 3677,828
 3667,329
 3679,027
 3771,127
 3682,693
 3650,043
 3728,231
 3710,972
 3701,552
 3720,828
 3763,727
 3721,021
 3780,316
 3717,047
 3714,346
 3778,544
 3746,326
 3726,395
 3732,841
 3777,088
 3745,757
 3744,857
 3737,422
 3761,205
 3781,379
 3821,126
 3778,019
 3746,397
 3721,768
 3723,315
 3834,113
 3776,142
 3783,680
 3849,806
 3794,625
 3841,423
 3720,891
 3859,960
 3750,702
 3810,538
 3840,168
 3812,179
 3786,978
 3868,738
 3811,141
 3827,678
 3813,842
 3871,144
 3845,742
 3899,103
 3882,595
 3896,506
 3848,473
 3899,143
 3814,128
 3852,712
 3813,917
 3920,330
 3844,836
 3894,605
 3885,081
 3897,717
 3849,451
 3865,953
 3925,860
 3877,686
 3917,787
 3868,033
 3871,612
 3903,887
 3844,227
 3967,703
 3897,921
 3865,553
 3940,158
 3930,996
 3982,542
 3917,050
 3943,426
 3944,480
 3930,670
 3923,780
 3868,143
 3897,119
 3970,119
 3887,576
 3895,840
 3915,752
 3980,140
 3935,158
 4037,186
 4037,960
 3985,161
 3927,275
 3971,765
 3927,735
 4007,950
 3995,769
 3987,773
 3945,266
 3993,155
 4016,654
 4047,398
 4079,471
 4035,721
 4032,426
 4017,454
 4034,876
 3955,577
 4072,819
 4045,807
 4012,831
 4047,411
 4034,042
 4049,880
 4041,998
 4019,410
 4053,106
 4064,798
 4038,986
 4009,946
 4101,466
 4061,140
 4073,847
 4056,597
 4049,159
 4069,159
 3976,927
 4011,405
 4122,730
 4081,440
 4109,774
 4016,752
 4045,097
 4027,005
 4044,254
 4067,369
 4041,514
 4060,057
 4073,679
 4088,620
 4127,747
 4070,520
 4095,032
 4107,598
 4068,625
 4089,153
 4127,761
 4144,652
 4077,333
 4029,199
 4092,445
 4156,464
 4106,306
 4091,984
 4072,759
 4099,546
 4151,855
 4212,012
 4168,991
 4212,957
 4143,251
 4111,862
 4124,310
 4110,651
 4181,341
 4214,852
 4119,451
 4155,068
 4072,897
 4250,286
 4183,807
 4182,205
 4158,989
 4186,450
 4174,845
 4100,360
 4165,666
 4170,148
 4196,882
 4193,290
 4156,718
 4175,554
 4134,307
 4170,449
 4152,825
 4209,622
 4200,947
 4263,228
 4195,390
 4210,695
 4264,940
 4152,577
 4172,358
 4247,650
 4102,689
 4286,402
 4233,679
 4254,825
 4205,427
 4223,251
 4195,754
 4242,965
 4298,264
 4290,865
 4257,568
 4143,326
 4263,392
 4189,505
 4200,989
 4187,621
 4258,168
 4265,331
 4258,324
 4208,944
 4315,091
 4278,524
 4293,483
 4315,861
 4294,295
 4230,546
 4209,909
 4264,810
 4276,914
 4267,941
 4300,891
 4276,621
 4277,094
 4253,281
 4255,043
 4254,081
 4290,881
 4297,099
 4286,749
 4265,793
 4286,854
 4280,063
 4298,460
 4348,739
 4262,676
 4273,709
 4318,117
 4283,549
 4234,880
 4356,410
 4310,664
 4293,259
 4313,643
 4300,109
 4369,677
 4340,330
 4340,001
 4329,322
 4340,590
 4308,276
 4343,091
 4326,224
 4322,872
 4336,699
 4309,390
 4305,074
 4358,054
 4290,554
 4345,932
 4369,296
 4384,149
 4317,458
 4349,010
 4283,366
 4346,756
 4313,245
 4372,886
 4339,845
 4372,153
 4337,192
 4342,807
 4410,582
 4374,413
 4341,296
 4372,835
 4242,851
 4370,698
 4423,520
 4450,786
 4362,027
 4384,936
 4379,003
 4340,548
 4415,241
 4453,734
 4466,579
 4354,496
 4427,832
 4368,084
 4429,699
 4368,409
 4371,421
 4412,507
 4327,334
 4358,715
 4369,784
 4398,129
 4392,970
 4381,875
 4417,301
 4334,039
 4422,952
 4381,046
 4448,576
 4391,271
 4378,131
 4473,698
 4393,513
 4422,228
 4347,663
 4375,702
 4434,821
 4503,726
 4429,033
 4457,091
 4457,253
 4412,508
 4465,913
 4439,409
 4417,202
 4473,150
 4383,441
 4421,951
 4507,618
 4452,794
 4411,591
 4382,993
 4456,198
 4525,870
 4410,304
 4540,327
 4452,195
 4428,525
 4394,542
 4425,780
 4479,208
 4497,912
 4474,497
 4562,572
 4515,113
 4487,484
 4501,189
 4537,570
 4463,569
 4488,930
 4480,033
 4536,873
 4491,280
 4447,817
 4485,107
 4584,003
 4434,358
 4488,929
 4481,854
 4474,034
 4587,246
 4529,254
 4587,625
 4572,589
 4407,474
 4481,232
 4464,457
 4526,141
 4510,666
 4524,900
 4511,619
 4564,602
 4514,283
 4496,655
 4485,920
 4509,488
 4523,489
 4541,804
 4568,447
 4625,965
 4558,188
 4531,494
 4498,150
 4500,282
 4571,916
 4606,061
 4608,658
 4549,534
 4567,759
 4513,612
 4601,200
 4520,560
 4598,617
 4574,193
 4499,759
 4625,845
 4617,632
 4596,065
 4562,259
 4587,964
 4643,803
 4650,226
 4651,008
 4663,646
 4599,301
 4553,948
 4628,833
 4651,311
 4648,775
 4629,344
 4598,468
 4628,038
 4622,504
 4653,733
 4708,102
 4684,575
 4627,838
 4709,200
 4696,287
 4650,075
 4680,534
 4641,824
 4613,746
 4635,100
 4686,524
 4653,928
 4660,422
 4655,256
 4732,094
 4602,384
 4756,078
 4682,144
 4610,980
 4701,895
 4726,580
 4755,316
 4750,104
 4655,306
 4691,702
 4809,642
 4714,015
 4761,069
 4748,192
 4619,562
 4651,375
 4756,407
 4814,459
 4716,731
 4757,114
 4706,161
 4727,929
 4756,119
 4803,437
 4657,001
 4720,409
 4755,569
 4712,587
 4786,311
 4724,886
 4784,732
 4753,222
 4736,144
 4810,027
 4851,730
 4781,343
 4805,319
 4797,719
 4783,203
 4812,227
 4733,989
 4780,196
 4851,327
 4851,801
 4798,020
 4744,971
 4778,744
 4860,850
 4776,055
 4755,840
 4806,428
 4791,046
 4881,636
 4902,057
 4900,184
 4788,888
 4911,349
 4864,636
 4771,022
 4847,424
 4862,658
 4906,327
 4811,395
 4913,437
 4808,410
 4859,853
 4829,435
 4889,558
 4812,424
 4895,780
 4963,567
 4885,668
 4943,478
 4916,744
 4905,762
 4889,264
 4914,861
 4852,265
 4937,292
 4925,335
 4923,691
 4895,489
 4857,467
 4940,167
 4951,790
 4880,261
 4891,265
 4890,829
 4981,114
 4923,951
 4977,396
 4969,063
 4916,666
 4982,128
 4902,211
 5013,030
 4935,345
 4913,061
 5002,515
 4960,987
 5027,222
 4977,210
 4928,455
 4912,550
 4969,882
 4977,923
 4971,729
 4978,024
 5004,038
 5006,055
 5065,103
 4956,252
 5005,511
 4997,860
 5081,587
 4981,065
 5050,005
 5032,060
 5045,802
 5043,172
 4985,305
 5016,876
 5023,593
 4979,582
 4997,944
 5042,961
 4938,913
 5006,210
 5068,044
 5100,904
 4993,576
 5009,305
 5074,476
 5068,191
 4967,018
 5039,495
 5086,951
 5134,503
 5101,197
 5104,697
 5030,823
 5071,748
 5078,465
 5107,840
 5092,230
 5076,793
 5062,648
 5144,932
 5118,100
 5098,511
 5067,073
 5061,083
 5061,868
 5151,943
 5170,468
 5078,710
 5151,729
 5115,863
 5175,463
 5134,988
 5135,041
 5142,322
 5140,182
 5129,337
 5142,924
 5195,470
 5217,039
 5101,651
 5175,822
 5194,939
 5144,400
 5199,974
 5134,736
 5135,291
 5166,144
 5127,962
 5238,020
 5148,463
 5204,472
 5195,906
 5179,732
 5167,513
 5181,343
 5139,524
 5160,611
 5179,010
 5207,389
 5243,178
 5156,358
 5160,717
 5260,963
 5239,419
 5214,865
 5216,522
 5235,784
 5248,901
 5265,027
 5210,875
 5223,776
 5250,078
 5271,508
 5229,173
 5236,514
 5262,585
 5294,889
 5266,421
 5199,664
 5217,995
 5202,005
 5252,087
 5289,513
 5208,601
 5164,048
 5237,612
 5296,025
 5261,563
 5283,991
 5252,147
 5270,649
 5297,873
 5373,986
 5259,849
 5246,657
 5254,743
 5264,515
 5232,723
 5290,769
 5237,330
 5229,736
 5311,254
 5253,372
 5302,146
 5279,686
 5274,133
 5306,563
 5310,319
 5318,290
 5326,740
 5294,302
 5384,560
 5217,442
 5308,006
 5318,436
 5301,846
 5370,315
 5324,248
 5403,295
 5360,024
 5348,728
 5254,486
 5420,880
 5360,022
 5276,259
 5309,600
 5342,689
 5314,627
 5359,850
 5354,570
 5329,156
 5370,604
 5365,348
 5333,866
 5300,819
 5354,489
 5372,367
 5331,080
 5412,917
 5334,730
 5368,100
 5392,420
 5279,569
 5366,338
 5461,018
 5410,949
 5381,447
 5355,755
 5418,482
 5376,221
 5309,963
 5357,593
 5441,801
 5466,819
 5440,272
 5400,312
 5368,093
 5419,661
 5369,778
 5360,526
 5420,299
 5360,304
 5352,452
 5395,398
 5425,930
 5371,308
 5413,589
 5353,254
 5243,297
 5433,314
 5449,847
 5347,703
 5452,492
 5377,959
 5406,895
 5401,960
 5411,703
 5415,534
 5432,518
 5485,081
 5411,988
 5452,835
 5480,453
 5467,473
 5459,042
 5432,680
 5438,363
 5459,159
 5380,059
 5390,057
 5415,724
 5455,951
 5406,178
 5346,792
 5437,457
 5461,158
 5551,657
 5394,087
 5455,429
 5505,310
 5412,246
 5501,414
 5555,171
 5436,595
 5521,724
 5451,948
 5464,010
 5428,025
 5492,304
 5477,240
 5572,825
 5514,748
 5476,860
 5559,892
 5557,144
 5455,818
 5478,020
 5492,781
 5597,255
 5540,723
 5521,617
 5524,746
 5573,146
 5449,348
 5601,637
 5516,037
 5574,408
 5529,961
 5609,509
 5507,851
 5531,150
 5590,931
 5550,582
 5471,213
 5499,022
 5534,662
 5692,846
 5592,400
 5577,199
 5508,205
 5567,815
 5606,398
 5562,388
 5576,499
 5625,764
 5640,656
 5553,245
 5634,643
 5549,314
 5570,620
 5610,061
 5584,618
 5669,998
 5581,430
 5596,115
 5526,193
 5603,229
 5585,854
 5541,501
 5579,125
 5651,051
 5649,319
 5589,010
 5673,873
 5678,264
 5604,685
 5563,030
 5638,201
 5621,085
 5651,490
 5714,669
 5722,503
 5655,080
 5640,125
 5601,127
 5561,247
 5613,879
 5654,937
 5627,165
 5630,163
 5555,699
 5634,957
 5745,423
 5618,841
 5674,708
 5659,297
 5660,978
 5593,393
 5585,005
 5759,086
 5659,360
 5665,891
 5561,554
 5606,668
 5561,192
 5646,397
 5665,047
 5631,865
 5608,631
 5570,877
 5644,943
 5646,337
 5720,991
 5710,051
 5620,118
 5656,743
 5667,451
 5628,666
 5604,595
 5701,320
 5671,669
 5698,413
 5604,727
 5699,498
 5676,196
 5579,504
 5748,111
 5647,602
 5632,607
 5785,309
 5690,145
 5644,957
 5642,750
 5634,612
 5666,369
 5711,486
 5645,240
 5652,518
 5620,029
 5684,894
 5633,889
 5668,315
 5690,439
 5628,137
 5699,144
 5697,354
 5669,876
 5636,036
 5647,327
 5550,513
 5671,720
 5673,850
 5608,892
 5674,149
 5642,979
 5700,498
 5715,579
 5738,573
 5687,422
 5692,688
 5715,262
 5710,167
 5728,155
 5689,867
 5725,672
 5696,266
 5638,040
 5730,794
 5675,538
 5597,293
 5667,467
 5672,778
 5699,266
 5646,147
 5688,274
 5685,368
 5620,861
 5723,269
 5632,609
 5678,733
 5747,858
 5701,283
 5672,437
 5658,938
 5688,727
 5647,998
 5636,968
 5688,835
 5640,985
 5661,209
 5720,526
 5714,514
 5650,404
 5635,750
 5679,127
 5674,021
 5700,112
 5689,414
 5589,387
 5760,954
 5573,512
 5700,742
 5678,850
 5651,705
 5619,181
 5717,901
 5729,056
 5706,463
 5734,110
 5693,509
 5737,734
 5696,280
 5739,832
 5655,143
 5698,596
 5713,525
 5636,658
 5681,712
 5711,085
 5667,967
 5742,804
 5732,359
 5817,289
 5777,343
 5767,672
 5763,924
 5763,651
 5767,340
 5773,000
 5747,800
 5753,937
 5796,865
 5736,519
 5696,395
 5724,251
 5795,687
 5766,633
 5771,548
 5834,885
 5801,079
 5735,441
 5839,456
 5830,671
 5771,830
 5742,648
 5810,408
 5839,844
 5768,135
 5848,067
 5788,725
 5784,521
 5829,840
 5721,896
 5797,058
 5895,376
 5721,830
 5820,155
 5828,021
 5870,155
 5866,265
 5803,368
 5852,999
 5810,896
 5898,254
 5820,655
 5885,909
 5841,938
 5832,988
 5870,418
 5815,590
 5849,860
 5867,012
 5870,414
 5814,329
 5934,131
 5902,607
 5925,861
 5842,716
 5842,633
 5836,326
 5802,364
 5755,058
 5917,312
 5842,975
 5819,121
 5888,832
 5860,299
 5856,280
 5897,571
 5816,216
 5962,847
 6074,175
 5871,316
 5944,190
 5898,560
 5973,053
 5794,508
 5807,799
 5983,186
 5920,524
 5929,488
 5903,450
 5987,353
 5977,986
 5902,499
 5959,670
 5920,153
 5974,260
 6014,691
 5899,823
 5959,858
 5928,656
 5973,941
 6025,801
 5973,552
 5906,632
 5966,152
 5956,677
 5993,193
 6056,691
 6004,474
 5999,688
 5984,120
 5982,997
 6006,949
 6044,217
 5939,686
 6026,582
 6046,718
 6000,457
 6020,152
 5992,478
 5979,261
 6014,115
 6164,272
 5996,236
 6028,414
 6104,870
 6006,943
 5930,017
 5940,307
 6013,766
 5987,939
 6017,522
 6000,540
 5992,194
 6064,451
 6016,056
 6030,656
 6091,437
 6054,222
 6099,191
 6063,408
 6080,541
 6079,354
 6070,819
 5970,468
 6052,591
 6065,465
 6054,713
 6032,147
 5993,111
 6105,073
 6089,560
 6130,126
 6090,086
 6094,914
 6085,512
 6040,138
 6012,133
 6070,810
 6079,797
 6046,621
 6041,240
 6010,873
 6005,048
 5976,577
 6083,200
 6030,829
 6035,702
 6089,024
 6096,255
 6094,336
 6112,270
 6127,435
 6102,544
 6070,481
 6166,122
 6061,454
 6140,764
 6094,736
 6052,160
 6119,616
 6128,854
 6111,284
 6119,951
 6099,629
 6133,949
 6140,712
 6082,343
 6104,885
 6112,549
 6042,065
 6154,204
 6175,658
 6061,595
 6061,863
 6148,725
 6093,589
 6144,729
 6155,504
 6186,400
 6167,335
 6107,862
 6103,379
 6154,002
 6077,922
 6079,709
 6122,316
 6091,355
 6113,884
 6127,345
 6217,502
 6150,062
 6109,539
 6073,596
 6198,341
 6216,147
 6070,532
 6175,873
 6079,282
 6161,921
 6119,213
 6094,761
 6115,609
 6117,952
 6153,544
 6138,036
 6163,216
 6115,834
 6091,882
 6170,706
 6124,851
 6175,556
 6134,944
 6185,570
 6200,715
 6121,224
 6134,299
 6183,749
 6256,873
 6143,968
 6144,811
 6070,420
 6105,291
 6113,872
 6133,042
 6133,863
 6215,623
 6220,859
 6182,345
 6106,098
 6204,782
 6151,706
 6109,071
 6138,414
 6195,383
 6155,452
 6178,138
 6094,355
 6156,996
 6170,912
 6212,889
 6232,529
 6064,395
 6141,993
 6164,949
 6135,568
 6152,760
 6148,588
 6228,088
 6122,369
 6204,712
 6118,720
 6247,974
 6096,231
 6170,268
 6162,544
 6121,320
 6255,197
 6157,528
 6163,360
 6121,223
 6064,934
 6147,585
 6111,933
 6181,982
 6163,115
 6155,761
 6230,865
 6172,513
 6187,258
 6123,041
 6137,095
 6187,321
 6092,177
 6192,635
 6119,253
 6114,549
 6174,879
 6138,480
 6158,981
 6161,846
 6123,370
 6135,912
 6074,646
 6179,674
 6124,657
 6192,768
 6183,051
 6198,776
 6113,275
 6080,365
 6166,463
 6120,541
 6191,640
 6110,659
 6196,298
 6164,986
 6175,931
 6154,316
 6254,946
 6170,503
 6177,224
 6124,858
 6111,105
 6098,113
 6050,718
 6086,409
 6322,173
 6156,196
 6153,326
 6148,249
 6136,744
 6152,247
 6097,847
 6043,897
 6083,926
 6084,557
 6078,428
 6114,013
 6099,552
 6195,469
 6133,074
 6184,770
 6106,229
 6105,424
 6132,308
 6126,833
 6090,269
 6106,206
 6052,176
 6129,175
 6141,870
 6130,853
 6106,897
 6102,809
 6128,386
 6145,301
 6117,806
 6160,101
 6064,140
 6071,669
 6212,575
 6186,608
 6116,676
 6020,832
 6113,693
 6037,126
 6153,053
 6112,146
 6082,622
 6120,260
 6051,634
 6112,447
 6160,658
 6045,177
 6008,120
 6035,439
 6046,760
 6064,730
 6118,752
 6031,188
 6036,328
 6090,506
 6093,600
 6066,878
 6045,302
 5994,293
 6090,938
 6063,086
 6070,974
 6060,965
 6093,292
 6057,675
 6021,195
 6080,546
 5918,628
 6002,359
 6060,487
 6050,781
 6062,155
 6025,130
 6123,216
 5991,095
 6077,754
 6052,611
 5982,995
 6053,921
 6070,094
 6001,285
 6001,126
 5862,421
 5989,430
 5980,101
 5931,177
 5995,205
 5986,299
 6085,365
 6002,223
 6138,520
 6005,898
 6050,922
 5997,247
 5971,590
 6056,897
 5984,569
 5965,181
 6024,326
 6042,650
 6000,075
 5922,157
 6024,272
 5940,810
 6039,670
 5995,637
 5917,028
 6034,383
 6089,054
 6013,716
 5995,847
 5976,637
 5892,786
 5962,142
 5988,112
 6033,430
 6029,944
 5828,646
 6031,003
 5891,917
 5956,744
 6004,609
 5935,282
 5911,148
 5980,404
 5866,935
 5862,566
 5879,881
 5948,383
 5955,018
 5924,097
 5943,876
 5912,297
 5932,880
 5902,489
 5903,617
 5970,136
 5903,633
 5901,218
 5982,074
 5847,312
 5942,995
 5859,491
 5876,838
 5900,529
 5848,186
 5880,168
 5867,143
 5867,309
 5913,570
 5893,916
 5833,747
 5891,486
 5865,255
 5837,245
 5944,225
 5801,113
 5909,476
 5868,550
 5861,940
 5774,014
 5888,841
 5773,705
 5839,471
 5807,638
 5795,854
 5870,198
 5899,381
 5920,434
 5762,954
 5873,596
 5813,941
 5827,133
 5899,881
 5896,187
 5864,135
 5787,003
 5835,005
 5782,592
 5787,590
 5822,619
 5826,338
 5760,868
 5695,241
 5762,869
 5843,379
 5840,432
 5836,428
 5806,090
 5785,980
 5837,944
 5833,488
 5772,833
 5747,487
 5790,734
 5762,961
 5787,987
 5735,391
 5760,102
 5738,747
 5806,079
 5805,757
 5734,595
 5709,483
 5780,390
 5696,499
 5739,103
 5773,596
 5748,308
 5742,052
 5720,189
 5677,704
 5764,605
 5726,485
 5727,645
 5730,186
 5760,793
 5644,422
 5655,255
 5659,649
 5631,931
 5716,466
 5688,987
 5649,127
 5665,162
 5682,054
 5658,197
 5624,551
 5639,490
 5729,302
 5640,109
 5678,866
 5729,671
 5731,515
 5660,557
 5612,807
 5644,101
 5635,457
 5623,334
 5533,225
 5603,685
 5602,157
 5653,206
 5610,466
 5638,450
 5709,505
 5549,032
 5628,069
 5560,532
 5586,673
 5518,806
 5524,457
 5525,888
 5542,546
 5544,680
 5633,331
 5603,729
 5573,413
 5583,954
 5574,416
 5611,593
 5560,720
 5569,761
 5490,086
 5565,068
 5594,438
 5532,055
 5459,723
 5464,006
 5507,006
 5567,732
 5661,552
 5478,370
 5545,663
 5553,705
 5506,045
 5573,267
 5527,900
 5588,122
 5471,364
 5443,706
 5478,479
 5410,720
 5518,265
 5473,011
 5468,026
 5422,372
 5460,878
 5459,745
 5446,976
 5358,090
 5437,350
 5594,588
 5466,643
 5508,437
 5434,166
 5468,521
 5432,799
 5422,169
 5437,188
 5407,109
 5399,453
 5448,918
 5419,379
 5359,182
 5426,188
 5333,081
 5445,303
 5441,922
 5289,896
 5439,442
 5434,422
 5276,452
 5409,101
 5294,041
 5412,323
 5362,016
 5386,501
 5327,172
 5358,811
 5406,003
 5395,102
 5392,936
 5378,098
 5314,560
 5362,443
 5290,790
 5345,634
 5325,322
 5369,014
 5379,508
 5362,970
 5315,130
 5221,069
 5296,950
 5279,323
 5251,171
 5356,741
 5331,940
 5369,639
 5321,771
 5248,058
 5249,696
 5268,584
 5280,585
 5335,455
 5307,929
 5288,247
 5257,178
 5198,774
 5299,205
 5262,137
 5168,855
 5131,889
 5266,607
 5238,430
 5163,198
 5224,290
 5244,849
 5224,213
 5211,156
 5249,164
 5205,632
 5225,289
 5136,980
 5150,945
 5200,930
 5150,694
 5240,806
 5200,926
 5192,031
 5266,551
 5167,277
 5171,718
 5173,824
 5182,480
 5231,424
 5239,874
 5167,539
 5190,819
 5205,964
 5174,936
 5187,093
 5166,130
 5059,934
 5255,061
 5157,562
 5129,863
 5110,102
 5138,789
 5116,568
 5108,054
 5162,461
 5079,857
 5110,329
 5098,466
 5136,929
 5107,678
 5093,793
 5044,820
 5135,711
 5107,099
 5098,109
 5042,629
 5097,773
 5163,645
 5077,140
 5039,592
 5074,561
 5083,712
 4997,890
 5026,573
 5013,462
 5058,482
 4965,218
 5027,391
 5015,900
 5050,441
 5057,032
 5022,624
 5021,670
 4950,218
 5012,349
 4985,793
 5046,805
 5001,015
 5016,604
 4950,803
 4941,348
 4947,837
 4990,022
 5006,816
 4943,102
 4952,429
 4945,175
 5010,534
 5030,293
 4915,867
 4966,225
 4965,662
 4938,233
 4838,446
 4913,626
 4911,313
 4925,226
 4933,812
 4883,307
 4917,130
 4871,245
 4939,355
 4911,874
 4895,876
 4913,166
 4901,020
 4893,659
 4880,806
 4933,191
 4889,701
 4853,178
 4935,281
 4845,871
 4881,117
 4886,391
 4820,105
 4782,864
 4822,057
 4816,193
 4932,792
 4723,694
 4834,734
 4799,494
 4799,587
 4838,467
 4792,282
 4860,633
 4765,292
 4786,454
 4766,529
 4791,913
 4794,700
 4779,105
 4744,518
 4741,361
 4803,171
 4807,847
 4806,426
 4761,330
 4746,929
 4715,067
 4759,512
 4702,610
 4737,080
 4719,054
 4708,704
 4701,822
 4706,838
 4662,081
 4740,577
 4689,799
 4698,400
 4657,040
 4745,799
 4745,486
 4721,412
 4648,605
 4660,179
 4735,539
 4675,155
 4602,011
 4642,215
 4637,356
 4664,513
 4645,286
 4611,361
 4594,164
 4675,837
 4710,386
 4614,748
 4570,694
 4634,034
 4509,427
 4613,955
 4604,569
 4614,933
 4559,800
 4605,743
 4567,867
 4567,014
 4541,177
 4552,988
 4504,571
 4566,136
 4598,178
 4565,228
 4549,165
 4510,329
 4562,733
 4580,012
 4537,700
 4561,732
 4491,329
 4538,892
 4520,878
 4491,658
 4475,244
 4494,680
 4483,633
 4455,315
 4517,507
 4431,676
 4466,207
 4425,930
 4393,574
 4379,216
 4416,423
 4512,663
 4482,297
 4443,262
 4451,603
 4456,118
 4447,685
 4465,199
 4417,552
 4460,584
 4467,001
 4452,346
 4399,290
 4358,826
 4409,281
 4389,002
 4405,463
 4424,825
 4349,347
 4363,768
 4396,046
 4367,898
 4436,935
 4407,336
 4409,856
 4463,887
 4380,668
 4438,700
 4374,293
 4379,040
 4385,081

















































































































































































































































































































































































































































































































































































































































































































































































































































































































































































































































































































































































































































































































































































































































































































































































































































































































































































































































































































































































































































































































































































































































































































































































































































































































































































































































































































































































































































































































































































































































































































































































































































































































































































































































































































































































































































































































































































































































































































































































































































































































































































































































































































































































































































































































































































































































































































































































































































































































































































































































































































































































































































































































































































































































































































































































































































































































































































































































































































































































































































































































































































































































































































































































































































































































































































































































































































































































































































































































































































































































































































































































































































































































































































































































































































































































































































































































































































































































































































































































































































































































































































































































































































































































































































































































































































































































































































































































































































































































































































































































































































































































































































































































































































































































































































































































































































































































































































































































































































































































































































































































































































































































































































































































































































































































































































































































































































































































































































































































































































































































































































































































































































































































































































































































































































































































































































































































































































































































































































































































































































































































































































































































































































































































































































































































































































































































































































































































































































































































































































































































































































































































































































































































































































































































































































































































































































































































































































































































































































































































































































































































































































































































































































































































































































































































































































































































































































































































































































































































































































































































































































































































































































































































































































































































































































































































































































































































































































































































































































































































































































































































































































































































































































































































































































































































































































































































































































































































































































































































































































































































































































































































































































































































































































































































































































































































































































































































































































































































































































































































































































































































































































































































































































































































































































































































































































































































































































































































































































































































































































































































































































































































































































































































































































































































































































































































































































































































































































































































































































































































































































































































































































































































































































































































































































































































































































































































































































































































































































































































































































































































































































































































































































































































































































































































































































































































































































































































































































































































































































































































































































































































































































































































































































































































































































































































































































































































































































































































































































































































































































































































































































































































































































































































































































































































































































































































































































































































































































































































































































































































































































































































































































































































































































































































































































































































































































































































































































































































































































































































































































































































































































































































































































































































































































































































































































































































































































































































































































































































































































































































































































































































































































































































































































































































































































































































































































































































































































































































































































































































































































































































































































































































































































































































































































































































































































































































































































































































































































































































































































































































































































































































































































































































































































































































































































































































































































































































































































































































































































































































































































































































































































































































































































































































































































































































































































































































































































































































































































































































































































































































































































































































































































































































































































































































































































