 648,675
 674,226
 648,794
 668,604
 665,913
 648,681
 644,479
 631,247
 677,928
 605,012
 644,505
 629,533
 631,136
 658,198
 655,924
 649,275
 679,076
 647,843
 650,238
 651,369
 674,853
 687,164
 631,931
 659,166
 645,743
 650,441
 635,605
 659,878
 704,861
 668,813
 688,862
 623,317
 652,920
 648,871
 666,002
 657,752
 643,284
 613,986
 637,045
 675,693
 663,770
 673,438
 658,586
 642,572
 624,656
 640,943
 604,891
 620,508
 693,123
 641,370
 642,066
 587,623
 616,407
 666,937
 648,765
 651,624
 659,806
 663,752
 619,553
 649,493
 616,251
 630,952
 633,824
 662,175
 632,899
 642,066
 647,346
 663,826
 671,775
 606,435
 655,732
 645,327
 677,495
 674,606
 648,331
 622,238
 628,168
 701,024
 641,235
 676,563
 655,409
 615,534
 664,596
 678,495
 615,738
 637,024
 622,180
 632,753
 647,790
 672,870
 661,853
 646,274
 630,502
 668,411
 663,003
 630,223
 636,971
 660,021
 653,056
 615,598
 634,949
 671,335
 618,187
 631,891
 681,357
 604,503
 651,585
 644,871
 660,854
 651,758
 653,684
 655,869
 673,692
 644,394
 634,178
 646,553
 641,213
 650,345
 606,832
 611,244
 672,140
 643,845
 626,300
 641,930
 653,032
 663,308
 632,243
 640,026
 639,989
 684,446
 645,293
 666,091
 665,760
 632,968
 652,035
 583,620
 639,689
 626,015
 608,349
 643,547
 631,407
 632,663
 652,886
 627,482
 665,267
 610,097
 608,430
 634,386
 643,959
 602,549
 622,419
 596,337
 617,801
 614,756
 597,408
 639,174
 609,496
 632,102
 655,179
 640,253
 631,899
 638,455
 623,497
 622,801
 668,446
 622,705
 644,393
 605,719
 599,203
 647,932
 594,310
 605,028
 578,138
 634,042
 636,533
 625,846
 657,060
 634,683
 599,280
 615,819
 618,047
 632,498
 622,640
 624,082
 625,515
 617,946
 617,371
 649,650
 609,804
 631,260
 634,982
 628,584
 623,571
 608,751
 591,012
 633,396
 632,018
 606,165
 612,933
 635,457
 610,871
 591,394
 619,528
 616,664
 610,308
 633,591
 643,710
 602,810
 625,894
 580,662
 563,466
 587,010
 623,512
 596,955
 603,121
 601,627
 611,713
 590,526
 585,180
 604,766
 630,656
 591,970
 601,064
 593,472
 597,737
 604,799
 625,842
 601,648
 621,336
 652,572
 589,541
 618,220
 599,503
 579,520
 620,917
 602,015
 609,208
 588,300
 581,366
 587,028
 636,503
 610,788
 597,721
 589,658
 569,036
 597,520
 552,217
 577,531
 608,440
 605,576
 577,087
 558,423
 600,465
 584,538
 540,529
 586,379
 552,086
 560,893
 576,157
 577,704
 577,745
 597,726
 543,858
 589,821
 594,458
 571,507
 590,973
 548,941
 554,880
 578,798
 562,245
 544,765
 586,891
 615,607
 624,359
 602,839
 577,390
 587,291
 550,203
 569,166
 566,694
 570,398
 567,722
 579,210
 558,101
 591,280
 624,526
 570,001
 572,534
 557,844
 531,459
 582,085
 549,383
 525,942
 563,688
 562,934
 586,201
 531,607
 582,350
 547,148
 565,869
 580,123
 525,780
 565,681
 560,182
 605,204
 566,251
 549,671
 566,325
 612,722
 550,282
 551,599
 558,326
 583,687
 534,861
 559,577
 550,386
 589,111
 558,470
 560,765
 579,392
 576,383
 559,909
 574,854
 580,475
 546,810
 553,527
 560,010
 550,589
 539,582
 548,501
 562,692
 562,131
 575,232
 548,039
 543,783
 554,165
 567,272
 542,326
 576,118
 521,721
 583,713
 514,781
 531,699
 557,572
 559,035
 559,031
 517,744
 538,161
 556,715
 559,215
 553,871
 548,356
 539,434
 551,684
 544,299
 532,209
 556,003
 549,022
 510,074
 527,024
 546,359
 555,097
 531,794
 550,104
 533,261
 558,523
 538,209
 559,615
 542,127
 547,395
 533,058
 542,214
 522,373
 530,637
 556,168
 531,029
 528,085
 528,717
 524,918
 577,010
 492,130
 556,998
 547,673
 557,606
 565,687
 538,534
 524,031
 518,980
 530,064
 533,082
 527,107
 539,649
 575,767
 541,308
 566,201
 550,101
 550,207
 535,603
 538,147
 518,336
 533,586
 538,731
 528,936
 561,383
 528,544
 571,443
 556,782
 571,264
 547,316
 506,701
 565,071
 531,903
 539,168
 592,862
 540,667
 554,176
 532,267
 558,821
 538,102
 530,789
 528,393
 541,527
 504,319
 521,862
 535,226
 548,751
 535,260
 522,384
 552,136
 540,208
 527,524
 547,225
 527,911
 500,928
 543,521
 510,021
 534,076
 516,045
 518,447
 505,206
 546,158
 545,240
 525,814
 536,511
 520,249
 537,972
 539,465
 528,055
 554,855
 515,131
 518,486
 533,569
 534,564
 532,005
 557,069
 517,096
 533,339
 515,420
 525,920
 510,979
 521,007
 491,230
 492,511
 541,716
 537,923
 523,199
 509,995
 553,723
 527,507
 581,620
 528,116
 553,669
 539,810
 562,782
 554,801
 553,535
 508,505
 532,245
 506,976
 552,163
 481,250
 536,317
 564,250
 513,606
 535,168
 552,420
 559,120
 523,082
 552,493
 536,736
 525,511
 570,306
 507,886
 518,210
 563,001
 519,948
 553,408
 515,070
 557,481
 533,583
 549,102
 527,155
 557,197
 542,132
 556,695
 558,550
 549,064
 557,928
 524,691
 542,111
 533,349
 523,485
 514,421
 509,998
 556,284
 556,311
 528,756
 483,499
 553,985
 554,215
 548,222
 537,324
 533,132
 536,312
 528,092
 527,802
 557,728
 540,570
 548,964
 519,609
 492,224
 517,519
 536,448
 555,960
 536,881
 546,788
 558,474
 521,355
 538,471
 519,414
 506,482
 553,960
 550,725
 535,792
 513,564
 539,319
 568,211
 514,170
 534,187
 552,268
 559,023
 547,467
 521,556
 569,040
 553,746
 549,837
 559,314
 482,235
 516,639
 530,866
 543,220
 559,424
 526,341
 545,910
 531,860
 550,397
 537,148
 523,383
 552,102
 528,574
 534,526
 541,301
 544,771
 558,729
 547,759
 525,389
 518,050
 513,088
 556,903
 542,535
 598,372
 538,099
 530,309
 524,631
 542,686
 565,530
 550,701
 547,311
 532,024
 533,332
 529,723
 531,144
 539,810
 528,591
 565,416
 538,284
 506,754
 550,745
 543,122
 505,422
 557,034
 546,935
 538,754
 560,689
 547,787
 541,937
 534,737
 562,178
 557,278
 521,320
 545,677
 521,885
 527,103
 534,079
 569,808
 554,722
 522,365
 560,848
 532,297
 554,445
 525,052
 569,273
 550,347
 565,733
 553,057
 569,798
 525,287
 548,813
 555,495
 549,365
 527,085
 584,936
 541,632
 528,748
 553,723
 545,161
 565,060
 546,647
 570,914
 542,857
 570,208
 561,963
 525,361
 551,490
 565,784
 534,778
 563,492
 548,901
 568,583
 527,387
 569,931
 592,931
 571,630
 526,586
 564,442
 561,839
 551,412
 549,061
 542,982
 561,979
 566,241
 552,849
 565,697
 540,174
 531,671
 534,453
 539,225
 564,256
 540,031
 521,142
 513,419
 529,496
 534,446
 540,687
 552,096
 545,390
 575,141
 547,109
 586,635
 547,047
 554,133
 552,721
 553,541
 575,476
 541,123
 567,988
 542,848
 541,493
 566,425
 516,501
 531,157
 566,475
 533,981
 544,458
 548,965
 538,806
 557,779
 536,619
 541,222
 548,695
 524,482
 558,498
 568,999
 519,704
 563,427
 592,621
 565,616
 581,018
 529,388
 559,639
 509,050
 553,305
 575,232
 552,463
 568,115
 553,856
 540,236
 565,191
 553,608
 577,467
 561,400
 564,542
 579,143
 544,731
 544,220
 545,624
 552,348
 553,658
 573,353
 583,185
 599,787
 569,281
 578,168
 563,855
 573,346
 553,012
 575,847
 541,693
 542,667
 551,485
 574,070
 588,355
 566,134
 544,961
 587,033
 602,708
 566,526
 575,073
 595,315
 573,743
 553,036
 584,255
 540,853
 568,387
 557,020
 584,527
 576,538
 594,297
 506,099
 557,265
 594,928
 571,409
 540,740
 599,317
 535,562
 558,198
 524,563
 592,260
 539,171
 596,393
 584,046
 553,710
 582,699
 550,000
 568,027
 574,593
 615,878
 610,432
 585,237
 566,045
 597,799
 571,210
 559,515
 552,077
 596,037
 584,151
 566,312
 557,302
 547,985
 568,355
 564,904
 572,341
 528,774
 552,397
 568,435
 562,691
 578,093
 572,335
 566,861
 565,522
 602,380
 581,734
 587,795
 564,097
 578,340
 580,247
 617,766
 558,514
 568,770
 577,282
 594,944
 590,819
 573,065
 581,833
 602,597
 591,773
 567,995
 571,395
 564,102
 552,293
 549,892
 574,313
 588,339
 573,813
 561,372
 594,306
 573,651
 567,572
 550,665
 575,001
 584,701
 596,425
 604,659
 560,123
 603,461
 611,736
 562,087
 552,012
 612,334
 586,928
 609,878
 584,049
 624,999
 589,963
 576,516
 632,536
 594,205
 574,537
 549,948
 559,484
 575,203
 563,108
 600,437
 574,882
 588,891
 574,077
 566,991
 613,379
 558,661
 599,261
 586,170
 590,552
 595,094
 572,543
 560,174
 615,169
 580,468
 596,836
 609,539
 612,049
 602,056
 568,317
 615,202
 600,262
 581,957
 614,896
 608,036
 582,412
 580,569
 609,350
 564,523
 617,253
 601,612
 586,574
 581,878
 610,800
 599,545
 605,092
 584,962
 584,782
 584,241
 610,137
 581,863
 621,387
 624,722
 631,429
 608,557
 617,133
 626,878
 641,185
 612,611
 586,067
 614,778
 635,408
 655,963
 635,290
 623,547
 618,825
 631,893
 626,453
 613,534
 644,626
 616,609
 624,317
 595,418
 626,287
 621,018
 647,049
 642,135
 625,150
 625,914
 616,101
 580,165
 614,385
 581,293
 590,516
 648,597
 599,585
 649,308
 597,494
 601,818
 610,697
 596,614
 628,461
 623,262
 625,421
 609,481
 632,586
 617,517
 604,660
 628,508
 604,886
 664,687
 581,015
 573,448
 596,713
 628,511
 566,905
 576,848
 615,496
 628,126
 607,741
 622,571
 637,805
 637,743
 630,688
 646,678
 638,371
 609,078
 643,959
 621,335
 656,312
 606,679
 634,388
 630,322
 629,679
 645,687
 646,769
 664,963
 644,543
 611,790
 617,581
 641,618
 649,451
 629,706
 645,789
 640,038
 633,555
 672,223
 681,381
 665,304
 635,351
 665,580
 659,005
 652,393
 660,860
 647,655
 672,280
 628,893
 626,779
 651,424
 648,910
 659,752
 642,725
 640,055
 624,570
 641,703
 607,738
 658,113
 632,095
 670,986
 611,355
 698,841
 671,716
 661,756
 677,069
 669,144
 678,319
 664,520
 667,868
 672,896
 657,839
 656,956
 670,911
 661,749
 687,250
 703,609
 636,794
 666,866
 691,960
 706,530
 672,901
 668,687
 684,795
 672,027
 685,056
 649,170
 674,678
 686,987
 673,151
 692,849
 707,177
 694,033
 705,632
 681,616
 673,768
 688,101
 677,816
 659,601
 652,930
 666,592
 694,345
 653,471
 664,121
 695,758
 698,656
 670,479
 667,376
 717,718
 684,542
 702,732
 666,220
 695,356
 684,955
 684,022
 656,607
 680,084
 720,700
 699,141
 691,156
 710,998
 707,099
 689,958
 693,656
 731,547
 715,193
 707,430
 688,723
 695,739
 660,435
 707,455
 752,238
 651,015
 699,784
 731,173
 751,196
 693,916
 694,701
 713,672
 724,301
 714,458
 733,092
 751,274
 702,177
 746,658
 703,029
 719,775
 710,338
 754,423
 675,441
 764,686
 734,075
 710,281
 713,504
 749,664
 737,931
 743,564
 723,438
 731,132
 744,585
 731,351
 742,439
 735,239
 727,709
 739,144
 754,154
 728,677
 768,372
 768,192
 747,653
 741,569
 774,385
 785,623
 792,482
 751,910
 770,601
 769,122
 764,679
 761,840
 791,464
 775,357
 788,395
 750,296
 787,061
 794,901
 819,147
 770,493
 784,072
 816,894
 774,113
 783,058
 772,485
 806,340
 782,564
 806,587
 796,432
 843,547
 789,497
 820,409
 772,096
 822,096
 844,379
 866,586
 779,217
 797,999
 804,565
 815,198
 868,207
 834,072
 813,176
 822,612
 859,281
 873,856
 810,971
 837,500
 876,310
 857,257
 846,763
 879,253
 883,891
 851,259
 891,422
 888,599
 876,861
 908,781
 956,727
 880,716
 894,665
 901,888
 936,829
 893,840
 929,578
 920,176
 896,928
 927,092
 890,765
 930,658
 909,851
 933,068
 895,924
 960,673
 967,206
 922,499
 976,727
 974,049
 919,688
 934,765
 906,472
 992,958
 946,471
 977,383
 944,883
 977,384
 957,340
 1022,260
 983,649
 1015,717
 938,563
 969,973
 999,342
 1006,042
 950,045
 1022,252
 981,655
 1005,063
 1016,466
 998,500
 1030,944
 997,091
 995,737
 1041,697
 1029,505
 1042,940
 1050,699
 1067,744
 1052,173
 1061,887
 1069,852
 1067,543
 1098,265
 1103,640
 1098,639
 1090,216
 1108,945
 1068,375
 1110,508
 1133,150
 1121,892
 1106,455
 1162,756
 1133,996
 1096,654
 1149,341
 1179,468
 1129,925
 1096,534
 1124,798
 1180,629
 1200,302
 1162,571
 1215,016
 1252,475
 1193,379
 1194,279
 1234,640
 1153,446
 1171,741
 1255,404
 1251,845
 1242,128
 1234,493
 1237,623
 1220,654
 1217,691
 1218,989
 1263,160
 1275,816
 1270,981
 1260,959
 1270,762
 1264,847
 1318,250
 1280,506
 1296,682
 1323,693
 1291,020
 1280,718
 1315,342
 1306,820
 1346,991
 1322,276
 1333,403
 1372,659
 1343,540
 1417,426
 1345,103
 1365,707
 1374,458
 1423,168
 1376,323
 1426,301
 1419,098
 1407,289
 1389,687
 1378,701
 1398,464
 1413,199
 1441,555
 1435,471
 1443,668
 1445,415
 1495,700
 1504,751
 1488,121
 1485,784
 1468,500
 1470,650
 1522,653
 1490,133
 1499,435
 1545,312
 1522,953
 1488,569
 1533,252
 1561,374
 1585,617
 1567,716
 1607,458
 1638,326
 1620,050
 1573,192
 1607,257
 1604,411
 1579,669
 1603,224
 1666,086
 1629,362
 1592,959
 1613,318
 1685,283
 1623,045
 1645,431
 1702,164
 1656,270
 1711,121
 1650,050
 1716,503
 1720,800
 1694,744
 1690,890
 1720,438
 1754,457
 1772,501
 1751,633
 1724,908
 1794,805
 1723,497
 1837,172
 1805,964
 1816,744
 1808,227
 1765,664
 1770,723
 1842,707
 1832,065
 1822,626
 1808,862
 1848,504
 1803,928
 1825,242
 1883,783
 1863,709
 1883,568
 1881,204
 1907,622
 1892,627
 1871,704
 1982,201
 1888,841
 1968,436
 1992,915
 1909,079
 1961,523
 1946,465
 1950,092
 2004,256
 1986,457
 2031,655
 1942,736
 2008,752
 2009,285
 1996,829
 2024,018
 2041,580
 2085,027
 1993,112
 2098,321
 2086,388
 2070,548
 2080,958
 2069,166
 2141,949
 2068,699
 2102,461
 2076,925
 2125,620
 2083,571
 2154,496
 2172,710
 2200,665
 2156,740
 2208,527
 2143,390
 2177,384
 2178,272
 2179,873
 2229,883
 2179,590
 2232,845
 2198,054
 2254,527
 2249,432
 2236,237
 2253,048
 2243,554
 2201,026
 2309,743
 2373,905
 2279,126
 2258,689
 2251,429
 2300,644
 2315,005
 2297,867
 2314,580
 2361,561
 2305,649
 2346,339
 2374,503
 2340,488
 2360,314
 2375,126
 2372,829
 2382,940
 2378,376
 2370,535
 2418,671
 2414,591
 2343,142
 2398,433
 2436,063
 2412,508
 2420,788
 2423,176
 2416,414
 2462,300
 2409,690
 2502,766
 2470,033
 2409,632
 2488,867
 2503,903
 2479,339
 2507,167
 2550,307
 2516,830
 2528,874
 2493,044
 2595,477
 2517,672
 2573,080
 2574,088
 2564,397
 2547,429
 2570,711
 2550,040
 2607,180
 2535,990
 2576,250
 2605,046
 2626,914
 2630,899
 2577,273
 2629,386
 2656,221
 2637,248
 2609,497
 2658,230
 2654,231
 2695,622
 2709,269
 2711,447
 2663,046
 2670,416
 2634,199
 2685,865
 2720,876
 2712,951
 2702,929
 2800,126
 2806,770
 2693,916
 2768,374
 2727,613
 2790,509
 2783,399
 2718,373
 2763,649
 2805,376
 2736,560
 2799,858
 2732,424
 2828,365
 2844,814
 2786,099
 2826,225
 2820,821
 2851,137
 2829,507
 2924,361
 2803,493
 2818,991
 2881,344
 2781,063
 2886,503
 2880,026
 2829,969
 2864,342
 2858,529
 2864,243
 2870,543
 2908,288
 2922,964
 2883,142
 2828,574
 2959,090
 2933,938
 2937,202
 2927,845
 2923,097
 2945,053
 2990,513
 2914,194
 2949,568
 2930,512
 2945,303
 2936,191
 2982,109
 2979,165
 2992,684
 2958,661
 2947,951
 2998,406
 2992,608
 2980,607
 3025,096
 3049,972
 2996,329
 2994,588
 3005,231
 3008,731
 2993,947
 3003,234
 3023,261
 3074,538
 2959,380
 3013,446
 3085,918
 2965,809
 3070,003
 3104,328
 3055,215
 3159,563
 3105,731
 3065,743
 3090,954
 3145,130
 3173,095
 3158,304
 3109,150
 3120,578
 3109,034
 3084,633
 3150,351
 3113,020
 3120,213
 3144,187
 3164,232
 3167,209
 3170,270
 3210,090
 3100,086
 3226,081
 3152,187
 3187,278
 3212,311
 3176,788
 3136,153
 3125,647
 3190,709
 3150,118
 3210,659
 3203,210
 3194,069
 3170,249
 3170,493
 3259,256
 3268,163
 3184,734
 3239,925
 3211,285
 3239,463
 3260,866
 3309,087
 3246,226
 3231,338
 3277,819
 3276,366
 3312,185
 3324,347
 3229,235
 3330,541
 3309,979
 3290,223
 3272,251
 3344,326
 3351,353
 3284,963
 3315,881
 3337,903
 3254,755
 3337,943
 3324,110
 3322,058
 3359,564
 3359,358
 3312,834
 3390,344
 3325,010
 3350,134
 3325,961
 3373,297
 3302,403
 3331,475
 3368,576
 3390,260
 3388,773
 3399,925
 3385,434
 3393,102
 3326,719
 3387,651
 3371,208
 3388,956
 3440,082
 3441,569
 3417,719
 3384,937
 3399,410
 3438,243
 3518,653
 3465,716
 3464,938
 3432,228
 3408,377
 3490,494
 3368,186
 3455,001
 3439,596
 3443,226
 3477,788
 3462,116
 3520,408
 3457,120
 3542,766
 3509,348
 3386,924
 3423,753
 3473,605
 3576,302
 3497,618
 3486,462
 3469,170
 3560,707
 3552,984
 3467,043
 3444,440
 3471,530
 3521,164
 3510,620
 3546,028
 3501,369
 3510,303
 3481,562
 3618,169
 3581,550
 3482,974
 3550,996
 3602,652
 3569,789
 3586,080
 3562,516
 3593,600
 3575,463
 3546,272
 3589,535
 3662,149
 3524,615
 3577,144
 3612,903
 3533,999
 3650,381
 3692,173
 3548,425
 3590,103
 3593,938
 3615,404
 3648,956
 3614,777
 3495,166
 3699,952
 3660,640
 3699,656
 3609,616
 3621,418
 3674,145
 3660,452
 3624,626
 3672,246
 3692,730
 3608,283
 3669,399
 3680,555
 3696,865
 3637,960
 3644,938
 3616,221
 3688,934
 3616,338
 3661,239
 3723,043
 3654,993
 3663,869
 3738,577
 3751,439
 3727,029
 3734,987
 3795,690
 3733,734
 3768,987
 3730,761
 3722,572
 3771,071
 3777,907
 3780,163
 3712,089
 3839,822
 3726,526
 3791,756
 3771,974
 3810,514
 3824,221
 3768,463
 3714,577
 3820,460
 3775,868
 3819,178
 3748,499
 3800,632
 3838,419
 3797,896
 3774,217
 3839,449
 3785,689
 3847,268
 3861,604
 3848,964
 3864,369
 3786,019
 3862,358
 3821,215
 3860,221
 3822,531
 3832,748
 3843,274
 3830,150
 3822,259
 3822,958
 3886,764
 3848,616
 3844,501
 3856,706
 3844,563
 3871,394
 3878,528
 3909,732
 3883,038
 3899,540
 3836,294
 3891,613
 3925,433
 3856,291
 3860,963
 3910,440
 3920,686
 3961,969
 3885,633
 3854,903
 3972,926
 3915,704
 3920,010
 3945,722
 3954,349
 3913,623
 3913,740
 3966,651
 3906,099
 3915,141
 3962,200
 3968,677
 3974,756
 3858,954
 3967,852
 3976,937
 4060,670
 3992,630
 3961,951
 3926,183
 3996,341
 4016,208
 3985,012
 4015,703
 3962,924
 3982,403
 4043,673
 3986,343
 4029,922
 3958,776
 3991,757
 4048,810
 3971,852
 4029,961
 3962,677
 4011,652
 4079,394
 3953,029
 4020,377
 4017,931
 4046,057
 4082,958
 4010,126
 3970,367
 4024,930
 3953,789
 4070,294
 4033,745
 4108,108
 4103,338
 4111,210
 4021,033
 4013,999
 3990,854
 4033,797
 4078,493
 4112,842
 4081,375
 3991,630
 4009,325
 4051,308
 4123,443
 4035,147
 4067,729
 4138,700
 4157,511
 4082,886
 4108,087
 4137,421
 4047,518
 4055,715
 4133,888
 4064,031
 4130,218
 4126,357
 4122,662
 4040,121
 4117,840
 4094,478
 4094,291
 4158,339
 4109,077
 4097,361
 4090,961
 4154,122
 4160,526
 4171,451
 4133,694
 4120,600
 4174,555
 4181,102
 4114,986
 4211,302
 4090,779
 4142,780
 4086,550
 4103,376
 4176,161
 4139,060
 4142,878
 4183,719
 4141,258
 4191,565
 4116,514
 4093,143
 4174,763
 4159,976
 4223,619
 4191,665
 4197,658
 4252,096
 4190,508
 4194,603
 4182,106
 4187,589
 4136,954
 4215,883
 4142,880
 4167,049
 4172,085
 4234,269
 4179,421
 4226,601
 4242,145
 4217,415
 4211,162
 4228,166
 4255,283
 4262,352
 4216,890
 4214,406
 4263,029
 4243,541
 4192,941
 4185,682
 4251,779
 4246,057
 4290,663
 4226,009
 4198,250
 4196,929
 4327,379
 4257,225
 4288,568
 4289,100
 4267,807
 4249,388
 4263,430
 4241,053
 4258,619
 4248,007
 4332,567
 4286,725
 4239,957
 4222,697
 4238,113
 4313,883
 4259,752
 4294,095
 4330,986
 4267,158
 4255,451
 4253,302
 4253,677
 4293,579
 4365,349
 4293,643
 4364,811
 4280,273
 4232,150
 4334,018
 4298,649
 4331,215
 4299,444
 4349,534
 4323,256
 4372,552
 4283,749
 4270,613
 4296,626
 4345,960
 4316,330
 4254,680
 4286,008
 4300,382
 4350,350
 4333,473
 4304,533
 4314,584
 4333,917
 4303,213
 4365,580
 4296,978
 4338,633
 4344,806
 4254,186
 4389,703
 4234,441
 4431,596
 4375,703
 4359,311
 4319,869
 4425,328
 4385,882
 4360,411
 4390,311
 4412,698
 4380,802
 4344,876
 4437,952
 4352,469
 4325,407
 4416,140
 4407,723
 4394,215
 4413,593
 4439,273
 4455,531
 4386,599
 4430,617
 4492,504
 4384,520
 4422,212
 4429,983
 4370,479
 4428,893
 4399,821
 4421,612
 4433,657
 4371,225
 4411,020
 4411,317
 4483,027
 4441,940
 4436,834
 4385,264
 4421,275
 4450,215
 4425,462
 4479,026
 4427,945
 4451,888
 4449,566
 4438,190
 4481,734
 4490,405
 4426,123
 4510,539
 4536,091
 4490,746
 4508,952
 4498,818
 4475,738
 4434,239
 4458,466
 4556,013
 4464,293
 4429,688
 4556,687
 4471,803
 4442,799
 4399,151
 4505,170
 4409,137
 4425,671
 4385,367
 4548,840
 4513,750
 4493,612
 4451,707
 4539,416
 4483,115
 4496,001
 4541,666
 4503,164
 4498,215
 4487,132
 4504,651
 4413,456
 4444,813
 4538,082
 4490,068
 4558,331
 4492,479
 4550,120
 4555,135
 4530,721
 4480,648
 4516,082
 4589,792
 4450,072
 4586,636
 4555,662
 4534,060
 4591,493
 4510,428
 4580,977
 4593,547
 4504,453
 4619,535
 4585,589
 4642,472
 4575,645
 4556,276
 4582,374
 4591,286
 4541,531
 4607,953
 4535,560
 4629,442
 4607,688
 4554,452
 4595,004
 4660,399
 4556,290
 4618,196
 4650,898
 4575,993
 4608,721
 4552,075
 4595,059
 4587,616
 4550,185
 4585,961
 4629,980
 4634,113
 4636,703
 4622,101
 4672,035
 4604,663
 4602,851
 4611,838
 4626,648
 4592,602
 4603,992
 4680,407
 4678,476
 4661,899
 4656,638
 4753,402
 4678,338
 4617,947
 4634,664
 4632,195
 4636,212
 4708,784
 4652,954
 4641,551
 4620,026
 4690,259
 4686,524
 4660,481
 4749,168
 4730,349
 4692,499
 4638,701
 4727,406
 4664,668
 4651,940
 4670,492
 4671,693
 4682,408
 4700,679
 4702,819
 4702,079
 4721,169
 4744,872
 4640,374
 4623,127
 4708,036
 4679,774
 4754,495
 4736,362
 4783,359
 4734,723
 4756,405
 4805,753
 4711,063
 4699,672
 4693,046
 4760,004
 4781,784
 4776,211
 4762,281
 4772,399
 4713,462
 4801,009
 4807,688
 4703,804
 4788,378
 4713,622
 4763,813
 4805,911
 4758,627
 4816,323
 4871,341
 4749,067
 4817,740
 4759,777
 4854,545
 4808,323
 4817,520
 4820,436
 4908,220
 4837,487
 4795,232
 4805,791
 4826,749
 4909,703
 4832,736
 4800,630
 4848,544
 4811,935
 4788,498
 4865,720
 4888,599
 4796,827
 4886,488
 4880,122
 4912,994
 4940,680
 4817,693
 4911,403
 4890,521
 4870,931
 4929,160
 4838,154
 4932,828
 4803,149
 4922,146
 4877,249
 4986,405
 4934,731
 4951,492
 4965,476
 4938,709
 4904,773
 4929,830
 4906,307
 4913,014
 4851,043
 4851,943
 4939,435
 4883,903
 4943,066
 4903,122
 4943,940
 4960,357
 5002,062
 4913,133
 4905,442
 5032,010
 4962,486
 5019,172
 5004,404
 5042,787
 4981,852
 4919,171
 4969,894
 4960,325
 5035,813
 4993,028
 4926,960
 5004,038
 5039,642
 5017,589
 5011,957
 4990,220
 5094,526
 5009,497
 5076,639
 5043,178
 5122,991
 5055,633
 5002,485
 5078,694
 4989,296
 4991,371
 5082,801
 5055,835
 5092,659
 5059,882
 5081,850
 5002,235
 5063,494
 5061,843
 5078,390
 5008,667
 5053,719
 5000,059
 5037,037
 5079,032
 5058,590
 5111,027
 5052,269
 5064,956
 5094,140
 5110,140
 5076,983
 5068,200
 5108,469
 5030,699
 5102,061
 5072,771
 5118,172
 5086,188
 5132,900
 5152,799
 5118,356
 5140,977
 5125,950
 5186,136
 5173,207
 5171,094
 5091,024
 5182,828
 5090,986
 5205,992
 5144,356
 5142,378
 5185,367
 5196,832
 5155,172
 5208,317
 5179,647
 5143,308
 5190,689
 5019,229
 5218,303
 5163,413
 5114,855
 5188,049
 5111,326
 5232,871
 5194,813
 5211,408
 5247,795
 5223,395
 5191,680
 5172,353
 5142,965
 5171,071
 5230,890
 5208,787
 5243,183
 5244,852
 5157,226
 5144,960
 5223,076
 5163,149
 5187,461
 5215,056
 5267,946
 5271,835
 5229,052
 5298,815
 5284,332
 5302,050
 5269,139
 5228,534
 5248,125
 5217,960
 5195,877
 5177,156
 5253,726
 5235,445
 5263,214
 5248,426
 5263,554
 5232,674
 5225,792
 5257,776
 5261,158
 5317,070
 5307,430
 5218,884
 5255,207
 5240,649
 5359,328
 5324,589
 5300,171
 5276,570
 5314,608
 5326,675
 5284,494
 5289,417
 5270,743
 5329,384
 5295,705
 5350,527
 5260,894
 5275,146
 5245,639
 5309,866
 5299,090
 5373,090
 5351,424
 5310,517
 5342,806
 5343,281
 5269,908
 5394,557
 5319,064
 5336,986
 5337,771
 5293,085
 5422,008
 5395,316
 5361,210
 5414,778
 5331,284
 5340,462
 5338,186
 5407,253
 5361,046
 5329,849
 5436,266
 5330,856
 5341,928
 5284,713
 5397,436
 5408,548
 5326,265
 5384,757
 5430,377
 5385,519
 5369,615
 5403,947
 5430,610
 5387,454
 5374,870
 5369,876
 5425,920
 5397,071
 5393,638
 5423,233
 5293,422
 5454,198
 5375,736
 5431,717
 5427,033
 5353,667
 5368,172
 5394,085
 5352,385
 5327,330
 5421,613
 5398,623
 5382,777
 5429,973
 5447,462
 5302,825
 5401,092
 5406,430
 5390,848
 5433,651
 5376,867
 5418,637
 5424,352
 5484,066
 5461,409
 5470,474
 5490,816
 5407,345
 5430,170
 5372,592
 5394,018
 5543,146
 5474,459
 5484,511
 5453,971
 5422,384
 5390,057
 5358,380
 5463,051
 5471,714
 5436,631
 5450,564
 5467,984
 5541,827
 5465,904
 5460,891
 5432,947
 5455,118
 5510,972
 5515,576
 5439,872
 5434,342
 5464,236
 5596,174
 5507,214
 5525,618
 5440,103
 5534,595
 5513,929
 5561,238
 5538,319
 5510,996
 5542,380
 5529,356
 5532,922
 5584,148
 5473,276
 5595,345
 5561,610
 5442,621
 5515,976
 5547,024
 5588,946
 5518,157
 5536,515
 5574,557
 5572,022
 5521,319
 5561,167
 5572,154
 5607,474
 5507,760
 5474,587
 5682,742
 5575,743
 5602,594
 5580,841
 5545,969
 5630,701
 5678,988
 5551,377
 5587,534
 5577,851
 5560,891
 5616,621
 5609,388
 5663,190
 5590,946
 5664,900
 5607,465
 5654,339
 5610,041
 5571,249
 5708,633
 5570,562
 5699,879
 5549,634
 5577,049
 5555,384
 5593,379
 5645,201
 5495,855
 5575,194
 5638,123
 5672,061
 5568,656
 5672,790
 5642,307
 5652,598
 5581,625
 5692,827
 5651,371
 5676,755
 5621,525
 5596,773
 5711,269
 5570,361
 5679,944
 5629,768
 5689,445
 5620,752
 5662,147
 5677,592
 5587,250
 5670,398
 5689,317
 5625,283
 5666,460
 5684,460
 5649,481
 5596,564
 5613,894
 5667,423
 5596,234
 5683,475
 5726,869
 5642,694
 5711,025
 5769,490
 5700,238
 5604,648
 5671,727
 5707,261
 5698,034
 5638,497
 5676,685
 5682,478
 5606,679
 5583,725
 5668,898
 5681,476
 5701,591
 5687,911
 5662,641
 5742,083
 5612,673
 5628,022
 5620,513
 5664,345
 5705,282
 5563,888
 5659,816
 5588,060
 5673,366
 5703,308
 5687,750
 5669,056
 5676,761
 5638,551
 5710,100
 5622,129
 5677,571
 5615,434
 5700,186
 5720,687
 5669,173
 5670,116
 5639,771
 5647,090
 5674,155
 5692,444
 5692,950
 5650,254
 5644,036
 5623,339
 5604,137
 5689,138
 5730,827
 5732,013
 5690,745
 5625,697
 5782,197
 5743,780
 5639,952
 5705,125
 5723,871
 5710,342
 5713,888
 5643,014
 5648,476
 5622,117
 5639,395
 5697,929
 5663,732
 5662,648
 5663,465
 5679,280
 5753,865
 5682,988
 5625,742
 5655,934
 5640,668
 5742,479
 5670,009
 5712,592
 5583,368
 5717,734
 5644,067
 5727,894
 5699,283
 5679,987
 5650,182
 5639,887
 5733,153
 5673,303
 5663,388
 5618,140
 5712,776
 5651,317
 5730,732
 5709,322
 5731,957
 5700,152
 5700,930
 5753,977
 5731,380
 5652,276
 5678,479
 5758,266
 5684,946
 5725,048
 5745,017
 5728,817
 5680,895
 5660,959
 5771,706
 5739,237
 5692,833
 5754,477
 5742,469
 5786,355
 5729,170
 5735,798
 5784,677
 5691,701
 5782,011
 5769,645
 5750,660
 5748,532
 5797,413
 5789,783
 5735,447
 5764,011
 5760,352
 5725,946
 5818,228
 5736,362
 5857,775
 5782,112
 5891,019
 5783,025
 5741,829
 5793,205
 5810,625
 5824,386
 5760,413
 5814,120
 5824,116
 5727,167
 5788,524
 5787,500
 5844,859
 5784,363
 5816,605
 5841,401
 5774,309
 5776,972
 5815,929
 5797,566
 5832,195
 5804,592
 5908,855
 5838,941
 5863,783
 5909,720
 5782,217
 5827,332
 5823,373
 5807,756
 5894,990
 5840,270
 5968,538
 5867,381
 5818,272
 5859,100
 5965,240
 5795,366
 5825,029
 5858,550
 5877,990
 5894,038
 5887,114
 5889,652
 5895,524
 5867,202
 5903,305
 5889,944
 5894,581
 5928,630
 5853,294
 5907,326
 5885,180
 5928,270
 5854,310
 5873,608
 5857,848
 5971,861
 5993,112
 5879,420
 5991,995
 5959,145
 5928,167
 6001,995
 5888,751
 6018,497
 5949,428
 5902,007
 5916,167
 5978,354
 5924,515
 5980,199
 5971,095
 6012,309
 6009,023
 5958,043
 5925,745
 6005,628
 6026,592
 5986,308
 5965,825
 6002,111
 6010,226
 6025,922
 5966,174
 6026,855
 5956,060
 5988,715
 5916,386
 6011,320
 5949,497
 6037,325
 6125,223
 5923,600
 6072,651
 6057,902
 6047,357
 6051,805
 6005,843
 6003,390
 6070,951
 6003,596
 6049,418
 6062,918
 6022,399
 6024,248
 6011,814
 6129,939
 6096,820
 6072,430
 6024,087
 5961,757
 6012,999
 6084,199
 6009,243
 6084,540
 6050,720
 6037,237
 6190,252
 6106,433
 6052,098
 6049,965
 6097,904
 6081,894
 6068,700
 6194,739
 6057,615
 6020,598
 6071,630
 6003,065
 6040,613
 6098,038
 6020,158
 6021,705
 6035,286
 6113,237
 6036,837
 6084,854
 6070,182
 6091,886
 6110,993
 6109,539
 6055,618
 6050,661
 6092,600
 6074,372
 6126,171
 6126,019
 6079,444
 6094,758
 6073,468
 6121,208
 6112,376
 6152,446
 6098,264
 6126,576
 6061,249
 6074,151
 6081,128
 6149,686
 6074,833
 6083,480
 6067,251
 6128,770
 6162,078
 6199,242
 6182,609
 6064,994
 6106,625
 6114,037
 6082,685
 6095,301
 6102,014
 6231,280
 6166,941
 6164,633
 6078,625
 6130,130
 6071,285
 6149,190
 6053,935
 6122,483
 6186,817
 6119,471
 6137,174
 6229,800
 6063,979
 6129,998
 6099,216
 6096,112
 6097,095
 6156,201
 6124,348
 6129,148
 6272,601
 6117,010
 6235,306
 6191,201
 6188,547
 6185,452
 6240,904
 6129,680
 6070,773
 6292,612
 6161,394
 6091,460
 6219,769
 6164,361
 6147,646
 6143,149
 6117,504
 6181,285
 6139,697
 6137,356
 6138,777
 6163,628
 6183,947
 6191,368
 6121,997
 6210,682
 6266,222
 6241,545
 6134,740
 6087,350
 6218,047
 6157,636
 6168,854
 6181,463
 6177,476
 6162,447
 6128,239
 6155,798
 6132,662
 6196,334
 6124,262
 6220,219
 6126,545
 6178,353
 6153,268
 6163,602
 6227,650
 6130,735
 6198,822
 6209,007
 6051,757
 6130,049
 6179,210
 6212,599
 6091,445
 6260,299
 6249,838
 6218,398
 6099,252
 6155,078
 6185,805
 6189,056
 6266,626
 6101,431
 6135,649
 6125,545
 6217,795
 6158,941
 6128,884
 6141,329
 6189,905
 6207,180
 6103,353
 6120,539
 6185,994
 6199,395
 6119,247
 6115,451
 6112,155
 6216,367
 6132,980
 6048,198
 6165,734
 6164,209
 6140,066
 6128,020
 6105,760
 6156,086
 6133,102
 6149,041
 6106,017
 6166,533
 6120,203
 6157,636
 6179,165
 6152,000
 6031,785
 6237,572
 6205,959
 6141,689
 6122,143
 6125,539
 6171,060
 6167,071
 6166,573
 6177,629
 6100,463
 6057,828
 6173,546
 6158,195
 6236,409
 6150,008
 6135,075
 6101,639
 6118,655
 6159,899
 6109,180
 6194,787
 6097,935
 6143,093
 6068,833
 6146,781
 6118,914
 6131,502
 6075,623
 6128,634
 6132,179
 6064,865
 6078,971
 6030,165
 6088,883
 6117,190
 6138,474
 6023,598
 6095,384
 6161,625
 6151,131
 6106,625
 6038,060
 6125,141
 6049,504
 6165,849
 6115,223
 6160,972
 6174,132
 6023,913
 6168,320
 6157,857
 6161,599
 6147,278
 6068,114
 6045,257
 6132,924
 5931,253
 6129,174
 6119,025
 6057,402
 5997,279
 6130,374
 6043,356
 6056,775
 6043,937
 6080,582
 6119,337
 6079,196
 6066,059
 6063,422
 6014,103
 6063,956
 5994,708
 6029,482
 6008,194
 6020,108
 6037,276
 6003,541
 6061,062
 6013,115
 5994,055
 6062,366
 6028,056
 5952,122
 6060,272
 6053,102
 5972,609
 6005,927
 6051,371
 6055,206
 6003,903
 6043,726
 6093,105
 5957,522
 6080,780
 6017,917
 5964,813
 5990,245
 6064,334
 5987,297
 6073,979
 6114,950
 6014,572
 5988,665
 5987,027
 6070,474
 5957,999
 5936,178
 5939,906
 5953,548
 5945,999
 6006,083
 5989,903
 5949,523
 6049,947
 6057,105
 5898,482
 5955,160
 5980,460
 5985,355
 5969,788
 5983,743
 5907,820
 6028,579
 5953,165
 5968,743
 5978,206
 6071,979
 5939,892
 5978,699
 5991,156
 5909,407
 5928,375
 5948,036
 5946,510
 5967,497
 5899,040
 5898,702
 5958,622
 5965,818
 5929,057
 5890,201
 5919,728
 5895,588
 5898,718
 5911,322
 5843,084
 5953,262
 5924,153
 5861,403
 5857,451
 5894,521
 5857,470
 5825,828
 5903,461
 5948,136
 5906,197
 5867,701
 5930,959
 5845,064
 5985,405
 5898,959
 5853,294
 5840,708
 5911,114
 5927,806
 5824,803
 5897,441
 5931,439
 5910,512
 5776,120
 5893,654
 5852,925
 5804,935
 5868,797
 5774,890
 5785,073
 5821,440
 5753,047
 5838,056
 5814,958
 5795,971
 5863,042
 5773,077
 5885,249
 5788,873
 5777,213
 5802,139
 5840,265
 5777,525
 5694,695
 5856,531
 5814,980
 5827,325
 5833,971
 5783,152
 5844,963
 5790,976
 5773,687
 5828,266
 5764,963
 5829,236
 5752,038
 5753,581
 5711,361
 5725,150
 5883,473
 5753,377
 5749,505
 5771,459
 5757,270
 5718,950
 5740,462
 5765,590
 5719,256
 5707,074
 5728,672
 5695,886
 5773,824
 5680,500
 5700,544
 5782,532
 5664,923
 5667,677
 5678,556
 5715,056
 5700,882
 5632,204
 5679,329
 5714,382
 5658,957
 5650,962
 5656,932
 5689,600
 5660,596
 5638,124
 5747,597
 5665,231
 5723,922
 5616,895
 5677,994
 5707,251
 5660,867
 5648,743
 5635,184
 5633,438
 5663,205
 5648,195
 5595,604
 5645,561
 5654,156
 5503,282
 5569,695
 5618,391
 5618,239
 5626,615
 5524,960
 5523,448
 5648,702
 5555,652
 5549,372
 5562,976
 5671,014
 5523,720
 5590,890
 5511,318
 5573,324
 5642,723
 5534,232
 5625,193
 5553,711
 5606,028
 5600,173
 5584,484
 5562,669
 5489,675
 5560,254
 5543,975
 5584,820
 5612,718
 5530,371
 5443,932
 5494,850
 5559,887
 5572,956
 5564,638
 5488,294
 5458,451
 5518,346
 5463,695
 5439,076
 5469,734
 5460,926
 5469,066
 5490,642
 5480,771
 5476,467
 5542,410
 5461,107
 5559,362
 5470,739
 5493,691
 5421,059
 5449,133
 5547,213
 5480,605
 5454,664
 5415,847
 5393,719
 5408,777
 5427,571
 5341,979
 5442,845
 5448,861
 5442,299
 5446,837
 5429,433
 5429,338
 5327,926
 5326,423
 5361,314
 5385,245
 5387,474
 5350,001
 5398,516
 5344,921
 5325,497
 5430,306
 5374,895
 5401,947
 5344,511
 5260,766
 5328,582
 5369,433
 5369,664
 5346,348
 5263,337
 5352,747
 5382,904
 5298,746
 5260,117
 5320,434
 5277,958
 5325,172
 5239,869
 5349,417
 5289,084
 5367,919
 5271,268
 5286,287
 5272,134
 5270,208
 5279,750
 5261,781
 5311,185
 5272,197
 5197,409
 5274,356
 5348,426
 5222,376
 5218,178
 5261,964
 5279,663
 5296,181
 5298,292
 5280,074
 5234,316
 5207,880
 5231,688
 5112,517
 5189,517
 5136,707
 5204,466
 5162,154
 5262,106
 5208,857
 5167,066
 5278,047
 5199,649
 5145,432
 5174,448
 5244,002
 5147,801
 5210,125
 5166,692
 5152,247
 5144,671
 5209,514
 5065,437
 5156,510
 5144,831
 5120,009
 5143,377
 5163,570
 5150,889
 5119,386
 5179,476
 5116,295
 5163,760
 5175,295
 5152,492
 5090,122
 5109,389
 5111,261
 5136,623
 5088,605
 5096,429
 5084,101
 5032,278
 5076,264
 5056,828
 5074,836
 5068,071
 5038,910
 5007,370
 5068,554
 5033,468
 5086,091
 5113,681
 5015,919
 5033,087
 5019,831
 5069,990
 5026,549
 5099,047
 5072,324
 5081,060
 5074,371
 4965,237
 4918,414
 5046,414
 5057,182
 5097,134
 4929,223
 4963,091
 4942,167
 5007,366
 4996,848
 4948,926
 4930,267
 5004,585
 5037,745
 5007,257
 4909,598
 4927,882
 4939,192
 4937,809
 4954,071
 4941,665
 4891,781
 4918,959
 4942,702
 4954,292
 4876,753
 4852,959
 4985,660
 4955,193
 4871,733
 4887,138
 4957,130
 4851,322
 4849,150
 4839,846
 4920,903
 4835,088
 4864,101
 4884,217
 4875,635
 4845,072
 4821,674
 4829,389
 4795,152
 4885,682
 4805,270
 4917,227
 4819,268
 4866,136
 4776,829
 4799,587
 4808,156
 4822,320
 4824,589
 4822,090
 4862,094
 4746,868
 4765,152
 4766,574
 4795,216
 4762,267
 4753,103
 4747,466
 4777,537
 4764,374
 4752,046
 4693,954
 4774,049
 4775,077
 4747,666
 4686,563
 4730,796
 4807,008
 4659,224
 4733,326
 4750,281
 4729,108
 4662,766
 4643,240
 4622,361
 4665,518
 4695,241
 4755,819
 4670,997
 4664,821
 4758,750
 4671,878
 4716,425
 4661,330
 4662,478
 4656,321
 4652,112
 4705,023
 4587,611
 4675,564
 4635,020
 4593,449
 4595,816
 4619,561
 4644,322
 4546,507
 4636,518
 4556,497
 4567,173
 4570,517
 4606,097
 4585,856
 4683,717
 4587,668
 4534,609
 4564,497
 4636,953
 4543,383
 4543,430
 4495,037
 4498,290
 4555,710
 4546,438
 4521,591
 4454,465
 4539,711
 4480,191
 4505,585
 4526,854
 4481,026
 4539,339
 4452,311
 4451,698
 4473,728
 4471,122
 4544,714
 4456,653
 4424,272
 4451,103
 4487,268
 4514,519
 4391,652
 4425,116
 4523,838
 4393,344
 4435,435
 4432,843
 4499,633
 4532,264
 4425,585
 4434,789
 4383,948
 4409,554
 4448,531
 4441,781
 4443,394
 4447,924
 4377,422
 4352,083
 4421,419
 4350,919
 4432,458
 4404,122
 4429,480
 4434,463
 4402,383
 4315,583
 4403,070
 4412,387




























































































































































































































































































































































































































































































































































































































































































































































































































































































































































































































































































































































































































































































































































































































































































































































































































































































































































































































































































































































































































































































































































































































































































































































































































































































































































































































































































































































































































































































































































































































































































































































































































































































































































































































































































































































































































































































































































































































































































































































































































































































































































































































































































































































































































































































































































































































































































































































































































































































































































































































































































































































































































































































































































































































































































































































































































































































































































































































































































































































































































































































































































































































































































































































































































































































































































































































































































































































































































































































































































































































































































































































































































































































































































































































































































































































































































































































































































































































































































































































































































































































































































































































































































































































































































































































































































































































































































































































































































































































































































































































































































































































































































































































































































































































































































































































































































































































































































































































































































































































































































































































































































































































































































































































































































































































































































































































































































































































































































































































































































































































































































































































































































































































































































































































































































































































































































































































































































































































































































































































































































































































































































































































































































































































































































































































































































































































































































































































































































































































































































































































































































































































































































































































































































































































































































































































































































































































































































































































































































































































































































































































































































































































































































































































































































































































































































































































































































































































































































































































































































































































































































































































































































































































































































































































































































































































































































































































































































































































































































































































































































































































































































































































































































































































































































































































































































































































































































































































































































































































































































































































































































































































































































































































































































































































































































































































































































































































































































































































































































































































































































































































































































































































































































































































































































































































































































































































































































































































































































































































































































































































































































































































































































































































































































































































































































































































































































































































































































































































































































































































































































































































































































































































































































































































































































































































































































































































































































































































































































































































































































































































































































































































































































































































































































































































































































































































































































































































































































































































































































































































































































































































































































































































































































































































































































































































































































































































































































































































































































































































































































































































































































































































































































































































































































































































































































































































































































































































































































































































































































































































































































































































































































































































































































































































































































































































































































































































































































































































































































































































































































































































































































































































































































































































































































































































































































































































































































































































































































































































































































































































































































































































































































































































































































































































































































































































































































































































































































































































































































































































































































































































































































































































































































































































































































































































































































































































































































































































































































































































































































































































































































































































































































































































































































































































































































































































































































































































































































































































































































































































































































































































































































































































































































































































































































































































































































































































































































































































































































































































































































































































































































































































































































































































































































































































































