 385,381
 370,519
 354,098
 369,539
 355,379
 330,774
 379,274
 353,481
 387,601
 356,465
 350,082
 398,188
 360,743
 368,964
 412,292
 344,475
 379,738
 386,461
 370,834
 355,034
 377,972
 385,914
 334,504
 335,252
 387,911
 374,314
 408,629
 354,259
 413,442
 364,013
 388,978
 360,296
 369,419
 359,637
 337,718
 364,421
 339,577
 354,242
 315,589
 351,233
 407,849
 367,273
 361,432
 384,193
 339,517
 400,314
 342,143
 325,266
 357,194
 391,730
 392,153
 302,484
 342,464
 420,301
 376,733
 391,607
 393,509
 397,728
 376,739
 339,232
 375,076
 328,063
 358,789
 341,264
 347,214
 364,027
 379,956
 364,214
 379,537
 348,876
 349,294
 377,119
 375,972
 432,612
 357,184
 382,701
 359,413
 384,210
 354,457
 360,841
 381,739
 329,849
 388,195
 368,780
 332,784
 353,251
 378,820
 356,898
 348,179
 376,263
 400,744
 373,696
 363,659
 372,076
 368,853
 370,206
 374,224
 340,476
 359,725
 388,896
 341,072
 376,366
 358,716
 344,021
 373,554
 376,435
 374,365
 368,743
 366,704
 381,365
 339,054
 377,557
 367,527
 381,920
 353,955
 379,164
 378,466
 359,199
 362,926
 320,917
 375,532
 361,163
 321,501
 393,928
 349,051
 363,697
 382,876
 339,869
 323,721
 370,089
 376,265
 377,675
 361,506
 341,276
 374,542
 319,781
 310,586
 335,960
 361,440
 356,223
 337,803
 389,577
 354,094
 351,628
 376,851
 340,796
 345,682
 365,631
 347,625
 339,255
 312,977
 330,859
 314,366
 326,614
 322,099
 365,777
 338,556
 360,344
 359,664
 376,960
 317,815
 343,486
 355,835
 335,477
 356,273
 352,039
 353,519
 322,764
 336,456
 347,774
 341,120
 318,250
 308,291
 310,401
 351,394
 354,360
 365,367
 332,887
 307,315
 353,072
 312,428
 362,924
 338,047
 352,597
 332,184
 342,910
 332,778
 337,750
 346,783
 358,409
 345,474
 349,725
 332,970
 302,859
 317,615
 323,135
 362,170
 328,125
 343,086
 345,949
 353,585
 354,861
 300,802
 311,045
 338,550
 349,818
 330,719
 313,029
 340,482
 347,132
 302,903
 324,536
 303,967
 330,931
 360,035
 300,377
 300,087
 293,645
 334,721
 328,911
 317,937
 341,238
 302,545
 326,901
 331,986
 307,372
 315,034
 314,051
 270,388
 347,500
 317,236
 297,036
 309,449
 339,983
 313,660
 306,227
 307,412
 303,981
 326,265
 309,535
 327,061
 313,361
 299,748
 296,600
 307,108
 332,042
 290,835
 309,322
 288,895
 315,795
 265,461
 283,933
 281,739
 281,104
 280,513
 309,432
 297,258
 298,965
 270,265
 304,307
 274,857
 300,299
 333,812
 303,863
 319,696
 291,284
 314,846
 288,378
 292,679
 289,017
 272,191
 257,168
 320,047
 272,578
 314,371
 284,932
 293,344
 310,890
 245,950
 278,019
 272,817
 279,525
 277,941
 279,599
 294,808
 287,572
 295,970
 286,227
 278,384
 284,447
 266,527
 320,157
 257,690
 255,548
 289,745
 281,345
 290,139
 255,480
 276,458
 271,020
 294,930
 282,423
 258,937
 290,918
 268,217
 265,725
 296,677
 260,436
 261,526
 275,155
 256,951
 241,338
 277,283
 288,718
 259,552
 248,770
 272,620
 248,812
 259,951
 267,161
 276,230
 290,698
 286,239
 256,128
 281,410
 252,660
 282,315
 287,159
 301,494
 262,635
 293,399
 266,357
 277,538
 264,971
 245,697
 265,471
 258,923
 274,487
 270,567
 262,854
 270,169
 277,821
 271,148
 288,612
 273,253
 260,789
 272,253
 261,277
 263,398
 269,119
 249,227
 257,536
 255,844
 281,875
 262,722
 262,437
 291,034
 264,856
 241,218
 233,947
 277,383
 252,756
 233,094
 269,593
 267,696
 267,783
 273,657
 265,358
 280,757
 234,051
 260,072
 295,159
 244,514
 236,415
 239,763
 235,531
 255,720
 207,993
 247,128
 264,355
 276,033
 235,663
 264,213
 265,265
 256,902
 264,165
 248,207
 229,608
 255,140
 249,294
 252,858
 265,998
 273,079
 246,118
 237,328
 257,305
 246,667
 234,758
 273,129
 246,454
 222,275
 255,820
 271,888
 262,366
 236,377
 253,782
 281,388
 233,141
 233,423
 241,424
 212,824
 226,138
 229,015
 249,660
 257,206
 267,816
 272,860
 243,032
 252,110
 270,712
 245,923
 251,992
 254,204
 227,918
 243,004
 266,471
 238,763
 241,110
 242,979
 278,739
 245,785
 243,478
 242,425
 229,119
 221,797
 245,822
 258,469
 237,741
 228,449
 236,038
 232,628
 246,819
 273,481
 242,314
 251,099
 227,191
 281,778
 255,419
 247,559
 234,218
 248,288
 211,502
 239,966
 242,053
 252,601
 227,693
 235,780
 252,569
 232,193
 229,586
 218,467
 236,414
 203,634
 208,738
 232,001
 254,969
 211,027
 238,236
 252,747
 240,456
 239,137
 243,797
 252,692
 266,140
 262,625
 250,547
 224,159
 223,093
 233,453
 217,468
 243,267
 247,721
 261,828
 278,019
 246,489
 256,310
 270,558
 261,147
 229,478
 257,523
 244,770
 244,741
 266,326
 235,854
 234,436
 266,940
 245,459
 238,231
 241,673
 237,936
 244,621
 248,399
 214,983
 256,766
 225,045
 266,914
 222,620
 255,187
 269,512
 227,537
 230,758
 220,630
 227,150
 242,389
 249,709
 242,746
 247,415
 229,690
 215,564
 253,009
 252,965
 254,618
 259,558
 280,761
 231,513
 249,507
 243,482
 231,629
 255,977
 240,342
 224,094
 211,181
 244,942
 242,298
 261,810
 269,492
 237,892
 222,545
 227,478
 243,502
 223,353
 270,768
 234,414
 276,782
 232,358
 228,698
 228,239
 253,854
 212,647
 252,598
 227,535
 274,157
 226,829
 286,934
 272,705
 231,197
 261,694
 276,906
 177,982
 250,888
 237,535
 241,151
 281,385
 243,933
 250,121
 230,883
 243,140
 229,618
 203,292
 250,580
 245,619
 221,808
 255,343
 267,551
 247,103
 243,506
 234,788
 236,734
 247,336
 256,200
 279,788
 298,215
 242,038
 252,543
 244,134
 241,710
 252,265
 236,344
 269,818
 241,424
 207,233
 257,692
 238,633
 247,844
 270,759
 253,790
 240,584
 229,807
 262,330
 254,980
 238,305
 238,035
 226,298
 272,457
 230,494
 244,626
 248,879
 258,882
 262,020
 270,501
 275,503
 262,177
 249,580
 265,448
 224,911
 270,470
 245,007
 226,030
 261,510
 240,878
 258,111
 245,101
 242,901
 245,820
 234,992
 238,154
 254,622
 243,152
 233,910
 265,988
 237,192
 246,042
 232,623
 260,316
 208,657
 254,930
 220,154
 255,891
 256,320
 260,653
 234,508
 243,836
 270,817
 220,015
 278,366
 245,966
 215,505
 240,124
 238,094
 280,986
 237,060
 220,894
 229,695
 258,911
 251,551
 251,996
 255,128
 257,262
 237,161
 241,459
 279,297
 273,456
 239,857
 260,078
 261,043
 210,215
 238,664
 259,820
 268,741
 254,619
 252,387
 208,620
 253,368
 290,540
 249,268
 249,754
 248,236
 231,293
 286,547
 272,824
 234,602
 288,382
 253,110
 281,782
 234,358
 269,637
 264,007
 220,299
 257,447
 248,791
 238,462
 256,395
 257,034
 241,469
 263,689
 267,923
 257,490
 265,267
 251,753
 262,637
 234,884
 285,491
 260,252
 273,211
 239,480
 206,472
 266,523
 274,197
 261,472
 210,935
 242,824
 258,045
 281,820
 267,702
 289,715
 262,496
 243,322
 269,297
 234,996
 245,531
 278,402
 279,811
 256,193
 256,048
 231,193
 283,111
 225,532
 279,771
 264,970
 277,838
 265,824
 255,939
 259,020
 278,830
 285,816
 269,093
 238,382
 244,833
 270,207
 234,318
 247,232
 238,141
 243,142
 242,765
 281,394
 287,695
 274,697
 269,372
 297,307
 266,758
 261,025
 260,524
 271,536
 236,054
 260,311
 259,320
 273,993
 249,893
 237,615
 213,315
 266,392
 283,575
 251,318
 276,354
 262,841
 261,892
 274,970
 222,221
 264,522
 259,220
 267,563
 267,232
 253,279
 274,896
 240,558
 292,172
 308,295
 293,056
 266,038
 286,171
 253,599
 278,800
 265,045
 251,166
 227,344
 266,661
 260,236
 245,947
 263,971
 271,311
 261,098
 263,108
 278,737
 267,392
 250,874
 285,207
 280,283
 265,375
 257,159
 287,730
 264,819
 266,997
 287,038
 266,885
 242,094
 289,105
 268,894
 265,180
 271,463
 264,790
 269,751
 301,613
 283,015
 262,258
 290,413
 254,107
 256,390
 276,302
 265,503
 253,841
 263,878
 257,926
 272,790
 293,916
 261,368
 283,333
 268,208
 253,833
 234,920
 242,316
 271,567
 268,432
 272,784
 260,811
 274,438
 309,584
 320,589
 264,387
 259,228
 317,091
 278,305
 297,432
 261,773
 310,915
 301,001
 299,569
 312,990
 307,155
 262,091
 285,835
 300,287
 278,323
 265,135
 291,541
 268,171
 269,072
 314,060
 306,428
 308,852
 270,245
 245,855
 317,688
 305,140
 305,859
 274,570
 254,555
 298,082
 272,665
 292,856
 286,990
 318,172
 321,013
 282,905
 289,376
 292,732
 247,120
 289,071
 286,579
 273,789
 302,257
 308,919
 293,310
 271,220
 287,801
 281,774
 296,466
 321,019
 317,136
 294,012
 282,347
 261,687
 295,006
 280,216
 283,617
 296,107
 291,523
 321,987
 321,779
 269,189
 305,694
 308,805
 329,110
 296,560
 306,428
 299,752
 314,572
 319,841
 323,936
 303,922
 345,662
 334,214
 299,450
 287,943
 288,052
 303,952
 280,242
 293,088
 315,126
 328,596
 324,229
 324,993
 295,446
 296,283
 276,457
 303,031
 321,550
 273,155
 328,232
 311,988
 313,106
 306,894
 289,646
 303,440
 308,472
 302,362
 329,931
 325,536
 319,973
 329,971
 311,352
 341,366
 344,189
 289,983
 312,374
 298,880
 302,509
 289,183
 318,796
 232,887
 309,185
 318,070
 295,200
 347,452
 330,059
 304,060
 325,298
 312,781
 352,255
 315,549
 287,621
 320,590
 309,982
 302,087
 295,598
 314,297
 330,437
 332,799
 319,315
 344,973
 333,676
 320,356
 349,589
 325,342
 342,826
 324,990
 335,556
 349,454
 376,744
 339,678
 342,028
 349,548
 379,892
 329,460
 329,105
 324,715
 364,523
 335,307
 343,948
 357,377
 324,366
 292,215
 336,521
 329,364
 349,491
 337,925
 356,009
 303,933
 357,110
 352,910
 374,340
 318,557
 336,968
 324,305
 352,262
 332,236
 369,244
 341,413
 386,190
 331,741
 363,816
 388,464
 342,155
 360,412
 390,113
 340,443
 351,761
 347,771
 357,576
 350,562
 369,985
 369,684
 385,619
 383,666
 397,474
 367,707
 378,423
 399,917
 380,689
 346,667
 320,201
 373,813
 382,315
 366,333
 378,311
 402,470
 373,813
 377,706
 365,552
 397,865
 359,444
 395,098
 374,354
 378,623
 375,159
 381,712
 389,866
 408,875
 400,085
 416,097
 417,287
 399,676
 388,102
 392,277
 378,814
 372,783
 409,532
 403,963
 359,446
 382,859
 395,434
 397,552
 401,557
 423,326
 357,306
 368,104
 425,109
 385,271
 432,668
 420,515
 400,224
 446,020
 414,124
 395,829
 399,190
 407,273
 402,344
 417,178
 389,936
 423,489
 433,448
 398,476
 436,965
 427,473
 407,972
 393,827
 448,958
 397,137
 402,141
 428,476
 453,719
 386,206
 426,845
 442,109
 439,069
 418,261
 431,757
 463,715
 423,746
 416,727
 453,093
 450,981
 457,954
 465,492
 459,111
 448,305
 497,969
 436,793
 436,712
 450,739
 462,846
 468,795
 471,175
 437,637
 474,816
 472,118
 446,291
 493,108
 466,780
 448,137
 495,270
 503,322
 496,225
 504,075
 493,283
 499,464
 477,540
 493,048
 483,170
 482,822
 482,330
 510,819
 518,672
 463,044
 476,419
 496,605
 507,795
 536,142
 559,773
 532,757
 541,824
 537,475
 508,831
 564,975
 563,152
 554,699
 532,794
 572,128
 517,498
 557,672
 548,114
 550,702
 589,356
 570,592
 553,765
 529,382
 569,564
 571,783
 567,202
 568,724
 571,722
 592,471
 595,884
 580,342
 569,054
 570,696
 583,229
 582,568
 623,157
 612,530
 601,731
 682,546
 654,576
 585,183
 641,591
 614,793
 619,288
 652,321
 639,512
 651,472
 629,361
 675,775
 648,774
 646,842
 635,994
 695,957
 661,877
 647,383
 671,198
 618,056
 674,779
 688,912
 703,713
 687,870
 727,744
 697,323
 731,660
 705,883
 683,884
 688,923
 687,018
 692,358
 708,342
 711,600
 765,512
 712,354
 755,422
 708,662
 715,273
 731,606
 729,155
 774,769
 778,950
 730,713
 735,136
 727,877
 777,144
 800,348
 738,791
 776,248
 781,585
 829,783
 802,117
 812,954
 819,004
 788,307
 767,398
 814,174
 845,281
 832,930
 788,548
 863,144
 832,200
 812,881
 830,888
 860,469
 835,502
 814,399
 834,471
 891,940
 873,930
 842,207
 852,327
 858,109
 890,764
 890,572
 909,633
 886,057
 905,443
 902,818
 888,882
 931,594
 903,206
 927,635
 915,854
 897,327
 921,835
 942,522
 931,968
 957,170
 956,705
 913,534
 965,236
 1004,166
 998,917
 956,930
 945,438
 966,013
 949,158
 921,796
 959,695
 973,652
 973,786
 971,259
 998,773
 953,816
 964,351
 963,845
 945,946
 976,270
 1014,876
 1022,917
 999,440
 1012,172
 1022,208
 998,599
 925,080
 995,633
 990,708
 996,399
 1037,556
 1055,583
 1032,754
 1055,186
 1065,876
 1012,382
 1043,086
 1003,137
 1021,125
 1091,424
 1043,612
 1009,496
 1075,853
 1016,084
 1045,871
 1054,509
 1079,081
 1126,262
 1054,294
 1064,544
 1045,988
 1052,833
 1065,231
 1074,447
 1108,191
 1060,785
 1095,536
 1126,449
 1084,536
 1094,282
 1103,992
 1103,320
 1100,612
 1097,602
 1098,629
 1093,695
 1178,584
 1112,052
 1100,680
 1204,374
 1149,918
 1116,028
 1133,833
 1129,896
 1156,405
 1166,666
 1113,727
 1132,835
 1130,885
 1162,913
 1148,362
 1136,751
 1125,776
 1140,557
 1159,543
 1134,315
 1195,217
 1119,968
 1123,134
 1165,780
 1135,403
 1140,606
 1095,655
 1162,417
 1177,087
 1145,505
 1168,100
 1139,725
 1122,625
 1189,431
 1126,928
 1121,599
 1218,441
 1200,141
 1192,237
 1147,415
 1156,230
 1166,976
 1188,499
 1187,549
 1145,870
 1162,735
 1178,832
 1165,557
 1142,228
 1149,960
 1146,713
 1174,128
 1133,246
 1156,811
 1201,320
 1173,227
 1142,866
 1168,682
 1143,492
 1170,154
 1159,364
 1150,715
 1133,242
 1174,948
 1158,210
 1177,973
 1146,609
 1223,518
 1173,400
 1172,169
 1158,038
 1184,761
 1158,585
 1177,378
 1188,854
 1130,306
 1150,461
 1160,658
 1207,811
 1181,477
 1125,561
 1164,135
 1163,079
 1190,103
 1176,425
 1168,822
 1155,555
 1172,548
 1161,787
 1191,617
 1159,451
 1154,549
 1220,698
 1154,072
 1141,550
 1167,063
 1170,778
 1190,778
 1184,386
 1135,515
 1156,072
 1182,911
 1167,422
 1161,704
 1130,395
 1165,480
 1143,581
 1206,043
 1179,370
 1148,444
 1181,822
 1156,438
 1161,991
 1157,856
 1139,322
 1108,958
 1152,421
 1145,886
 1141,801
 1148,057
 1170,990
 1165,366
 1146,827
 1144,584
 1095,465
 1133,986
 1144,338
 1149,715
 1200,917
 1154,458
 1129,408
 1132,493
 1096,245
 1124,997
 1101,906
 1118,960
 1141,374
 1153,278
 1146,073
 1121,727
 1130,541
 1105,014
 1086,001
 1137,192
 1115,443
 1132,531
 1121,602
 1133,884
 1106,508
 1085,207
 1139,375
 1137,792
 1093,341
 1128,561
 1136,561
 1159,757
 1113,427
 1081,127
 1095,237
 1139,946
 1140,856
 1124,189
 1106,676
 1147,310
 1119,405
 1108,206
 1116,345
 1111,716
 1103,619
 1115,972
 1042,784
 1087,006
 1089,521
 1068,501
 1117,595
 1073,184
 1065,093
 1083,048
 1096,250
 1105,742
 1080,929
 1097,117
 1118,057
 1048,937
 1064,697
 1059,762
 1106,202
 1062,847
 1037,382
 1108,152
 1101,097
 1069,411
 1099,965
 1099,133
 1082,676
 1060,998
 1049,913
 1108,207
 1081,040
 1071,085
 1029,911
 1070,097
 1031,221
 1084,511
 1056,718
 1043,204
 1064,613
 1021,681
 1073,229
 1072,072
 1054,611
 1082,170
 1087,384
 1076,886
 1038,554
 1052,201
 1018,837
 1000,230
 1030,816
 1076,785
 1026,208
 1049,494
 1002,526
 1059,979
 1023,702
 1063,452
 1034,426
 1067,505
 1026,582
 994,868
 999,936
 988,283
 1038,090
 1026,187
 1069,559
 1044,709
 973,398
 1012,371
 977,047
 1023,924
 1049,398
 980,405
 1054,351
 1031,524
 1044,878
 1026,913
 1050,349
 996,869
 1007,357
 987,530
 1053,205
 1020,347
 968,167
 1000,441
 995,397
 1028,237
 983,823
 978,009
 992,678
 968,245
 1022,250
 1000,648
 979,639
 973,527
 999,870
 998,810
 969,896
 985,514
 1000,909
 1020,458
 1016,306
 978,208
 995,743
 997,021
 979,593
 967,178
 999,043
 999,313
 1001,962
 965,822
 1004,375
 974,869
 969,881
 981,043
 947,517
 959,708
 1014,732
 978,590
 995,886
 963,797
 995,295
 977,613
 991,164
 963,816
 923,878
 951,732
 939,847
 927,655
 988,924
 931,981
 948,056
 947,348
 966,887
 967,663
 947,710
 931,895
 907,837
 948,016
 983,455
 935,668
 948,564
 999,477
 947,500
 912,808
 929,738
 940,172
 977,165
 918,220
 937,649
 916,953
 946,896
 922,791
 982,619
 967,579
 927,326
 927,678
 922,099
 915,166
 939,597
 925,189
 939,837
 945,468
 946,197
 891,002
 893,887
 915,484
 894,143
 879,164
 895,186
 881,866
 909,095
 911,082
 891,755
 877,613
 923,424
 881,477
 879,202
 890,521
 926,489
 890,921
 884,988
 904,348
 916,909
 910,930
 909,066
 844,800
 908,058
 916,443
 859,326
 899,899
 901,564
 919,159
 873,535
 872,261
 880,554
 839,853
 870,723
 874,055
 862,599
 851,562
 878,494
 927,931
 890,961
 882,460
 837,632
 751,335
 893,589
 881,584
 877,181
 820,729
 881,137
 878,978
 844,531
 857,858
 846,494
 822,469
 863,905
 874,777
 871,461
 865,380
 836,785
 821,371
 881,675
 858,541
 815,162
 875,628
 856,332
 839,345
 831,291
 856,301
 850,321
 898,547
 875,102
 801,456
 835,347
 832,644
 835,651
 852,038
 835,547
 855,763
 826,344
 820,529
 812,548
 874,833
 841,759
 868,672
 832,392
 813,057
 870,076
 809,910
 831,415
 830,241
 812,384
 782,937
 845,721
 877,500
 812,947
 825,586
 835,931
 809,479
 817,809
 831,326
 817,320
 813,884
 838,480
 874,951
 802,405
 826,666
 848,778
 797,009
 807,807
 793,865
 793,346
 797,322
 833,821
 815,061
 807,123
 804,036
 773,598
 836,747
 787,902
 790,707
 808,523
 770,139
 798,643
 850,412
 806,408
 801,984
 786,175
 793,327
 794,288
 797,069
 822,314
 773,561
 817,857
 779,203
 760,571
 757,612
 793,272
 810,436
 794,989
 769,803
 781,067
 762,803
 782,009
 790,124
 766,712
 776,247
 776,192
 794,561
 810,027
 777,486
 762,917
 781,490
 760,990
 771,573
 776,695
 746,218
 783,006
 764,528
 775,827
 752,084
 774,091
 742,266
 775,248
 799,806
 774,457
 743,273
 803,785
 719,503
 752,292
 744,166
 790,214
 751,450
 758,823
 745,480
 772,590
 734,743
 757,084
 759,944
 739,096
 768,357
 738,954
 747,837
 804,588
 790,051
 734,684
 781,990
 725,264
 776,240
 729,216
 762,466
 741,806
 725,368
 722,295
 756,474
 699,853
 749,365
 738,416
 776,615
 731,754
 727,191
 712,561
 744,173
 735,714
 780,845
 719,999
 706,178
 729,623
 695,618
 691,174
 722,472
 750,719
 730,052
 728,291
 765,591
 739,949
 743,926
 685,299
 685,969
 701,262
 715,115
 702,567
 689,075
 714,463
 702,960
 687,046
 704,968
 703,995
 714,393
 697,085
 665,013
 717,751
 721,842
 664,651
 694,553
 709,361
 709,677
 689,583
 771,476
 702,349
 681,614
 724,481
 755,596
 671,589
 661,064
 665,433
 648,019
 711,120
 662,396
 709,104
 727,851
 685,392
 715,550
 685,165
 713,055
 703,164
 671,741
 665,034
 683,356
 714,287
 706,724
 705,329
 705,469
 715,000
 695,629
 663,034
 702,546
 672,622
 701,582
 727,536
 706,879
 681,820
 697,751
 674,312
 707,004
 667,433
 675,839
 729,346
 671,462
 660,416
 649,608
 722,259
 713,337
 718,290
 670,686
 695,568
 693,309
 671,954
 642,041
 668,385
 718,020
 724,784
 703,784
 668,355
 679,313
 644,123
 674,808
 671,020
 670,154
 667,533
 690,915
 655,528
 640,173
 693,436
 695,477
 671,519
 690,265
 661,985
 658,644
 703,844
 691,500
 671,537
 691,543
 693,636
 661,549
 649,597
 666,725
 643,415
 673,177
 666,677
 648,932
 650,791
 658,383
 689,119
 659,462
 696,264
 645,896
 670,090
 648,557
 639,075
 627,720
 661,580
 661,666
 703,164
 670,549
 704,464
 662,015
 676,138
 644,871
 654,970
 707,725
 667,976
 687,051
 666,558
 662,980
 658,139
 684,947
 643,860
 648,219
 673,626
 651,109
 717,345
 631,383
 713,750
 651,641
 660,661
 676,352
 693,032
 687,549
 662,301
 664,977
 672,926
 693,506
 644,281
 664,239
 667,409
 632,876
 665,180
 636,820
 634,603
 699,040
 641,793
 677,881
 697,524
 660,846
 627,668
 647,967
 675,401
 665,230
 666,211
 657,511
 655,483
 657,925
 668,212
 669,547
 651,655
 642,651
 658,413
 653,014
 658,779
 647,930
 643,311
 681,307
 616,805
 645,246
 678,630
 626,287
 656,475
 655,219
 634,918
 615,120
 657,241
 678,688
 693,761
 630,633
 649,800
 645,220
 687,273
 657,475
 660,865
 630,051
 646,171
 641,484
 651,467
 672,265
 637,036
 639,178
 687,808
 658,963
 673,051
 621,886
 655,135
 663,309
 648,654
 619,739
 625,083
 654,272
 674,295
 626,270
 622,819
 653,684
 660,982
 634,616
 693,785
 665,744
 680,019
 656,281
 632,680
 615,378
 612,317
 623,034
 676,525
 625,135
 624,953
 689,136
 625,377
 687,221
 625,711
 691,713
 662,702
 621,111
 639,093
 627,503
 646,185
 634,646
 669,304
 665,486
 655,983
 629,533
 678,544
 666,126
 676,739
 646,505
 689,202
 608,897
 667,125
 669,942
 614,977
 652,890
 647,955
 678,618
 646,870
 671,271
 660,377
 630,024
 663,945
 635,261
 633,544
 666,794
 653,016
 667,828
 616,811
 623,147
 651,907
 672,559
 656,934
 696,824
 631,668
 664,159
 647,460
 650,531
 600,666
 621,130
 676,398
 629,768
 626,467
 653,729
 604,383
 625,384
 651,818
 661,189
 642,577
 623,994
 642,972
 650,519
 646,585
 662,999
 647,950
 635,499
 672,286
 705,118
 664,781
 618,561
 663,674
 655,962
 664,589
 677,693
 682,076
 634,062
 679,556
 649,098
 613,481
 681,944
 636,953
 636,899
 691,286
 640,179
 688,044
 691,179
 669,393
 673,623
 683,927
 644,073
 663,932
 676,407
 662,393
 651,326
 684,632
 669,411
 642,833
 656,964
 696,227
 641,652
 660,336
 641,348
 689,390
 655,577
 643,233
 634,983
 650,253
 673,012
 637,155
 624,152
 643,919
 633,981
 657,786
 681,141
 613,492
 631,580
 668,915
 639,070
 671,866
 670,441
 664,593
 653,872
 688,214
 666,745
 677,180
 677,174
 683,105
 636,618
 660,882
 634,275
 650,401
 670,416
 707,390
 661,416
 671,427
 661,520
 681,859
 639,839
 639,219
 650,505
 638,991
 667,255
 664,633
 681,451
 734,131
 708,069
 689,733
 650,535
 663,029
 646,087
 650,852
 683,159
 674,982
 644,198
 698,917
 670,038
 695,535
 672,159
 672,700
 686,248
 705,330
 648,386
 678,501
 696,066
 674,867
 716,124
 680,247
 667,303
 671,079
 703,914
 673,837
 697,857
 677,773
 673,252
 664,879
 651,486
 697,525
 705,625
 711,628
 644,862
 671,463
 687,244
 646,595
 667,629
 647,100
 673,441
 664,941
 679,303
 661,438
 660,301
 610,184
 626,896
 685,970
 658,045
 707,542
 661,905
 681,310
 679,910
 680,965
 672,730
 662,345
 696,589
 701,410
 710,766
 693,228
 700,108
 678,990
 720,268
 662,729
 678,227
 690,359
 679,706
 680,645
 686,549
 707,031
 682,161
 688,582
 635,360
 633,456
 703,631
 671,184
 679,115
 682,673
 715,745
 681,237
 713,396
 671,140
 692,343
 676,739
 676,799
 689,463
 648,757
 690,008
 665,446
 685,643
 690,589
 650,749
 665,790
 647,787
 679,337
 700,099
 678,269
 691,838
 676,339
 693,084
 673,281
 685,013
 681,705
 719,245
 699,120
 660,002
 701,107
 679,843
 672,591
 675,979
 681,182
 680,825
 632,996
 662,869
 724,013
 707,300
 687,675
 676,311
 688,806
 691,181
 687,559
 710,502
 687,205
 693,107
 664,376
 668,903
 657,863
 690,440
 654,720
 698,009
 670,710
 690,266
 654,972
 661,979
 699,052
 694,889
 680,469
 700,114
 662,761
 649,527
 669,460
 681,654
 693,448
 713,176
 716,109
 681,511
 723,967
 675,508
 653,835
 683,566
 689,397
 689,159
 720,084
 636,280
 693,944
 712,850
 689,533
 688,623
 693,246
 701,379
 687,112
 685,941
 676,104
 702,741
 675,563
 713,193
 702,186
 666,598
 698,602
 714,185
 668,782
 696,567
 678,198
 697,488
 675,359
 698,273
 647,404
 659,484
 680,880
 709,668
 698,849
 671,984
 674,655
 652,991
 665,281
 694,731
 675,705
 688,844
 712,300
 626,090
 667,937
 659,273
 664,136
 709,457
 694,120
 685,395
 556,323
 638,752
 708,807
 666,191
 648,919
 668,048
 657,662
 655,185
 712,988
 717,910
 689,839
 718,918
 695,796
 664,827
 658,585
 703,768
 694,790
 683,994
 711,248
 675,793
 691,720
 693,526
 722,470
 698,800
 704,459
 675,656
 675,117
 661,681
 714,770
 700,833
 677,798
 723,036
 678,851
 706,306
 675,685
 733,784
 722,793
 685,512
 746,726
 754,977
 726,687
 737,838
 725,561
 733,020
 695,405
 697,063
 714,796
 700,305
 718,956
 698,765
 723,777
 726,228
 741,801
 765,410
 744,997
 714,042
 778,949
 750,693
 729,602
 740,588
 763,065
 722,028
 762,529
 725,099
 746,463
 752,291
 774,366
 773,141
 758,201
 753,055
 743,315
 770,168
 765,607
 767,053
 763,184
 751,627
 783,415
 776,736
 760,595
 785,468
 716,249
 774,420
 774,812
 760,292
 747,914
 794,515
 787,627
 734,908
 797,744
 803,580
 773,972
 776,371
 765,831
 771,199
 771,237
 741,686
 767,649
 777,356
 763,006
 777,284
 756,072
 779,924
 755,175
 752,086
 783,240
 745,348
 800,830
 813,380
 773,988
 723,022
 773,075
 731,016
 713,624
 771,855
 751,796
 763,931
 769,827
 803,295
 804,157
 755,960
 764,775
 722,860
 738,095
 788,044
 747,877
 733,736
 752,431
 736,601
 752,520
 771,767
 761,640
 747,370
 805,052
 702,681
 775,424
 733,081
 738,174
 740,394
 736,355
 744,266
 771,531
 762,306
 777,165
 794,624
 741,898
 770,314
 757,935
 749,716
 767,864
 727,156
 727,727
 754,817
 747,854
 749,634
 743,877
 774,787
 777,873
 727,962
 752,374
 786,959
 720,883
 761,718
 729,009
 727,936
 788,016
 745,101
 745,111
 730,487
 709,016
 701,937
 755,008
 734,925
 705,672
 727,736
 723,126
 781,283
 704,238
 683,387
 729,052
 705,078
 732,024
 728,552
 753,037
 725,278
 732,889
 766,145
 736,960
 759,983
 693,565
 709,313
 791,137
 724,634
 713,434
 727,756
 726,392
 693,753
 715,946
 705,667
 753,663
 676,939
 687,314
 729,070
 727,197
 699,737
 725,777
 729,208
 738,791
 731,922
 734,272
 720,603
 700,879
 743,767
 728,810
 706,141
 715,486
 692,367
 730,555
 721,626
 717,953
 712,717
 735,843
 699,606
 711,503
 673,801
 724,817
 708,049
 721,400
 733,012
 744,713
 716,659
 727,376
 717,358
 685,125
 705,383
 742,382
 682,268
 698,961
 679,757
 690,271
 697,642
 727,288
 713,934
 743,988
 704,598
 719,897
 743,029
 733,358
 755,551
 722,237
 681,962
 672,331
 700,651
 746,383
 724,048
 728,146
 690,752
 728,985
 753,454
 682,074
 733,411
 747,596
 737,546
 711,777
 731,414
 749,662
 735,331
 714,888
 714,107
 725,248
 701,871
 737,840
 721,916
 723,173
 739,547
 739,191
 715,776
 731,355
 699,531
 731,501
 746,193
 719,787
 718,628
 730,279
 732,122
 692,204
 747,067
 728,177
 709,873
 740,995
 705,012
 714,589
 734,581
 744,002
 712,002
 770,018
 726,220
 732,427
 768,896
 722,518
 739,316
 764,628
 714,903
 729,821
 699,444
 710,419
 717,456
 768,422
 721,808
 748,980
 708,643
 720,442
 728,653
 728,102
 732,114
 746,070
 749,312
 702,591
 748,684
 687,012
 730,067
 732,329
 729,470
 765,740
 723,864
 749,331
 770,275
 756,773
 753,870
 696,058
 749,072
 732,705
 707,676
 734,670
 723,948
 726,361
 749,004
 744,268
 747,526
 742,056
 751,969
 754,352
 750,130
 759,352
 753,201
 750,467
 715,210
 734,247
 756,224
 690,195
 738,315
 718,038
 714,375
 770,934
 762,648
 768,000
 717,383
 824,942
 717,800
 804,864
 772,640
 745,165
 743,332
 753,348
 777,656
 732,441
 741,544
 716,096
 736,695
 755,978
 723,694
 756,316
 744,461
 827,941
 762,045
 735,821
 728,923
 738,386
 716,470
 756,203
 730,191
 737,878
 765,901
 744,426
 713,036
 707,580
 758,695
 752,294
 713,620
 737,289
 763,113
 718,012
 738,066
 742,130
 750,844
 738,421
 728,124
 756,467
 746,546
 743,470
 743,324
 749,390
 756,447
 738,499
 771,671
 774,393
 767,206
 764,894
 728,808
 750,812
 786,105
 701,644
 747,367
 684,136
 747,782
 762,264
 725,354
 737,548
 783,625
 794,160
 736,183
 741,307
 725,264
 775,113
 742,909
 701,097
 751,796
 739,390
 742,199
 729,906
 772,258
 706,200
 720,202
 747,634
 742,759
 763,016
 719,107
 755,311
 740,398
 769,175
 749,936
 735,472
 769,501
 748,612
 781,734
 767,853
 765,130
 781,951
 735,631
 798,936
 750,660
 773,801
 758,719
 799,754
 733,298
 728,274
 770,723
 716,478
 772,069
 740,486
 781,503
 781,834
 778,689
 730,433
 689,382
 785,521
 764,682
 762,846
 787,804
 752,978
 754,861
 785,958
 754,580
 810,774
 751,663
 817,223
 787,342
 783,164
 774,815
 773,506
 766,408
 787,273
 760,834
 774,749
 819,470
 766,329
 768,413
 757,454
 765,497
 767,852
 746,217
 754,704
 749,018
 741,753
 745,020
 807,204
 752,570
 762,202
 783,549
 814,151
 785,316
 736,152
 738,807
 751,679
 743,718
 737,860
 786,490
 785,492
 809,057
 756,118
 783,893
 748,676
 770,323
 782,972
 770,782
 785,716
 772,299
 760,741
 767,415
 732,607
 745,688
 772,741
 769,474
 771,197
 770,377
 800,368
 767,728
 805,939
 750,389
 806,065
 797,399
 780,134
 753,903
 785,770
 806,544
 793,571
 786,771
 745,518
 759,073
 778,904
 779,593
 781,075
 758,251
 793,364
 791,148
 743,493
 757,228
 753,085
 805,342
 701,970
 792,524
 726,260
 724,371
 797,783
 796,287
 751,164
 799,119
 775,152
 773,414
 753,868
 793,582
 765,648
 781,593
 798,571
 745,730
 778,882
 786,765
 756,119
 753,875
 777,749
 739,408
 724,475
 742,102
 760,211
 757,764
 751,555
 762,342
 808,030
 754,339
 777,017
 765,945
 737,805
 740,289
 801,010
 733,872
 773,735
 782,879
 760,394
 779,036
 778,225
 762,295
 725,143
 724,410
 789,369
 764,405
 778,214
 761,288
 759,351
 770,246
 742,396
 798,393
 763,332
 813,723
 748,513
 761,861
 766,185
 772,379
 738,711
 807,948
 734,246
 772,828
 799,055
 737,741
 804,316
 772,596
 777,328
 763,080
 746,261
 767,104
 773,424
 789,804
 763,097
 778,096
 788,473
 725,091
 795,909
 758,605
 763,674
 734,021
 755,142
 766,895
 759,421
 765,667
 808,117
 758,323
 783,558
 773,236
 776,011
 797,407
 744,410
 781,017
 777,123
 732,403
 752,340
 749,997
 790,150
 793,460
 740,987
 789,001
 730,423
 775,310
 785,903
 772,120
 765,330
 793,544
 789,143
 781,616
 773,436
 784,741
 769,212
 760,200
 754,355
 776,229
 758,230
 788,173
 732,183
 773,239
 786,083
 772,361
 772,395
 750,212
 789,592
 748,387
 772,024
 798,417
 807,135
 792,386
 788,593
 795,408
 792,468
 742,176
 792,708
 789,063
 774,974
 806,181
 767,984
 728,558
 756,855
 768,177
 757,801
 802,422
 793,919
 733,107
 771,272
 782,859
 799,339
 749,744
 747,206
 761,715
 750,409
 797,229
 777,338
 762,075
 745,277
 787,439
 729,604
 743,401
 772,006
 748,335
 788,237
 788,319
 771,281
 795,424
 782,050
 804,621
 805,016
 780,970
 754,052
 727,229
 782,637
 794,880
 721,186
 768,097
 736,696
 795,544
 744,306
 749,451
 761,855
 786,389
 780,178
 754,747
 782,628
 747,209
 733,331
 785,634
 747,490
 743,233
 742,269
 760,461
 767,707
 767,377
 742,271
 736,345
 768,644
 740,414
 780,075
 723,732
 749,854
 781,212
 769,800
 739,855
 740,100
 782,795
 742,462
 751,114
 771,014
 727,645
 767,615
 750,492
 724,728
 718,279
 765,929
 768,058
 751,285
 760,520
 745,610
 745,074
 761,367
 766,496
 747,933
 704,602
 760,961
 808,499
 762,606
 747,155
 775,073
 770,541
 744,122
 732,189
 738,767
 743,365
 767,850
 729,919
 713,397
 720,927
 730,039
 732,777
 707,306
 726,110
 724,918
 756,261
 754,816
 788,103
 752,704
 744,494
 770,996
 717,135
 725,365
 674,885
 775,811
 735,765
 725,553
 690,604
 754,510
 733,322
 732,488
 712,412
 751,046
 730,624
 724,433
 733,838
 734,568
 739,137
 685,741
 793,792
 718,492
 691,732
 717,896
 714,797
 729,159
 729,153
 725,221
 745,721
 727,738
 696,526
 739,700
 736,757
 742,380
 761,647
 715,921
 711,309
 709,039
 718,724
 701,627
 704,788
 708,657
 730,894
 735,659
 725,410
 745,118
 697,021
 707,271
 707,659
 704,850
 733,615
 698,624
 728,619
 704,390
 705,686
 692,254
 704,545
 737,546
 723,138
 684,770
 738,635
 745,959
 747,721
 742,547
 711,694
 749,871
 711,146
 750,214
 740,111
 723,959
 693,365
 750,749
 689,261
 707,435
 716,823
 720,381
 695,797
 722,453
 712,695
 730,350
 734,887
 721,096
 747,250
 702,095
 776,686
 740,578
 705,535
 711,741
 725,905
 753,982
 705,398
 737,092
 738,638
 718,245
 736,636
 726,423
 740,308
 733,102
 703,886
 716,837
 698,934
 750,490
 698,481
 725,211
 757,828
 722,030
 699,259
 794,334
 723,352
 750,031
 707,721
 736,939
 711,044
 742,433
 732,313
 738,648
 756,102
 708,923
 701,582
 717,362
 729,719
 702,519
 727,812
 707,428
 742,057
 733,999
 744,575
 733,457
 730,024
 695,942
 703,912
 690,145
 765,234
 721,708
 682,698
 742,786
 732,692
 729,414
 745,240
 751,091
 730,037
 747,363
 717,124
 728,515
 752,736
 683,442
 772,719
 728,783
 760,529
 721,333
 711,058
 760,899
 741,301
 726,309
 754,046
 742,017
 712,953
 700,291
 737,990
 751,267
 738,111
 707,867
 736,674
 722,636
 717,328
 743,775
 722,989
 696,271
 734,678
 718,800
 707,664
 758,749
 696,715
 723,734
 730,350
 754,710
 696,956
 731,925
 749,814
 789,603
 697,589
 724,346
 760,083
 749,830
 735,272
 701,662
 723,916
 689,547
 742,246
 738,289
 759,134
 756,002
 725,077
 729,291
 755,863
 737,046
 767,091
 756,817
 707,328
 715,925
 759,480
 711,876
 721,750
 707,123
 713,226
 699,672
 733,247
 737,731
 755,736
 758,618
 687,775
 691,412
 755,454
 767,729
 729,893
 687,853
 730,688
 716,752
 712,499
 715,328
 733,191
 766,591
 691,094
 738,074
 730,955
 701,147
 700,255
 726,264
 735,185
 698,750
 717,612
 717,698
 706,844
 718,483
 724,634
 705,390
 717,678
 703,823
 711,097
 701,252
 707,899
 733,398
 711,517
 720,885
 700,910
 717,157
 702,147
 744,188
 731,957
 669,121
 712,358
 723,674
 694,007
 688,852
 713,372
 707,871
 712,584
 724,960
 696,769
 745,544
 697,275
 713,382
 709,858
 642,083
 726,015
 693,273
 716,336
 702,422
 747,887
 705,981
 763,338
 683,835
 715,740
 690,174
 709,667
 726,044
 674,944
 669,520
 727,747
 714,969
 686,420
 699,142
 713,550
 688,707
 699,929
 698,161
 677,342
 650,492
 685,979
 742,142
 688,837
 666,071
 737,602
 706,499
 653,046
 680,979
 668,657
 678,045
 720,167
 693,050
 668,871
 714,020
 689,809
 710,336
 654,297
 673,387
 681,109
 688,222
 708,431
 719,129
 701,702
 663,208
 657,199
 702,498
 654,486
 652,450
 675,469
 692,605
 703,166
 675,984
 673,118
 692,099
 660,810
 689,279
 680,935
 666,952
 612,079
 646,089
 695,113
 717,537
 670,880
 687,404
 676,369
 711,731
 653,112
 695,630
 671,004
 679,679
 689,438
 638,724
 655,083
 635,037
 651,916
 649,514
 695,094
 643,163
 669,815
 652,129
 682,402
 688,750
 674,965
 657,525
 703,779
 673,228







































































































































































































































































































































































































































































































































































































































































































































































































































































































































































































































































































































































































































































































































































































































































































































































































































































































































































































































































































































































































































































































































































































































































































































































































































































































































































































































































































































































































































































































































































































































































































































































































































































































































































































































































































































































































































































































































































































































































































































































































































































































































































































































































































































































































































































































































































































































































































































































































































































































































































































































































































































































































































































































































































































































































































































































































































































































































































































































































































































































































































































































































































































































































































































































































































































































































































































































































































































































































































































































































































































































































































































































































































































































































































































































































































































































































































































































































































































































































































































































































































































































































































































































































































































































































































































































































































































































































































































































































































































































































































































































































































































































































































































































































































































































































































































































































































































































































































































































































































































































































































































































































































































































































































































































































































































































































































































































































































































































































































































































































































































































































































































































































































































































































































































































































































































































































































































































































































































































































































































































































































































































































































































































































































































































































































































































































































































































































































































































































































































































































































































































































































































































































































































































































































































































































































































































































































































































































































































































































































































































































































































































































































































































































































































































































































































































































































































































































































































































































































































































































































































































































































































































































































































































































































































































































































































































































































































































































































































































































































































































































































































































































































































































































































































































































































































































































































































































































































































































































































































































































































































































































































































































































































































































































































































































































































































































































































































































































































































































































































































































































































































































































































































































































































































































































































































































































































































































































































































































































































































































































































































































































































































































































































































































































































































































































































































































































































































































































































































































































































































































































































































































































































































































































































































































































































































































































































































































































































































































































































































































































































































































































































































































































































































































































































































































































































































































































































































































































































































































































































































































































































































































































































































































































































































































































































































































































































































































































































































































































































































































































































































































































































































































































































































































































































































































































































































































































































































































































































































































































































































































































































































































































































































































































































































































































































































































































































































































































































































































































































































































































































































































































































































































































































































































































































































































































































































































































































































































































































































































































































































































































































































































































































































































































































































































































































































































































































































































































































































































































































































































































































































































































































































































































































































































































































































































































































































































































































































































































































































































































































































































































































































































































































































































































































































































































































































































































































































































































































































































































































































































































































































































































































































































































































































































































































































































































































































































































































































































































































































































































































































































































































































































































































































































































































































































































































































































































































































































































































































































































































































































































































































































































































































































































































































































































































































































































































































