 669,974
 675,865
 647,156
 672,700
 636,149
 640,762
 686,258
 641,623
 683,390
 639,965
 665,805
 664,485
 637,963
 657,925
 698,796
 649,821
 659,415
 674,877
 641,227
 668,026
 659,288
 679,245
 672,345
 652,340
 655,573
 618,492
 665,096
 643,767
 661,171
 647,241
 680,943
 644,343
 648,824
 674,813
 639,514
 680,143
 610,789
 663,138
 637,865
 664,224
 664,043
 643,946
 670,055
 651,583
 654,693
 662,242
 627,009
 642,354
 664,451
 659,119
 692,584
 603,188
 609,308
 647,003
 659,961
 653,809
 675,371
 644,638
 662,697
 620,548
 632,909
 616,752
 635,463
 645,245
 634,264
 665,822
 664,276
 656,999
 664,949
 643,572
 633,887
 616,655
 647,731
 706,555
 684,649
 619,234
 672,951
 660,064
 657,619
 641,337
 650,221
 652,671
 638,382
 633,166
 629,665
 624,463
 659,044
 658,148
 648,337
 678,059
 651,477
 660,747
 643,336
 676,057
 636,243
 641,692
 668,647
 640,360
 611,277
 662,839
 671,813
 645,940
 646,040
 648,275
 659,239
 642,187
 675,342
 643,778
 672,323
 654,762
 652,592
 652,046
 660,039
 634,017
 655,751
 641,638
 663,605
 643,791
 609,563
 610,152
 656,029
 606,434
 621,931
 631,826
 644,567
 671,500
 647,535
 646,034
 634,255
 686,357
 658,127
 672,917
 655,929
 644,983
 658,862
 594,543
 644,604
 623,557
 642,756
 617,878
 638,234
 637,852
 637,049
 652,058
 642,330
 622,385
 613,891
 638,209
 650,240
 658,801
 645,903
 613,540
 595,682
 608,476
 589,216
 637,263
 580,278
 623,364
 637,703
 634,519
 635,176
 645,282
 619,947
 624,439
 651,789
 613,694
 646,031
 625,926
 624,325
 635,644
 659,573
 623,323
 622,648
 628,035
 657,286
 614,104
 635,761
 641,783
 594,092
 610,631
 598,113
 620,210
 628,647
 615,344
 626,061
 625,591
 618,463
 601,590
 630,011
 622,522
 644,539
 640,598
 620,294
 611,755
 591,012
 583,425
 660,416
 574,489
 625,221
 646,653
 617,697
 596,310
 614,340
 603,829
 567,164
 643,695
 618,315
 597,895
 611,967
 621,622
 591,319
 639,985
 612,043
 618,528
 630,701
 607,908
 623,182
 582,334
 603,749
 632,892
 613,452
 611,085
 604,068
 586,645
 572,888
 617,360
 610,550
 604,378
 575,188
 631,000
 571,791
 629,143
 571,378
 593,173
 560,023
 625,772
 639,519
 588,846
 573,720
 616,793
 617,388
 621,165
 573,691
 560,986
 572,586
 570,760
 563,959
 570,977
 621,821
 581,819
 574,356
 587,095
 587,904
 601,468
 556,367
 576,002
 586,220
 562,532
 544,208
 578,796
 586,483
 594,449
 563,792
 580,537
 555,137
 579,153
 578,412
 546,756
 564,711
 556,680
 564,703
 576,441
 591,260
 564,271
 577,665
 592,462
 582,306
 561,350
 576,691
 599,203
 556,045
 569,579
 579,191
 557,365
 550,183
 606,571
 577,286
 580,650
 538,128
 555,659
 555,762
 606,934
 583,243
 573,182
 556,042
 537,266
 567,086
 589,771
 548,217
 534,587
 586,622
 543,259
 557,456
 572,234
 553,902
 582,813
 588,915
 564,417
 567,418
 597,158
 569,124
 544,226
 541,396
 592,425
 535,134
 575,688
 544,925
 528,217
 550,551
 555,577
 593,318
 562,183
 554,448
 563,112
 588,940
 550,360
 566,634
 562,740
 550,315
 525,382
 529,113
 549,311
 552,300
 558,848
 549,951
 558,802
 559,080
 556,349
 541,780
 554,000
 542,474
 611,293
 530,346
 545,625
 555,934
 561,765
 546,470
 546,142
 581,032
 542,789
 537,643
 555,236
 564,467
 556,637
 536,666
 501,154
 572,350
 584,675
 518,438
 545,573
 533,031
 535,710
 529,975
 536,982
 553,927
 533,534
 534,493
 544,762
 551,150
 524,924
 518,450
 546,711
 526,649
 541,761
 554,393
 513,570
 524,748
 522,350
 536,090
 576,527
 571,548
 506,057
 553,994
 519,547
 545,318
 544,115
 540,992
 517,204
 566,221
 547,540
 530,078
 532,568
 520,807
 572,217
 518,371
 558,828
 521,429
 512,524
 530,961
 526,951
 546,462
 526,487
 587,064
 497,533
 525,612
 529,090
 565,162
 528,930
 545,869
 529,293
 504,243
 536,672
 541,461
 544,902
 570,743
 542,578
 552,264
 524,075
 560,187
 524,175
 529,151
 539,042
 532,789
 526,164
 534,696
 537,137
 561,312
 528,433
 523,203
 549,406
 538,023
 546,093
 536,848
 562,318
 526,323
 538,333
 529,681
 519,604
 514,134
 511,893
 507,937
 560,630
 525,033
 540,560
 510,297
 518,337
 538,518
 539,739
 532,424
 530,006
 511,308
 509,748
 540,669
 526,099
 526,817
 533,858
 528,565
 549,450
 487,295
 525,647
 527,636
 545,856
 506,249
 523,368
 504,579
 501,605
 506,542
 515,729
 540,343
 542,252
 565,509
 532,758
 512,163
 526,430
 557,594
 519,302
 507,660
 527,346
 518,865
 524,725
 543,425
 511,833
 525,940
 537,762
 524,801
 555,921
 555,970
 559,940
 496,322
 523,002
 550,935
 537,253
 545,730
 521,266
 486,534
 543,614
 500,288
 527,739
 528,724
 548,743
 533,310
 530,534
 532,617
 557,743
 523,018
 543,861
 521,140
 514,112
 473,551
 498,203
 545,661
 540,995
 500,820
 505,137
 551,778
 520,239
 526,820
 556,062
 517,906
 546,066
 523,358
 521,189
 506,467
 516,748
 536,859
 537,649
 535,721
 515,129
 528,828
 513,466
 508,413
 470,925
 521,342
 525,253
 543,126
 544,800
 526,308
 509,595
 523,813
 525,637
 531,702
 525,869
 545,768
 549,087
 545,349
 476,426
 539,865
 521,517
 510,620
 528,453
 512,401
 528,713
 551,017
 533,298
 558,664
 531,628
 536,184
 540,472
 503,808
 507,901
 553,257
 521,921
 570,892
 532,076
 550,825
 532,952
 524,456
 546,160
 526,387
 570,125
 507,002
 529,065
 494,333
 569,893
 505,754
 533,287
 519,927
 537,438
 548,586
 551,169
 558,100
 587,450
 554,483
 514,744
 510,978
 495,446
 519,655
 537,866
 514,543
 559,057
 516,948
 552,388
 541,794
 528,068
 551,529
 568,420
 516,712
 523,958
 535,454
 533,292
 521,806
 537,646
 538,197
 543,123
 550,586
 530,311
 541,664
 507,976
 556,171
 543,352
 538,523
 536,120
 539,361
 574,344
 511,961
 538,133
 544,345
 545,848
 538,183
 518,917
 580,933
 544,986
 532,955
 526,044
 565,187
 536,400
 553,687
 549,863
 550,452
 555,495
 522,058
 524,354
 543,976
 525,521
 510,180
 545,257
 515,943
 531,472
 530,263
 513,024
 549,684
 539,351
 533,018
 544,476
 549,578
 551,312
 517,847
 554,481
 512,310
 546,465
 509,091
 517,775
 540,502
 558,249
 545,428
 521,297
 540,267
 566,157
 514,654
 535,882
 526,753
 563,237
 554,487
 526,649
 525,429
 544,232
 511,242
 546,870
 546,780
 510,540
 525,784
 488,843
 530,588
 546,188
 520,207
 530,251
 536,106
 523,805
 547,929
 537,756
 513,460
 537,749
 565,009
 571,563
 524,959
 530,473
 548,873
 520,730
 547,774
 550,314
 532,066
 557,918
 510,497
 548,454
 554,016
 520,840
 539,625
 541,122
 545,084
 529,207
 498,723
 554,792
 530,099
 576,372
 572,952
 523,560
 548,385
 560,974
 530,500
 529,388
 563,462
 507,139
 541,563
 531,542
 509,864
 538,350
 543,207
 558,258
 565,737
 553,608
 571,459
 549,931
 526,313
 547,194
 516,878
 528,109
 534,974
 530,503
 588,611
 530,209
 527,753
 589,683
 545,797
 540,485
 538,733
 557,782
 550,008
 542,260
 568,180
 533,929
 522,540
 545,944
 524,458
 562,311
 541,138
 559,180
 528,161
 548,776
 535,479
 563,912
 563,367
 526,822
 572,786
 590,005
 544,630
 532,717
 531,825
 575,992
 547,603
 510,742
 531,597
 575,541
 527,992
 502,510
 562,999
 583,349
 527,614
 519,648
 558,672
 539,171
 549,971
 590,054
 528,315
 587,068
 562,015
 554,647
 552,474
 526,312
 560,734
 587,694
 559,491
 555,474
 542,265
 555,146
 545,523
 552,073
 556,844
 550,201
 572,048
 579,934
 565,898
 570,638
 538,754
 518,125
 550,212
 569,254
 544,396
 550,787
 549,670
 583,518
 533,027
 552,409
 544,324
 568,407
 532,694
 539,292
 546,660
 571,891
 549,775
 532,725
 572,912
 590,029
 545,763
 557,773
 556,984
 570,921
 548,082
 537,957
 582,591
 550,176
 549,563
 524,497
 571,310
 567,313
 533,126
 553,727
 554,166
 575,290
 539,993
 528,274
 550,972
 545,652
 585,503
 538,850
 575,414
 554,855
 580,060
 543,246
 549,828
 568,370
 556,344
 576,291
 571,761
 560,283
 541,357
 589,350
 582,564
 552,426
 531,939
 528,376
 546,923
 547,350
 563,108
 534,082
 567,509
 563,495
 567,797
 549,241
 584,434
 562,484
 586,427
 543,571
 566,249
 556,045
 535,952
 538,875
 567,109
 514,659
 592,194
 558,202
 592,388
 594,956
 531,453
 568,780
 589,612
 545,639
 585,678
 578,817
 546,367
 543,979
 565,932
 564,523
 594,588
 583,862
 570,736
 580,239
 579,124
 591,899
 543,379
 551,921
 539,180
 536,454
 587,473
 540,630
 598,722
 557,820
 585,554
 605,826
 570,712
 578,545
 527,043
 591,858
 580,879
 560,984
 571,511
 586,604
 575,215
 549,273
 571,312
 587,383
 588,223
 566,567
 582,094
 583,568
 553,319
 548,451
 592,427
 578,692
 594,347
 595,714
 562,072
 587,958
 595,348
 531,559
 575,336
 589,485
 561,571
 598,353
 590,301
 577,765
 573,464
 574,238
 560,180
 584,326
 584,770
 570,560
 588,830
 589,001
 580,430
 570,822
 574,349
 585,637
 544,811
 612,531
 578,558
 552,968
 574,868
 593,559
 501,915
 564,560
 598,839
 557,128
 595,999
 587,891
 597,664
 570,569
 594,916
 611,453
 545,256
 545,453
 588,799
 563,991
 576,303
 566,811
 565,575
 576,801
 588,992
 600,904
 589,152
 604,342
 584,469
 559,634
 609,935
 601,477
 568,077
 583,011
 562,777
 575,594
 583,857
 572,008
 581,165
 616,698
 605,587
 592,398
 574,628
 579,211
 574,024
 591,677
 621,763
 602,678
 567,523
 582,065
 575,182
 580,290
 554,797
 592,542
 604,364
 554,049
 558,586
 580,289
 565,194
 608,727
 557,834
 602,995
 565,766
 616,973
 608,529
 595,143
 592,850
 600,895
 592,775
 605,449
 587,934
 616,542
 620,940
 588,294
 582,392
 605,578
 595,834
 602,695
 583,825
 580,100
 614,192
 642,472
 581,576
 614,956
 618,427
 606,572
 617,334
 565,745
 584,131
 638,782
 608,054
 588,083
 600,228
 617,172
 593,213
 598,535
 595,896
 582,050
 608,421
 617,713
 605,599
 605,684
 595,308
 593,904
 603,629
 591,562
 584,363
 588,557
 629,383
 593,232
 576,108
 613,163
 588,017
 596,913
 579,056
 580,415
 595,362
 594,011
 586,571
 616,517
 599,511
 595,477
 592,076
 581,906
 577,021
 590,558
 594,515
 574,771
 609,098
 620,620
 607,513
 573,464
 618,957
 610,205
 629,408
 598,070
 586,567
 597,345
 585,857
 607,962
 567,067
 595,626
 598,138
 581,179
 627,117
 598,533
 556,055
 603,144
 560,480
 589,377
 622,937
 588,221
 578,063
 631,972
 594,025
 593,924
 596,189
 583,130
 621,432
 630,863
 584,607
 598,159
 607,287
 634,832
 598,779
 595,967
 586,237
 583,053
 619,858
 598,755
 600,168
 570,720
 623,454
 559,671
 604,030
 615,659
 555,510
 615,477
 612,606
 593,767
 623,463
 619,224
 618,306
 623,688
 602,605
 599,008
 577,907
 601,445
 602,081
 599,557
 612,195
 594,714
 603,159
 612,164
 601,462
 583,588
 618,830
 619,159
 594,876
 630,130
 677,808
 649,225
 563,221
 610,402
 616,149
 555,238
 606,336
 608,792
 610,834
 618,358
 605,056
 619,085
 594,156
 637,615
 603,243
 595,659
 614,383
 616,289
 593,348
 587,749
 632,555
 612,802
 611,713
 611,412
 615,939
 612,018
 612,314
 613,803
 647,651
 640,707
 605,994
 656,393
 603,927
 630,814
 595,034
 621,820
 595,005
 631,603
 608,658
 619,067
 640,072
 628,679
 638,670
 640,908
 622,045
 642,583
 558,585
 650,533
 615,515
 651,341
 602,730
 637,143
 587,062
 633,959
 619,378
 624,140
 581,938
 623,724
 618,687
 665,255
 610,077
 648,424
 612,469
 636,969
 642,364
 579,616
 600,318
 637,735
 601,429
 601,241
 616,629
 622,690
 592,766
 606,535
 645,577
 612,419
 639,226
 605,241
 639,513
 603,109
 648,625
 619,176
 612,783
 623,549
 657,764
 632,346
 633,103
 635,961
 626,726
 620,904
 607,319
 647,445
 648,080
 620,929
 606,379
 618,532
 676,821
 627,135
 625,722
 638,026
 669,205
 597,002
 623,297
 663,930
 618,236
 635,984
 636,089
 652,464
 643,020
 670,337
 645,887
 647,214
 644,797
 619,607
 636,472
 660,597
 644,020
 630,994
 654,997
 655,908
 705,216
 646,172
 648,148
 661,506
 683,719
 602,693
 618,203
 623,334
 642,206
 634,967
 623,702
 661,047
 617,455
 627,717
 662,982
 643,719
 640,182
 632,093
 653,789
 651,337
 629,116
 654,718
 673,160
 613,022
 663,095
 624,856
 637,101
 643,305
 646,859
 647,787
 656,839
 651,145
 628,781
 637,366
 600,967
 639,435
 698,538
 668,748
 629,172
 656,207
 620,740
 656,535
 658,620
 646,327
 671,936
 628,367
 683,946
 660,202
 632,094
 629,474
 636,505
 637,209
 639,773
 630,015
 687,142
 623,930
 608,827
 668,781
 650,360
 664,035
 636,177
 666,422
 619,162
 666,641
 623,866
 671,750
 694,070
 654,906
 663,886
 648,105
 653,998
 678,050
 661,823
 619,534
 665,948
 665,637
 707,496
 650,073
 699,356
 671,996
 643,087
 670,538
 612,815
 655,421
 632,601
 637,133
 675,410
 640,664
 670,170
 653,617
 685,427
 653,129
 660,869
 637,862
 650,174
 641,812
 649,090
 662,772
 660,173
 703,494
 681,918
 679,202
 692,270
 650,568
 653,122
 676,010
 697,998
 668,880
 645,331
 644,224
 671,363
 623,732
 656,586
 686,653
 668,193
 674,279
 666,714
 648,417
 651,727
 700,010
 685,684
 660,767
 681,422
 647,421
 678,367
 620,207
 675,840
 671,663
 653,743
 698,018
 679,626
 669,103
 654,765
 672,856
 703,948
 678,864
 668,166
 709,406
 607,987
 667,464
 679,572
 661,462
 655,608
 662,498
 648,369
 657,144
 671,607
 701,347
 693,744
 664,912
 662,790
 686,982
 683,497
 692,837
 670,459
 663,699
 683,909
 673,844
 655,121
 688,053
 678,289
 697,292
 651,698
 658,056
 679,160
 690,159
 693,179
 630,467
 671,833
 693,352
 700,653
 686,268
 677,734
 695,002
 634,392
 711,215
 678,954
 667,247
 630,056
 693,180
 695,929
 664,811
 675,436
 706,287
 692,745
 694,685
 655,578
 661,346
 658,088
 685,370
 667,264
 679,144
 685,114
 667,163
 674,891
 689,706
 685,690
 680,894
 696,037
 660,015
 698,953
 677,548
 705,085
 667,477
 666,799
 665,808
 710,992
 672,859
 700,324
 704,141
 668,636
 692,596
 675,664
 683,138
 676,094
 696,906
 699,357
 668,582
 722,635
 695,692
 697,799
 668,764
 710,743
 679,157
 703,450
 674,196
 696,534
 688,290
 703,305
 688,234
 687,155
 694,076
 694,961
 656,998
 671,729
 701,277
 705,379
 677,742
 680,572
 699,241
 694,805
 685,888
 719,956
 697,328
 676,925
 712,337
 675,712
 707,856
 700,736
 698,297
 711,740
 681,906
 702,159
 709,304
 709,020
 695,884
 705,701
 708,632
 686,681
 692,253
 747,817
 683,786
 671,919
 681,535
 700,968
 697,317
 726,851
 679,944
 711,486
 702,857
 681,224
 701,369
 688,744
 670,736
 711,403
 666,373
 699,292
 718,577
 690,445
 686,845
 695,272
 673,975
 739,059
 697,493
 707,399
 697,021
 685,662
 686,248
 719,445
 721,822
 724,864
 699,232
 705,748
 683,782
 691,790
 720,025
 682,727
 698,519
 705,072
 705,030
 723,797
 697,757
 712,958
 689,007
 718,865
 725,909
 693,798
 712,886
 733,423
 746,483
 686,723
 707,314
 721,074
 735,685
 687,536
 706,081
 665,992
 704,365
 696,792
 711,632
 698,446
 664,237
 692,505
 714,561
 694,325
 727,382
 703,521
 663,236
 689,483
 691,972
 720,150
 709,331
 710,038
 692,233
 704,652
 713,996
 726,196
 691,019
 709,460
 690,261
 697,086
 722,399
 731,861
 715,255
 697,218
 702,333
 747,901
 698,264
 737,762
 719,331
 738,622
 705,127
 680,957
 728,839
 713,888
 730,989
 717,567
 714,493
 714,767
 715,444
 695,059
 705,265
 702,662
 698,531
 670,516
 727,738
 712,129
 727,949
 737,802
 686,165
 720,336
 711,265
 693,242
 722,522
 762,239
 726,374
 707,792
 740,833
 706,484
 780,887
 743,514
 727,991
 713,030
 733,689
 745,355
 730,635
 739,899
 708,383
 719,113
 725,276
 738,822
 735,674
 730,003
 746,837
 763,936
 682,199
 680,252
 726,008
 743,236
 732,272
 739,958
 719,116
 716,445
 739,851
 757,403
 712,135
 725,026
 731,515
 736,536
 710,231
 689,328
 724,477
 763,183
 763,530
 747,118
 684,587
 744,690
 705,961
 717,881
 734,172
 746,926
 711,381
 751,408
 704,740
 738,446
 722,041
 722,405
 749,266
 736,145
 741,620
 723,380
 722,027
 719,455
 707,885
 747,491
 761,038
 726,869
 727,370
 639,981
 732,264
 728,997
 739,340
 761,531
 727,185
 732,398
 708,602
 732,304
 744,152
 730,503
 738,352
 746,766
 714,778
 719,346
 704,951
 717,117
 761,036
 733,806
 721,831
 732,326
 738,424
 735,637
 753,251
 740,305
 781,566
 736,949
 785,594
 741,166
 751,573
 760,611
 778,910
 773,998
 731,565
 729,664
 762,503
 720,098
 738,331
 769,760
 759,897
 763,872
 755,718
 753,313
 763,091
 723,678
 779,863
 769,131
 776,943
 728,381
 778,057
 786,353
 777,779
 787,687
 759,803
 754,649
 775,268
 767,486
 769,864
 755,231
 764,263
 743,663
 772,971
 790,406
 769,100
 769,759
 771,547
 758,150
 719,948
 740,308
 766,431
 746,032
 774,139
 742,107
 713,035
 744,508
 749,457
 761,546
 730,210
 740,978
 754,191
 767,457
 774,790
 749,612
 749,368
 773,177
 778,235
 747,701
 748,643
 759,146
 766,851
 727,105
 750,252
 739,374
 744,450
 750,965
 766,101
 773,137
 763,102
 730,911
 743,017
 769,155
 741,374
 785,316
 801,098
 779,873
 858,144
 795,566
 761,609
 744,410
 820,576
 765,623
 772,110
 799,250
 766,133
 767,589
 768,511
 746,134
 791,624
 761,984
 784,043
 789,759
 796,360
 764,903
 785,820
 783,458
 779,656
 799,656
 831,231
 787,826
 799,840
 787,863
 765,821
 741,627
 778,713
 766,828
 748,438
 774,421
 778,060
 768,102
 765,051
 816,868
 774,063
 761,294
 754,539
 807,154
 778,425
 803,756
 807,400
 768,843
 791,984
 804,591
 773,366
 772,360
 809,471
 833,470
 800,351
 792,511
 777,062
 807,855
 813,595
 796,740
 793,238
 757,572
 793,851
 825,655
 723,181
 784,242
 810,305
 805,749
 803,715
 794,593
 803,904
 798,596
 798,679
 812,729
 830,207
 799,823
 781,814
 866,352
 784,699
 804,598
 806,161
 794,591
 800,444
 766,879
 798,177
 809,796
 836,319
 827,576
 826,637
 789,091
 791,611
 784,555
 813,886
 846,900
 787,603
 817,932
 821,750
 824,466
 841,767
 799,293
 812,127
 826,116
 839,518
 831,208
 789,443
 835,496
 814,883
 791,247
 826,670
 833,535
 835,932
 819,254
 830,842
 841,519
 844,870
 816,008
 844,923
 866,362
 840,121
 869,356
 810,547
 875,454
 834,062
 816,328
 830,539
 866,407
 845,444
 831,338
 840,667
 867,352
 851,265
 833,455
 835,899
 836,451
 818,578
 852,281
 845,469
 875,050
 830,577
 849,329
 830,793
 833,177
 882,000
 834,883
 883,073
 869,356
 878,851
 863,859
 845,633
 864,783
 850,073
 890,588
 876,423
 869,277
 871,025
 894,953
 839,360
 849,127
 869,349
 826,606
 879,926
 838,324
 859,742
 902,004
 913,617
 878,881
 847,995
 905,411
 861,356
 877,602
 866,469
 889,331
 885,410
 854,277
 935,159
 905,399
 838,445
 886,178
 876,227
 902,276
 899,209
 858,399
 877,951
 896,559
 899,365
 826,296
 883,913
 866,251
 911,844
 895,067
 883,380
 900,459
 938,339
 934,925
 919,902
 916,678
 901,506
 921,672
 880,700
 949,484
 927,440
 891,170
 892,135
 891,579
 963,134
 937,067
 917,560
 946,013
 927,892
 902,100
 884,906
 995,897
 921,920
 946,747
 927,506
 929,090
 943,592
 936,866
 925,324
 935,998
 924,968
 939,587
 971,345
 924,690
 955,513
 990,187
 978,542
 942,813
 955,629
 944,074
 940,387
 1007,653
 981,839
 977,130
 963,638
 1006,275
 962,741
 995,766
 983,935
 995,373
 968,197
 994,964
 1001,169
 981,298
 985,424
 1011,439
 1010,643
 988,018
 998,063
 997,287
 1011,829
 921,530
 992,950
 978,314
 1010,442
 991,463
 1014,196
 1070,596
 1064,369
 1011,345
 1023,412
 1021,563
 1036,309
 1048,563
 1035,570
 1021,686
 1029,614
 1017,554
 1058,667
 1088,203
 1047,786
 1044,193
 1100,742
 1110,945
 1047,756
 1018,982
 1076,807
 1113,107
 1052,031
 1079,368
 1085,803
 1094,513
 1045,996
 1064,053
 1094,735
 1114,405
 1106,411
 1078,407
 1119,554
 1117,727
 1131,728
 1096,248
 1107,600
 1121,155
 1091,606
 1118,707
 1142,434
 1114,255
 1093,320
 1143,849
 1136,342
 1146,577
 1112,100
 1157,622
 1151,003
 1154,741
 1140,774
 1128,365
 1146,501
 1172,917
 1131,390
 1160,067
 1193,163
 1168,897
 1181,591
 1210,406
 1215,557
 1167,027
 1189,244
 1181,029
 1203,758
 1252,450
 1183,286
 1228,844
 1249,851
 1260,580
 1219,821
 1253,507
 1258,178
 1257,316
 1285,502
 1265,010
 1245,816
 1235,103
 1296,965
 1285,016
 1269,771
 1247,708
 1252,711
 1288,927
 1329,828
 1331,216
 1321,491
 1330,226
 1318,988
 1346,362
 1333,088
 1297,573
 1349,564
 1370,382
 1370,358
 1386,151
 1339,263
 1376,375
 1364,852
 1376,135
 1385,103
 1379,353
 1398,878
 1385,399
 1436,351
 1394,056
 1382,829
 1421,442
 1465,329
 1440,270
 1431,337
 1404,777
 1466,001
 1466,208
 1466,097
 1446,160
 1474,846
 1477,349
 1511,648
 1499,212
 1454,038
 1497,652
 1539,768
 1522,238
 1561,606
 1579,039
 1599,052
 1576,519
 1539,168
 1587,361
 1576,366
 1580,749
 1580,675
 1624,824
 1568,485
 1615,036
 1594,001
 1624,655
 1610,911
 1627,500
 1630,719
 1637,310
 1634,968
 1673,051
 1691,329
 1630,482
 1711,527
 1690,716
 1727,831
 1732,841
 1685,789
 1715,656
 1758,361
 1746,512
 1766,221
 1789,030
 1733,395
 1762,952
 1801,926
 1780,000
 1852,936
 1847,415
 1881,981
 1887,098
 1874,473
 1830,613
 1834,221
 1875,994
 1881,925
 1832,434
 1874,994
 1943,687
 1946,979
 1912,108
 1937,613
 1927,683
 1971,554
 2049,029
 2018,577
 1983,657
 1962,557
 2003,881
 2006,839
 2017,627
 2042,038
 2021,446
 2080,953
 2091,482
 2080,519
 2127,883
 2041,527
 2111,147
 2134,207
 2152,315
 2166,256
 2097,789
 2219,137
 2146,566
 2183,806
 2176,541
 2221,865
 2217,390
 2244,937
 2326,438
 2264,803
 2329,062
 2281,102
 2273,480
 2246,069
 2329,790
 2321,551
 2306,326
 2346,974
 2309,554
 2335,072
 2358,404
 2380,341
 2412,550
 2440,566
 2416,991
 2524,848
 2434,325
 2474,307
 2461,142
 2437,423
 2486,583
 2512,749
 2498,403
 2563,085
 2582,635
 2541,832
 2584,386
 2569,222
 2547,704
 2609,508
 2615,444
 2620,431
 2625,857
 2638,163
 2644,135
 2688,882
 2670,816
 2735,252
 2716,521
 2772,405
 2795,687
 2746,747
 2760,454
 2828,901
 2836,865
 2779,872
 2819,127
 2844,912
 2776,096
 2807,072
 2854,209
 2872,507
 2957,683
 2890,103
 2916,343
 2912,528
 2934,097
 3024,803
 2963,648
 3018,270
 2972,971
 3015,195
 2993,560
 2991,718
 3044,050
 3102,993
 3053,901
 3097,423
 3059,720
 3092,232
 3149,591
 3112,170
 3158,350
 3078,096
 3166,319
 3170,707
 3170,035
 3189,978
 3219,212
 3196,463
 3239,400
 3289,733
 3293,413
 3294,496
 3368,465
 3311,797
 3332,632
 3347,854
 3372,848
 3360,596
 3424,887
 3412,710
 3369,581
 3453,601
 3456,289
 3434,280
 3445,999
 3459,050
 3543,191
 3505,066
 3513,192
 3510,378
 3555,089
 3462,525
 3506,130
 3516,128
 3546,652
 3573,570
 3649,092
 3554,693
 3593,521
 3632,713
 3735,940
 3575,545
 3672,962
 3672,870
 3718,680
 3720,798
 3682,348
 3738,857
 3778,509
 3722,949
 3725,679
 3811,328
 3753,491
 3839,847
 3773,148
 3803,813
 3862,653
 3849,146
 3829,931
 3935,847
 3920,379
 3941,714
 3991,753
 3902,488
 3924,380
 3890,038
 3874,640
 3910,594
 3999,321
 3975,506
 4060,635
 4034,342
 4036,247
 4027,931
 4100,422
 4024,183
 4066,698
 4089,546
 4174,798
 4124,299
 4099,921
 4078,555
 4128,180
 4190,068
 4108,137
 4220,071
 4170,294
 4184,012
 4197,489
 4252,492
 4261,607
 4192,417
 4298,034
 4223,122
 4224,763
 4270,323
 4310,825
 4335,707
 4294,992
 4286,879
 4301,965
 4415,908
 4341,309
 4360,415
 4451,848
 4419,912
 4263,533
 4412,591
 4459,708
 4480,990
 4423,031
 4453,901
 4478,741
 4435,031
 4450,235
 4452,974
 4516,925
 4537,540
 4526,705
 4580,660
 4541,923
 4548,877
 4602,705
 4506,165
 4662,853
 4578,792
 4596,631
 4541,639
 4654,960
 4624,463
 4631,215
 4640,368
 4642,560
 4718,689
 4726,177
 4675,376
 4725,249
 4721,336
 4739,956
 4758,673
 4708,937
 4805,538
 4778,982
 4796,588
 4725,910
 4889,810
 4778,508
 4787,474
 4801,957
 4772,553
 4854,541
 4833,261
 4752,690
 4904,224
 4946,086
 4834,144
 4904,758
 4808,905
 4933,978
 5010,834
 4829,586
 4958,647
 4982,868
 4913,925
 5044,932
 4965,259
 5023,781
 4995,032
 5165,513
 5025,957
 5051,962
 5022,019
 5156,324
 5065,261
 5089,642
 5106,615
 5104,520
 5082,221
 5107,151
 5105,048
 5160,980
 5125,666
 5163,735
 5175,078
 5170,405
 5184,629
 5089,469
 5117,602
 5244,424
 5210,244
 5181,754
 5264,400
 5278,538
 5227,185
 5298,486
 5273,739
 5265,976
 5285,578
 5193,118
 5233,712
 5276,621
 5212,664
 5375,160
 5408,624
 5252,553
 5256,454
 5335,184
 5365,863
 5311,896
 5339,117
 5344,330
 5365,693
 5334,614
 5322,314
 5370,576
 5344,733
 5402,704
 5310,128
 5429,815
 5311,373
 5448,600
 5387,553
 5443,693
 5426,917
 5516,253
 5487,716
 5488,613
 5520,152
 5434,899
 5512,155
 5497,110
 5458,939
 5495,110
 5478,461
 5498,749
 5440,172
 5505,412
 5519,541
 5525,886
 5491,235
 5468,405
 5428,247
 5542,840
 5514,202
 5544,844
 5536,643
 5554,897
 5568,883
 5555,888
 5599,017
 5635,583
 5601,194
 5500,614
 5550,559
 5605,570
 5616,745
 5575,263
 5603,992
 5602,763
 5578,875
 5601,790
 5552,692
 5589,091
 5582,872
 5610,287
 5625,211
 5620,302
 5678,614
 5684,953
 5665,039
 5700,816
 5666,912
 5660,368
 5659,125
 5709,743
 5681,911
 5630,124
 5539,591
 5651,240
 5719,179
 5642,752
 5704,186
 5651,990
 5600,010
 5652,501
 5694,063
 5690,153
 5811,199
 5669,387
 5697,606
 5818,540
 5671,026
 5788,205
 5814,504
 5650,874
 5823,636
 5803,879
 5677,301
 5741,195
 5797,843
 5706,093
 5730,798
 5735,241
 5723,324
 5709,334
 5753,852
 5718,352
 5741,539
 5813,121
 5743,609
 5816,889
 5797,929
 5881,785
 5683,770
 5805,450
 5821,818
 5798,272
 5762,517
 5836,306
 5790,699
 5783,933
 5743,885
 5780,980
 5793,078
 5799,508
 5821,851
 5788,453
 5778,976
 5820,365
 5829,357
 5895,391
 5809,537
 5772,644
 5860,988
 5876,239
 5843,270
 5805,927
 5875,098
 5906,217
 5948,593
 5876,639
 5821,986
 5865,439
 5984,134
 5888,699
 5924,741
 5940,734
 5916,457
 5969,722
 5951,905
 6057,042
 5946,099
 5984,487
 5941,144
 5880,796
 5922,442
 5904,345
 6001,205
 5933,069
 5980,639
 5932,581
 5965,911
 5997,045
 6014,140
 6033,146
 6061,545
 6040,777
 5938,158
 6037,726
 6025,414
 6016,083
 6032,881
 5979,397
 5984,351
 6095,980
 6011,983
 6034,026
 5966,764
 5991,232
 6097,992
 6082,071
 6107,535
 6023,991
 6039,953
 6011,575
 6045,655
 6073,590
 6103,013
 6055,409
 6105,039
 6109,358
 6028,234
 6166,357
 6114,465
 6112,001
 6085,848
 6112,628
 6058,073
 6157,060
 6137,894
 6132,012
 6123,440
 6090,325
 6184,958
 6140,764
 6215,725
 6179,324
 6084,543
 6169,093
 6139,536
 6220,962
 6166,832
 6151,989
 6230,712
 6348,269
 6230,108
 6239,450
 6199,874
 6100,473
 6183,674
 6212,103
 6247,840
 6203,849
 6282,984
 6136,934
 6209,207
 6139,380
 6243,562
 6246,791
 6220,753
 6214,818
 6319,320
 6246,017
 6276,427
 6201,685
 6238,042
 6332,814
 6250,167
 6265,692
 6248,144
 6322,374
 6266,373
 6292,221
 6308,859
 6274,171
 6294,461
 6296,843
 6288,798
 6332,700
 6370,240
 6239,438
 6285,555
 6310,053
 6487,677
 6273,920
 6349,892
 6367,845
 6373,739
 6406,268
 6371,495
 6265,981
 6287,454
 6450,446
 6326,919
 6410,707
 6416,439
 6383,229
 6457,309
 6359,737
 6466,511
 6311,523
 6375,786
 6326,854
 6462,687
 6402,508
 6420,741
 6447,356
 6384,437
 6531,269
 6432,059
 6399,827
 6357,704
 6391,469
 6430,721
 6427,582
 6407,851
 6485,169
 6466,498
 6419,901
 6453,774
 6454,325
 6457,927
 6540,818
 6418,859
 6545,747
 6460,433
 6445,096
 6438,117
 6446,550
 6418,126
 6434,102
 6467,224
 6520,962
 6513,225
 6503,869
 6457,847
 6498,866
 6496,911
 6525,112
 6419,839
 6478,267
 6481,183
 6507,271
 6544,093
 6378,501
 6483,152
 6502,730
 6463,256
 6415,863
 6543,680
 6467,503
 6444,519
 6470,094
 6518,628
 6505,406
 6538,633
 6515,632
 6468,459
 6403,893
 6501,396
 6452,484
 6579,369
 6481,220
 6529,905
 6552,837
 6594,916
 6602,858
 6519,923
 6588,861
 6488,958
 6549,629
 6491,248
 6549,570
 6486,051
 6523,020
 6546,926
 6601,001
 6479,929
 6455,763
 6584,458
 6536,990
 6515,153
 6491,559
 6519,240
 6605,210
 6562,668
 6550,038
 6474,608
 6531,481
 6527,557
 6553,116
 6600,480
 6547,055
 6545,301
 6506,892
 6690,450
 6616,234
 6571,309
 6521,142
 6516,409
 6535,543
 6610,278
 6545,636
 6581,789
 6516,107
 6565,504
 6555,368
 6460,092
 6606,398
 6477,382
 6568,883
 6503,504
 6603,911
 6545,044
 6566,672
 6544,829
 6559,141
 6504,848
 6625,532
 6715,583
 6548,300
 6543,284
 6543,520
 6524,257
 6621,367
 6664,994
 6605,760
 6589,698
 6622,574
 6601,539
 6562,415
 6552,290
 6574,210
 6579,719
 6555,981
 6592,409
 6615,335
 6556,277
 6603,282
 6553,815
 6554,511
 6543,339
 6642,283
 6668,033
 6537,815
 6618,839
 6607,652
 6529,902
 6653,417
 6635,219
 6710,501
 6527,509
 6518,409
 6695,750
 6510,481
 6640,708
 6598,402
 6588,855
 6559,722
 6499,646
 6639,410
 6574,821
 6610,028
 6628,480
 6596,228
 6488,439
 6565,655
 6583,660
 6568,560
 6529,260
 6565,165
 6673,326
 6545,785
 6624,875
 6534,388
 6539,718
 6663,808
 6629,515
 6647,151
 6602,610
 6577,346
 6564,867
 6550,621
 6543,076
 6550,842
 6571,491
 6532,807
 6576,520
 6499,745
 6534,567
 6598,671
 6513,642
 6484,214
 6614,094
 6595,367
 6586,748
 6576,837
 6610,258
 6579,996
 6700,552
 6633,216
 6629,357
 6560,755
 6487,786
 6578,015
 6591,557
 6535,390
 6569,675
 6568,669
 6577,964
 6612,442
 6691,222
 6621,131
 6564,435
 6493,725
 6538,904
 6467,620
 6499,595
 6418,868
 6487,171
 6531,949
 6580,415
 6514,785
 6506,666
 6485,102
 6486,649
 6620,983
 6501,738
 6553,317
 6533,268
 6483,453
 6544,624
 6612,319
 6488,047
 6512,352
 6515,101
 6530,830
 6581,221
 6575,540
 6503,691
 6509,380
 6562,815
 6502,933
 6615,587
 6475,257
 6467,145
 6570,923
 6424,958
 6508,463
 6427,318
 6472,191
 6500,814
 6498,195
 6449,952
 6434,426
 6479,478
 6440,757
 6447,836
 6454,117
 6554,849
 6506,063
 6512,450
 6471,371
 6368,536
 6515,814
 6450,562
 6454,557
 6510,774
 6539,025
 6450,182
 6505,727
 6491,036
 6406,703
 6492,270
 6464,122
 6460,042
 6456,421
 6453,207
 6413,615
 6389,700
 6425,757
 6473,850
 6463,703
 6512,809
 6405,625
 6438,224
 6485,134
 6463,433
 6374,996
 6400,752
 6384,336
 6427,600
 6459,014
 6338,975
 6394,988
 6405,911
 6373,578
 6397,910
 6353,424
 6415,042
 6342,395
 6443,799
 6443,536
 6395,407
 6431,759
 6376,808
 6322,526
 6376,895
 6354,929
 6407,809
 6415,162
 6344,162
 6319,888
 6397,155
 6403,773
 6370,410
 6250,821
 6360,772
 6395,290
 6381,167
 6404,410
 6329,213
 6300,438
 6242,129
 6354,906
 6347,644
 6297,635
 6329,393
 6263,246
 6343,100
 6291,040
 6280,767
 6303,623
 6311,852
 6319,934
 6243,601
 6313,003
 6278,625
 6375,696
 6303,989
 6358,930
 6341,598
 6263,707
 6332,879
 6263,827
 6278,655
 6217,926
 6296,682
 6219,138
 6235,428
 6283,882
 6245,364
 6270,329
 6248,967
 6306,833
 6322,626
 6198,142
 6189,620
 6207,371
 6269,769
 6248,295
 6226,133
 6280,863
 6270,717
 6296,182
 6230,611
 6209,612
 6245,190
 6306,133
 6247,298
 6234,822
 6251,864
 6228,236
 6219,121
 6211,076
 6106,706
 6241,618
 6208,385
 6172,963
 6216,824
 6150,534
 6166,281
 6258,485
 6156,860
 6186,135
 6172,846
 6163,807
 6151,070
 6183,646
 6175,914
 6145,296
 6251,295
 6159,374
 6107,571
 6112,391
 6137,618
 6127,650
 6152,990
 6139,493
 6197,881
 6093,951
 6195,269
 6065,472
 6087,257
 6190,755
 6080,250
 6115,582
 6144,552
 6159,826
 6067,097
 6161,098
 6169,127
 6125,231
 6105,653
 6051,882
 6079,964
 6095,711
 6064,879
 6099,694
 6079,644
 6109,783
 6029,782
 6144,940
 6105,581
 5997,346
 5997,014
 6253,070
 6106,407
 5999,192
 6077,270
 6026,768
 6042,265
 6007,624
 6043,160
 6061,074
 6081,375
 6052,868
 6024,745
 6034,311
 5937,210
 5986,075
 6043,550
 6024,293
 5971,103
 6049,564
 5996,436
 6014,642
 5985,351
 5925,948
 5975,563
 5957,606
 5993,925
 5944,723
 5952,546
 5915,298
 5940,961
 5998,742
 5945,241
 5983,783
 5956,393
 5869,042
 5855,995
 6000,336
 5931,130
 5968,962
 5962,985
 5927,673
 5905,137
 5880,667
 5968,478
 5907,630
 5913,757
 5892,307
 5842,737
 5893,847
 5878,245
 5990,076
 5898,713
 5822,995
 5886,167
 5874,933
 5854,137
 5905,822
 5849,500
 5844,533
 5824,876
 5849,958
 5857,122
 5926,069
 5822,101
 5926,364
 5918,842
 5839,667
 5879,811
 5762,067
 5875,167
 5894,028
 5895,667
 5750,900
 5928,384
 5819,742
 5732,041
 5832,953
 5752,502
 5798,386
 5803,021
 5823,396
 5833,026
 5888,910
 5804,700
 5817,943
 5778,287
 5779,553
 5847,318
 5843,432
 5740,941
 5725,303
 5766,773
 5676,339
 5724,966
 5737,273
 5760,665
 5715,149
 5757,297
 5786,679
 5800,563
 5699,150
 5679,491
 5771,631
 5808,615
 5662,744
 5643,776
 5661,221
 5767,839
 5619,811
 5712,820
 5769,120
 5659,636
 5683,857
 5786,272
 5747,224
 5694,568
 5661,786
 5711,195
 5682,577
 5743,995
 5682,343
 5601,821
 5706,620
 5597,190
 5640,441
 5633,785
 5647,535
 5721,485
 5684,209
 5670,754
 5690,767
 5586,845
 5643,967
 5544,896
 5630,251
 5554,061
 5546,853
 5623,350
 5643,571
 5650,680
 5709,934
 5631,279
 5570,774
 5616,622
 5527,998
 5605,347
 5561,852
 5637,136
 5550,093
 5600,322
 5573,862
 5600,692
 5555,216
 5574,433
 5557,918
 5568,630
 5541,897
 5540,415
 5609,761
 5480,208
 5500,041
 5514,256
 5415,849
 5486,798
 5529,463
 5579,023
 5501,087
 5576,333
 5565,097
 5536,939
 5477,452
 5510,398
 5489,605
 5513,695
 5408,586
 5452,502
 5447,845
 5462,107
 5537,257
 5513,636
 5424,087
 5403,746
 5518,355
 5415,693
 5459,652
 5459,071
 5417,143
 5427,161
 5379,898
 5357,095
 5354,402
 5389,352
 5429,904
 5381,937
 5474,105
 5402,493
 5370,389
 5316,953
 5419,923
 5363,133
 5394,365
 5395,394
 5404,810
 5372,180
 5323,756
 5377,048
 5353,683
 5326,199
 5342,136
 5335,843
 5340,600
 5339,490
 5304,689
 5334,608
 5284,997
 5347,946
 5360,221
 5311,463
 5327,313
 5359,771
 5326,448
 5272,497
 5298,810
 5279,535
 5273,614
 5281,675
 5233,627
 5232,516
 5360,540
 5271,722
 5272,882
 5317,574
 5267,759
 5286,894
 5250,116
 5279,949
 5252,812
 5256,779
 5241,904
 5230,435
 5155,959
 5134,561
 5194,075
 5211,098
 5247,794
 5179,491
 5230,366
 5193,460
 5183,766
 5154,829
 5155,637
 5253,725
 5095,589
 5180,059
 5112,732
 5090,438
 5141,262
 5232,683
 5146,081
 5097,273
 5085,892
 5129,791
 5096,645
 5121,285
 5104,351
 5069,152
 5132,448
 5092,408
 5121,379
 5105,667
 5116,329
 4973,924
 5139,822
 5065,287
 5033,844
 5187,810
 5096,435
 5079,337
 5017,617
 5055,537
 4965,189
 5016,043
 5091,466
 5103,877
 4919,445
 4912,007
 4989,565
 4989,045
 5035,609
 4910,479
 4932,780
 5084,321
 4955,072
 5034,750
 4983,585
 5001,323
 4962,573
 4897,378
 4942,242
 4944,392
 4912,274
 4972,692
 4936,290
 4917,299
 4973,918
 4981,109
 4907,428
 4848,659
 4910,074
 4871,375
 4919,174
 4818,142
 4848,227
 4915,178
 4880,506
 4809,508
 4860,541
 4775,938
 4838,620
 4931,270
 4814,058
 4857,933
 4803,171
 4767,809
 4762,488
 4822,949
 4818,104
 4814,402
 4787,039
 4798,248
 4750,338
 4834,861
 4845,543
 4773,218
 4784,280
 4751,946
 4843,560
 4782,756
 4769,569
 4686,506
 4777,921
 4720,778
 4759,085
 4789,915
 4758,401
 4731,862
 4812,473
 4791,697
 4746,047
 4762,322
 4813,722
 4750,607
 4785,626
 4849,393
 4774,062
 4831,239
 4778,297




























































































































































































































































































































































































































































































































































































































































































































































































































































































































































































































































































































































































































































































































































































































































































































































































































































































































































































































































































































































































































































































































































































































































































































































































































































































































































































































































































































































































































































































































































































































































































































































































































































































































































































































































































































































































































































































































































































































































































































































































































































































































































































































































































































































































































































































































































































































































































































































































































































































































































































































































































































































































































































































































































































































































































































































































































































































































































































































































































































































































































































































































































































































































































































































































































































































































































































































































































































































































































































































































































































































































































































































































































































































































































































































































































































































































































































































































































































































































































































































































































































































































































































































































































































































































































































































































































































































































































































































































































































































































































































































































































































































































































































































































































































































































































































































































































































































































































































































































































































































































































































































































































































































































































































































































































































































































































































































































































































































































































































































































































































































































































































































































































































































































































































































































































































































































































































































































































































































































































































































































































































































































































































































































































































































































































































































































































































































































































































































































































































































































































































































































































































































































































































































































































































































































































































































































































































































































































































































































































































































































































































































































































































































































































































































































































































































































































































































































































































































































































































































































































































































































































































































































































































































































































































































































































































































































































































































































































































































































































































































































































































































































































































































































































































































































































































































































































































































































































































































































































































































































































































































































































































































































































































































































































































































































































































































































































































































































































































































































































































































































































































































































































































































































































































































































































































































































































































































































































































































































































































































































































































































































































































































































































































































































































































































































































































































































































































































































































































































































































































































































































































































































































































































































































































































































































































































































































































































































































































































































































































































































































































































































































































































































































































































































































































































































































































































































































































































































































































































































































































































































































































































































































































































































































































































































































































































































































































































































































































































































































































































































































































































































































































































































































































































































































































































































































































































































































































































































































































































































































































































































































































































































































































































































































































































































































































































































































































































































































































































































































































































































































































































































































































































































































































































































































































































































































































































































































































































































































































































































































































































































































































































































































































































































































































































































































































































































































































































































































































































































































































































































































































































































































































































































































































































































































































































































































































































































































































































































































































































































































































































































































































































































































































































































































































































































































































































































































































































































































































































































































































































































































































































































































































































































































































































































































































































































































































































































































































































































































































































































































































































































































































































































































































































































































































































































