 144,101
 119,135
 136,848
 161,846
 119,833
 140,831
 119,971
 107,831
 156,151
 101,804
 113,171
 146,531
 111,817
 144,886
 126,228
 102,649
 131,085
 124,154
 131,738
 129,865
 142,426
 150,368
 136,914
 116,636
 134,888
 98,354
 147,142
 118,440
 138,575
 157,139
 152,612
 145,503
 139,608
 141,294
 147,228
 162,735
 128,607
 106,681
 133,837
 146,270
 137,624
 135,277
 131,075
 142,913
 124,724
 116,982
 128,170
 134,230
 152,778
 159,188
 137,766
 85,780
 110,468
 129,049
 119,615
 138,312
 150,863
 143,340
 117,982
 112,152
 172,298
 103,440
 125,974
 104,353
 116,583
 168,348
 138,403
 133,856
 136,345
 129,714
 114,021
 128,192
 152,168
 174,948
 119,181
 117,937
 121,956
 139,926
 104,712
 142,225
 146,466
 130,348
 129,712
 130,777
 132,191
 118,797
 81,834
 115,072
 132,567
 144,813
 111,950
 132,962
 142,312
 150,457
 135,219
 149,406
 146,051
 142,067
 154,763
 138,604
 145,121
 120,613
 125,628
 118,306
 133,093
 125,871
 113,970
 132,105
 130,612
 141,450
 122,077
 134,911
 139,900
 162,758
 133,701
 126,688
 95,407
 119,557
 127,107
 129,061
 133,979
 146,097
 123,638
 139,267
 140,539
 121,598
 133,950
 130,811
 123,400
 133,450
 118,601
 136,122
 157,636
 128,395
 138,996
 95,430
 114,089
 62,458
 143,097
 119,312
 111,542
 151,027
 116,091
 113,351
 130,383
 111,257
 115,871
 125,170
 158,227
 122,551
 101,461
 136,819
 138,895
 104,448
 108,672
 145,523
 103,011
 146,916
 162,347
 124,211
 128,417
 126,782
 118,377
 137,615
 145,303
 115,128
 135,723
 135,005
 115,655
 169,299
 114,040
 125,576
 118,074
 105,165
 140,151
 105,161
 114,530
 154,139
 126,655
 121,349
 135,318
 127,925
 117,247
 118,416
 127,495
 143,136
 113,070
 125,961
 121,068
 134,878
 133,685
 141,759
 121,454
 115,373
 95,177
 118,446
 115,975
 119,613
 106,721
 122,964
 146,711
 125,869
 132,431
 112,363
 93,173
 105,534
 112,103
 119,262
 133,881
 111,313
 86,199
 144,968
 130,953
 130,338
 112,201
 138,013
 118,062
 75,575
 122,385
 119,307
 117,890
 107,603
 118,062
 117,570
 105,724
 112,240
 136,832
 110,454
 111,574
 165,202
 84,694
 136,311
 97,933
 103,345
 102,417
 123,110
 93,985
 110,487
 119,664
 108,942
 77,042
 135,159
 73,487
 126,044
 102,145
 134,998
 102,256
 103,541
 118,612
 107,010
 93,539
 99,451
 121,833
 95,529
 96,849
 108,292
 97,484
 93,730
 105,443
 98,525
 130,788
 127,558
 113,558
 108,731
 118,010
 137,931
 115,071
 102,257
 98,639
 81,324
 87,982
 86,885
 99,520
 118,406
 110,228
 97,719
 80,189
 103,197
 104,885
 93,810
 104,173
 73,197
 94,278
 124,608
 92,849
 106,640
 132,514
 114,033
 117,385
 113,891
 76,583
 126,117
 93,961
 101,923
 120,554
 93,040
 102,926
 85,197
 115,459
 114,937
 129,289
 96,302
 80,735
 89,779
 93,838
 102,542
 102,364
 86,057
 84,689
 139,551
 87,761
 75,697
 108,638
 109,970
 70,701
 124,908
 92,780
 97,098
 83,114
 93,602
 115,778
 107,580
 84,826
 96,495
 89,554
 93,299
 87,456
 93,119
 96,532
 97,813
 110,282
 97,439
 91,144
 94,961
 78,145
 65,424
 80,721
 87,274
 92,638
 122,335
 84,594
 117,096
 88,304
 73,547
 106,246
 92,963
 112,620
 111,474
 105,130
 93,102
 108,981
 108,006
 124,610
 103,673
 96,262
 90,515
 108,736
 103,311
 66,839
 84,417
 86,620
 97,764
 93,667
 70,638
 91,406
 108,150
 112,931
 96,986
 98,732
 88,890
 97,708
 91,835
 87,338
 105,453
 90,233
 63,336
 94,722
 80,035
 66,469
 107,452
 101,108
 63,742
 101,030
 109,182
 107,099
 68,486
 122,707
 96,189
 102,880
 130,075
 73,291
 88,615
 107,984
 133,179
 86,979
 81,288
 106,694
 91,509
 100,661
 86,821
 99,778
 92,364
 109,797
 95,633
 91,489
 88,960
 121,755
 117,198
 108,469
 93,259
 105,893
 98,726
 86,858
 97,126
 117,233
 82,787
 90,289
 98,964
 85,923
 92,783
 128,888
 92,359
 111,774
 97,503
 93,747
 121,856
 108,348
 100,864
 105,191
 83,607
 112,093
 107,328
 103,545
 110,446
 68,444
 94,380
 118,769
 75,377
 80,011
 91,697
 83,918
 135,246
 90,910
 82,680
 95,289
 82,849
 83,916
 81,040
 84,375
 101,345
 83,466
 60,880
 74,052
 113,822
 127,374
 48,672
 97,719
 89,386
 97,955
 97,532
 82,318
 118,833
 83,049
 48,831
 59,807
 88,236
 101,091
 86,249
 120,966
 62,801
 114,184
 96,451
 69,575
 99,680
 103,538
 80,264
 97,840
 103,054
 83,104
 84,049
 71,346
 80,168
 80,895
 69,506
 78,391
 105,961
 118,298
 77,757
 86,502
 79,322
 99,063
 108,318
 90,035
 97,793
 110,028
 82,184
 105,487
 90,067
 76,852
 91,137
 103,010
 108,972
 104,775
 114,609
 93,264
 117,385
 79,098
 98,285
 114,794
 82,922
 82,866
 98,953
 98,374
 98,048
 110,009
 103,320
 91,059
 96,817
 76,956
 84,364
 114,085
 86,520
 96,102
 131,778
 95,636
 75,674
 85,760
 100,667
 117,643
 105,011
 93,952
 35,983
 119,988
 126,356
 95,896
 87,467
 85,632
 115,340
 86,140
 93,153
 86,111
 80,005
 100,449
 91,207
 113,411
 70,157
 117,211
 110,332
 73,221
 98,699
 112,411
 92,406
 111,433
 102,998
 94,504
 111,705
 82,673
 112,084
 66,681
 94,258
 104,116
 116,744
 126,666
 108,330
 156,570
 114,667
 88,695
 108,214
 92,811
 102,142
 73,425
 98,765
 91,613
 119,659
 83,373
 97,526
 116,115
 78,466
 107,637
 107,216
 101,040
 100,079
 117,084
 122,401
 98,427
 105,833
 86,625
 101,013
 114,554
 95,717
 110,678
 90,412
 99,206
 104,595
 104,845
 103,168
 93,512
 111,407
 104,062
 98,896
 94,510
 99,701
 116,909
 102,174
 116,463
 82,262
 97,438
 81,227
 111,398
 88,203
 122,423
 89,983
 114,523
 98,715
 102,687
 102,645
 116,230
 87,150
 83,854
 91,348
 85,097
 90,929
 99,652
 118,682
 86,008
 91,354
 118,199
 94,987
 111,414
 110,996
 61,721
 85,043
 111,219
 80,475
 76,330
 104,308
 107,762
 109,638
 92,317
 93,101
 93,443
 98,948
 103,265
 97,519
 112,998
 118,282
 79,356
 77,487
 122,152
 133,095
 77,426
 99,490
 114,025
 112,112
 106,390
 100,282
 111,060
 112,920
 94,458
 83,191
 99,184
 106,450
 97,973
 107,545
 135,816
 102,737
 79,031
 115,752
 99,550
 124,204
 91,115
 79,297
 99,743
 115,888
 90,181
 129,988
 107,718
 97,874
 69,842
 110,460
 97,633
 87,243
 87,196
 92,111
 79,913
 96,624
 107,378
 93,434
 101,636
 115,645
 76,917
 117,241
 72,278
 89,482
 129,450
 94,636
 118,610
 110,822
 109,869
 87,712
 103,922
 99,916
 79,046
 103,474
 99,234
 127,393
 99,516
 133,678
 125,869
 55,943
 110,770
 113,703
 101,433
 102,334
 86,118
 95,217
 91,062
 122,497
 117,961
 110,474
 132,968
 95,875
 114,309
 116,075
 88,490
 116,105
 106,586
 102,661
 97,144
 120,935
 99,091
 99,855
 95,563
 105,270
 102,699
 116,286
 76,291
 97,214
 132,965
 117,283
 109,990
 104,449
 122,557
 89,959
 84,624
 97,478
 91,307
 115,473
 101,629
 110,675
 109,857
 98,433
 124,464
 114,923
 88,662
 125,082
 107,533
 99,817
 73,339
 61,873
 110,036
 130,769
 101,242
 72,757
 117,407
 114,001
 118,887
 67,503
 124,823
 109,417
 94,004
 135,997
 125,322
 91,506
 116,970
 97,313
 100,329
 112,396
 103,947
 128,177
 129,192
 101,417
 91,485
 107,643
 120,412
 101,020
 120,264
 105,429
 94,781
 125,058
 108,564
 110,028
 104,085
 87,006
 143,942
 123,662
 111,365
 121,033
 104,625
 109,801
 115,835
 105,725
 128,224
 105,067
 78,638
 113,088
 103,253
 112,919
 104,730
 113,621
 135,240
 127,781
 118,740
 156,419
 126,684
 104,577
 91,022
 110,115
 101,774
 111,411
 109,979
 93,651
 96,773
 103,699
 90,811
 95,301
 105,844
 119,595
 93,309
 87,870
 127,226
 91,596
 122,708
 132,580
 117,535
 116,090
 115,627
 117,315
 86,760
 118,682
 93,276
 125,784
 101,867
 107,864
 124,165
 117,272
 118,404
 122,673
 117,477
 114,460
 79,213
 120,328
 88,844
 129,996
 120,826
 103,431
 134,766
 118,942
 153,042
 145,018
 117,352
 101,530
 84,340
 117,553
 88,176
 91,918
 155,924
 92,551
 106,189
 128,995
 138,605
 103,216
 76,304
 122,643
 135,829
 119,981
 106,500
 112,200
 123,713
 119,140
 114,060
 114,835
 136,709
 123,252
 116,406
 119,902
 131,349
 115,724
 84,953
 144,559
 56,724
 114,619
 120,855
 58,721
 114,355
 135,440
 150,612
 122,551
 105,187
 135,684
 116,677
 131,794
 137,745
 112,662
 110,081
 116,710
 110,236
 112,693
 116,982
 141,246
 121,879
 122,887
 149,882
 127,873
 126,842
 87,295
 119,255
 139,381
 144,932
 107,524
 110,200
 112,056
 124,088
 107,267
 117,730
 112,764
 127,721
 137,469
 138,702
 145,007
 134,973
 111,990
 113,769
 132,454
 127,710
 140,807
 116,478
 126,206
 130,470
 150,353
 115,104
 141,957
 119,973
 144,822
 120,405
 106,284
 151,122
 126,941
 95,372
 145,456
 141,779
 123,279
 131,566
 119,909
 115,208
 136,173
 125,295
 142,924
 119,871
 115,154
 149,488
 117,854
 119,789
 123,950
 142,375
 134,486
 154,870
 111,349
 137,826
 124,617
 131,777
 149,268
 141,133
 135,679
 135,320
 129,501
 130,019
 111,434
 131,438
 160,277
 135,301
 158,272
 120,674
 122,231
 107,191
 154,372
 121,060
 155,097
 170,164
 133,330
 88,072
 138,658
 130,136
 178,389
 142,520
 120,190
 121,362
 136,583
 120,368
 148,351
 124,791
 114,257
 126,988
 134,466
 146,389
 147,079
 129,897
 170,305
 141,251
 131,547
 129,707
 148,661
 128,689
 143,371
 141,761
 127,684
 155,643
 138,688
 99,452
 144,816
 136,322
 137,512
 162,320
 152,917
 148,272
 156,258
 123,684
 158,796
 144,709
 128,073
 130,894
 145,677
 148,263
 148,772
 128,968
 143,455
 130,145
 133,009
 145,389
 127,994
 126,511
 128,431
 151,269
 100,564
 117,768
 160,055
 169,506
 132,591
 130,307
 154,981
 130,543
 136,172
 115,771
 141,903
 152,802
 120,738
 124,726
 109,155
 137,210
 149,785
 152,449
 173,383
 133,986
 122,306
 155,495
 167,171
 138,803
 149,062
 148,105
 161,947
 113,536
 127,242
 146,083
 110,669
 130,221
 138,126
 143,676
 125,991
 133,603
 157,488
 131,254
 149,810
 146,325
 137,201
 119,233
 148,149
 149,030
 171,510
 150,605
 161,922
 123,353
 131,498
 117,270
 140,172
 99,703
 146,240
 146,249
 137,410
 126,021
 155,288
 151,265
 160,149
 120,174
 150,110
 145,858
 138,723
 170,117
 149,829
 154,572
 138,827
 167,713
 116,299
 138,739
 146,974
 135,537
 127,187
 144,240
 177,167
 84,250
 130,290
 138,615
 143,807
 147,288
 142,776
 131,208
 189,292
 140,630
 118,737
 131,223
 164,318
 157,855
 152,600
 119,636
 150,215
 120,976
 148,277
 161,332
 163,391
 121,083
 178,483
 143,823
 156,140
 150,024
 156,393
 128,279
 154,161
 141,612
 107,735
 132,072
 130,979
 91,515
 146,279
 174,756
 161,751
 140,918
 168,813
 157,379
 149,521
 128,924
 157,045
 125,092
 109,663
 139,723
 149,461
 124,069
 146,706
 127,749
 134,205
 135,593
 167,938
 171,203
 150,879
 149,753
 143,628
 147,140
 169,931
 117,221
 139,910
 155,694
 125,117
 162,248
 172,656
 138,502
 155,781
 140,923
 141,249
 137,951
 148,659
 107,259
 184,734
 170,196
 140,760
 186,084
 176,260
 142,016
 157,238
 180,614
 145,780
 126,517
 165,845
 154,527
 135,559
 156,020
 179,076
 158,412
 148,779
 161,274
 147,132
 144,350
 158,830
 141,092
 160,837
 151,922
 150,338
 145,810
 135,548
 177,594
 176,658
 180,254
 142,174
 154,873
 150,145
 172,997
 153,651
 146,711
 166,216
 170,120
 157,537
 172,765
 155,963
 158,197
 160,567
 151,351
 187,927
 147,056
 137,381
 123,377
 160,380
 173,886
 155,602
 151,732
 189,431
 138,143
 148,680
 170,333
 142,153
 144,518
 157,897
 143,530
 141,336
 179,133
 174,775
 162,613
 177,046
 153,058
 162,820
 142,001
 168,857
 158,014
 163,011
 159,161
 176,457
 214,568
 189,931
 153,951
 171,405
 158,666
 127,884
 167,150
 172,554
 160,024
 158,246
 169,100
 167,396
 155,480
 165,196
 169,058
 173,278
 162,369
 153,188
 164,233
 194,004
 171,510
 173,627
 168,860
 140,124
 156,064
 145,404
 167,206
 162,488
 163,585
 175,708
 161,004
 181,797
 177,182
 149,995
 134,896
 170,087
 201,337
 147,244
 164,193
 188,770
 136,374
 139,946
 158,142
 190,086
 153,436
 182,776
 170,361
 200,138
 189,780
 167,772
 192,552
 155,026
 147,214
 182,512
 198,406
 156,220
 189,450
 169,668
 168,178
 155,912
 148,806
 177,413
 138,072
 181,182
 152,606
 171,545
 194,684
 163,166
 174,058
 159,369
 188,473
 179,210
 192,748
 154,009
 193,596
 158,605
 191,453
 164,067
 161,195
 151,858
 155,443
 173,610
 153,297
 189,623
 155,061
 148,670
 161,552
 156,024
 145,116
 149,316
 170,749
 151,832
 164,214
 194,182
 156,796
 147,341
 162,811
 169,394
 165,976
 172,706
 198,916
 165,344
 181,416
 160,740
 174,762
 187,547
 205,166
 177,140
 172,979
 173,238
 172,251
 160,118
 173,038
 188,633
 159,796
 208,207
 188,354
 185,076
 193,301
 177,960
 161,996
 162,474
 194,051
 192,273
 202,192
 162,054
 202,941
 149,340
 181,664
 191,533
 198,809
 180,367
 186,236
 146,982
 203,743
 164,460
 184,891
 226,405
 120,343
 155,244
 194,112
 152,246
 178,341
 196,426
 182,844
 161,581
 153,653
 179,024
 178,247
 142,589
 178,969
 168,754
 183,019
 193,998
 187,730
 173,598
 173,054
 189,477
 180,038
 173,103
 189,007
 185,892
 169,789
 149,932
 171,582
 178,485
 152,833
 138,728
 179,001
 189,870
 197,991
 182,787
 155,411
 188,516
 190,165
 181,246
 172,196
 210,733
 153,608
 169,492
 156,949
 178,532
 205,815
 183,418
 170,422
 165,536
 179,677
 159,776
 190,378
 181,342
 165,967
 220,446
 176,171
 163,682
 183,970
 201,789
 173,743
 159,664
 192,282
 183,567
 162,703
 183,077
 159,551
 162,357
 174,513
 187,995
 191,946
 184,396
 179,639
 156,422
 168,704
 199,218
 188,839
 201,501
 192,000
 187,144
 166,111
 173,839
 205,227
 204,225
 150,354
 187,401
 200,161
 203,255
 178,123
 168,530
 184,861
 174,159
 185,624
 204,140
 195,961
 187,591
 177,553
 177,546
 172,071
 179,227
 200,805
 189,006
 214,500
 218,697
 172,209
 206,709
 189,441
 203,677
 212,492
 208,036
 195,441
 190,448
 189,609
 173,516
 195,971
 215,016
 190,212
 195,992
 180,417
 199,229
 182,012
 198,870
 221,429
 180,580
 175,795
 197,507
 203,390
 178,326
 177,279
 198,751
 194,698
 190,934
 187,524
 177,803
 183,750
 183,688
 195,366
 212,311
 208,467
 194,021
 200,999
 191,612
 231,200
 210,397
 196,979
 154,110
 168,949
 204,934
 192,995
 181,798
 209,760
 204,885
 200,125
 198,953
 210,733
 196,570
 203,631
 160,913
 215,069
 167,937
 204,641
 206,506
 187,664
 198,272
 199,016
 207,110
 207,292
 192,079
 178,519
 211,778
 193,593
 183,190
 205,366
 213,237
 186,791
 207,382
 164,891
 201,893
 215,731
 191,676
 185,994
 193,511
 200,956
 208,151
 178,853
 189,154
 180,013
 164,385
 197,397
 186,217
 207,139
 194,707
 203,204
 217,981
 212,846
 205,849
 193,176
 217,424
 162,395
 179,112
 191,585
 193,544
 214,717
 201,798
 227,464
 193,796
 171,035
 187,471
 204,659
 207,590
 197,998
 205,159
 200,147
 189,362
 190,630
 213,661
 176,110
 213,343
 194,569
 204,297
 188,964
 213,742
 204,186
 200,493
 207,142
 209,703
 200,546
 214,710
 222,740
 201,319
 218,478
 197,434
 200,460
 190,875
 214,396
 210,787
 195,768
 193,099
 206,329
 201,047
 227,794
 202,945
 199,998
 242,453
 205,353
 225,055
 225,386
 208,089
 221,667
 211,862
 225,495
 196,710
 195,970
 206,775
 186,461
 204,339
 191,023
 202,668
 205,568
 185,817
 202,439
 201,773
 214,632
 214,591
 227,465
 222,461
 209,413
 210,974
 220,607
 212,203
 205,433
 191,989
 239,335
 202,927
 168,370
 225,911
 207,000
 200,793
 245,821
 206,501
 235,201
 201,661
 245,256
 214,033
 192,381
 200,254
 236,185
 222,558
 233,053
 219,651
 216,193
 223,120
 208,361
 196,359
 224,540
 208,169
 193,036
 176,277
 205,780
 218,781
 205,365
 194,944
 104,004
 210,760
 220,873
 209,098
 194,425
 195,304
 209,802
 199,112
 210,800
 215,275
 218,284
 202,922
 213,520
 227,681
 234,706
 214,031
 210,905
 225,606
 217,491
 185,308
 218,741
 224,020
 230,244
 209,356
 195,318
 229,478
 196,603
 210,022
 256,799
 236,623
 195,417
 239,930
 244,575
 191,766
 237,105
 206,047
 190,129
 221,742
 224,772
 230,474
 227,349
 233,941
 216,790
 223,838
 194,528
 215,214
 231,243
 205,194
 216,708
 236,619
 217,335
 215,861
 239,968
 225,192
 245,433
 200,243
 217,310
 215,592
 269,226
 234,840
 246,189
 208,869
 211,285
 244,046
 248,528
 232,840
 230,093
 221,928
 227,815
 223,355
 229,990
 220,413
 207,769
 209,280
 248,672
 229,045
 205,909
 218,264
 214,285
 248,524
 244,042
 223,522
 229,200
 212,026
 196,787
 242,804
 214,728
 233,693
 198,048
 229,509
 226,627
 197,345
 217,050
 240,968
 229,461
 247,327
 232,245
 230,129
 198,484
 208,952
 221,983
 217,412
 204,283
 243,822
 245,808
 260,727
 225,456
 233,006
 203,519
 225,071
 251,218
 235,587
 223,133
 214,592
 248,270
 249,192
 214,527
 234,076
 207,985
 253,255
 215,281
 230,073
 234,661
 236,463
 219,901
 240,949
 238,011
 214,427
 217,170
 219,081
 213,930
 232,029
 231,319
 233,453
 222,933
 230,210
 233,530
 241,537
 247,963
 253,650
 245,393
 210,234
 224,226
 161,492
 240,321
 233,984
 253,034
 219,541
 251,435
 228,428
 253,869
 207,079
 230,376
 211,781
 241,242
 227,784
 252,439
 232,075
 248,122
 240,208
 235,641
 210,021
 218,592
 220,191
 254,180
 219,699
 226,420
 271,052
 246,562
 230,601
 264,624
 238,437
 217,291
 230,481
 250,811
 240,983
 207,595
 233,823
 235,621
 228,242
 231,485
 209,017
 232,400
 253,272
 209,330
 197,757
 219,479
 206,408
 220,602
 246,424
 234,546
 246,897
 225,094
 236,130
 222,450
 218,312
 231,438
 222,149
 211,484
 244,077
 230,276
 210,614
 235,253
 192,677
 221,504
 236,536
 272,213
 222,928
 234,517
 233,350
 232,841
 241,246
 224,295
 220,865
 219,800
 233,254
 239,345
 230,030
 256,385
 219,767
 227,703
 252,998
 245,269
 238,284
 247,037
 244,591
 261,618
 245,843
 248,394
 250,896
 268,024
 241,560
 269,353
 283,266
 262,245
 230,173
 246,400
 227,573
 255,788
 250,364
 239,078
 265,598
 224,292
 210,582
 203,879
 207,559
 222,514
 251,124
 250,331
 244,939
 240,879
 236,818
 238,558
 250,608
 253,019
 244,118
 275,145
 257,508
 201,466
 237,799
 266,873
 231,719
 236,538
 235,019
 227,036
 276,879
 258,800
 277,612
 246,828
 259,570
 236,495
 227,273
 269,797
 241,572
 220,270
 263,195
 216,778
 236,114
 271,558
 219,828
 276,733
 226,699
 227,668
 269,885
 248,352
 219,483
 198,569
 259,190
 242,347
 266,368
 264,883
 256,199
 272,459
 252,449
 233,744
 243,570
 226,692
 246,745
 242,882
 240,412
 291,993
 261,757
 241,052
 248,297
 224,530
 261,406
 264,557
 246,962
 269,134
 252,924
 220,306
 235,334
 250,752
 258,148
 256,487
 258,546
 240,469
 260,433
 226,673
 243,530
 218,978
 254,370
 243,047
 281,359
 252,180
 264,981
 247,499
 228,208
 235,897
 263,731
 238,250
 271,427
 270,426
 256,900
 273,763
 238,699
 266,318
 257,190
 260,997
 234,420
 262,789
 240,254
 211,043
 234,451
 270,012
 244,920
 286,774
 257,033
 272,637
 290,874
 279,175
 240,195
 191,676
 265,827
 246,275
 249,458
 270,894
 270,143
 290,770
 255,053
 244,081
 284,274
 230,815
 257,030
 261,366
 255,745
 196,805
 272,181
 266,947
 252,081
 238,473
 277,518
 228,869
 251,285
 244,831
 243,082
 229,053
 262,303
 264,469
 207,489
 246,022
 266,111
 243,690
 279,278
 259,379
 259,751
 276,417
 270,607
 267,725
 278,562
 269,089
 263,157
 252,526
 286,815
 255,587
 237,234
 282,084
 264,851
 253,602
 242,498
 253,978
 249,475
 260,256
 268,924
 216,688
 257,582
 272,516
 276,571
 225,660
 270,010
 271,304
 228,412
 278,388
 247,313
 250,354
 277,247
 254,999
 260,423
 252,580
 289,270
 242,279
 244,801
 273,559
 271,296
 231,931
 266,592
 269,402
 282,982
 314,484
 263,176
 262,860
 270,566
 290,216
 250,815
 243,105
 241,615
 263,254
 260,024
 271,821
 283,924
 289,011
 299,054
 291,431
 272,969
 285,253
 286,576
 226,842
 256,712
 245,227
 268,001
 262,604
 271,591
 288,477
 277,633
 273,239
 278,374
 264,534
 280,329
 258,468
 260,243
 262,875
 235,184
 282,182
 240,645
 251,678
 271,262
 284,706
 266,761
 233,921
 244,081
 293,167
 247,727
 284,314
 246,373
 263,348
 263,787
 282,207
 247,682
 260,986
 274,977
 249,255
 291,900
 289,399
 315,965
 301,078
 271,919
 278,060
 286,998
 257,521
 276,015
 279,205
 253,723
 288,531
 259,032
 276,032
 260,377
 271,231
 280,730
 249,912
 262,861
 259,165
 298,469
 255,099
 291,906
 287,752
 274,624
 296,837
 282,825
 256,715
 273,478
 251,252
 302,091
 262,913
 287,834
 262,777
 259,699
 270,814
 264,834
 259,586
 312,447
 281,246
 278,998
 287,566
 280,525
 292,533
 305,838
 239,963
 275,696
 301,245
 293,340
 263,111
 279,059
 276,502
 282,144
 286,710
 287,661
 281,413
 279,700
 282,522
 269,369
 258,585
 251,320
 268,685
 281,224
 295,576
 285,159
 305,217
 293,680
 260,354
 283,961
 306,438
 284,334
 263,108
 286,697
 288,401
 297,788
 292,980
 285,329
 253,821
 305,671
 284,772
 279,388
 300,776
 288,315
 300,627
 268,300
 246,345
 283,162
 292,240
 286,193
 278,265
 263,915
 280,420
 285,700
 279,134
 286,397
 299,685
 314,700
 241,653
 305,391
 270,381
 246,117
 302,103
 286,216
 281,155
 302,146
 309,955
 291,816
 275,934
 262,408
 301,784
 300,783
 248,283
 319,078
 287,914
 285,200
 286,531
 266,015
 305,020
 247,394
 288,465
 281,271
 275,609
 312,138
 305,091
 308,822
 313,236
 272,081
 257,542
 277,593
 274,313
 265,694
 259,583
 307,099
 279,225
 277,454
 291,679
 242,808
 282,673
 287,909
 270,991
 273,457
 310,624
 276,936
 297,353
 280,219
 297,326
 297,833
 299,804
 257,856
 288,966
 284,341
 298,829
 311,106
 301,306
 287,135
 295,349
 307,110
 283,774
 324,743
 277,518
 309,655
 279,138
 294,518
 318,132
 279,347
 306,895
 296,648
 298,368
 288,742
 328,208
 302,303
 300,512
 289,973
 296,269
 327,861
 281,123
 329,565
 283,667
 310,099
 286,105
 277,472
 280,409
 268,584
 280,800
 301,558
 262,151
 316,659
 293,936
 283,716
 295,614
 285,592
 311,859
 340,675
 309,553
 294,157
 286,169
 284,985
 284,101
 275,296
 279,171
 315,201
 310,342
 330,149
 280,723
 285,818
 281,775
 307,237
 298,428
 307,794
 303,555
 289,776
 270,014
 303,840
 287,553
 315,169
 303,768
 289,323
 309,304
 338,860
 324,554
 280,226
 298,229
 312,643
 284,177
 331,611
 326,690
 300,624
 285,735
 298,242
 299,797
 290,696
 293,755
 265,374
 320,732
 291,447
 308,031
 297,283
 283,073
 316,636
 304,816
 336,010
 289,140
 258,946
 307,382
 291,713
 318,141
 290,742
 303,579
 298,349
 284,511
 319,496
 310,729
 281,863
 290,396
 293,747
 284,411
 318,263
 292,004
 303,758
 174,413
 292,068
 313,244
 307,492
 305,785
 300,611
 292,683
 322,974
 302,406
 323,167
 286,357
 304,787
 323,717
 323,058
 291,148
 340,973
 325,988
 285,154
 315,686
 301,802
 299,161
 291,136
 295,231
 306,514
 283,500
 315,319
 275,458
 320,185
 336,410
 264,857
 298,892
 288,698
 303,222
 301,732
 317,532
 285,519
 325,864
 291,588
 319,760
 328,285
 319,929
 297,219
 339,009
 326,262
 308,308
 307,781
 354,732
 320,853
 305,371
 304,841
 327,395
 297,624
 290,259
 309,499
 299,736
 311,652
 301,739
 316,628
 331,036
 323,453
 364,771
 313,631
 286,685
 308,510
 299,017
 306,757
 299,613
 278,455
 326,047
 284,857
 273,478
 321,357
 330,722
 297,489
 315,739
 332,853
 304,021
 327,651
 299,496
 318,088
 302,937
 312,228
 305,794
 302,743
 337,332
 313,209
 313,694
 293,743
 317,531
 318,451
 312,873
 339,029
 296,813
 317,746
 308,500
 310,078
 314,469
 294,138
 290,712
 309,358
 302,073
 304,625
 292,984
 294,810
 289,373
 317,290
 303,141
 315,963
 332,004
 269,023
 342,286
 290,670
 322,157
 297,922
 323,192
 316,759
 324,293
 339,739
 325,582
 284,757
 314,599
 329,755
 281,912
 322,303
 329,104
 284,379
 320,277
 288,336
 314,632
 311,214
 270,777
 327,778
 310,639
 298,653
 294,937
 320,315
 307,386
 320,255
 327,685
 287,263
 316,166
 290,830
 307,327
 360,013
 300,187
 325,053
 321,412
 288,344
 336,802
 326,951
 314,687
 307,645
 312,150
 308,742
 310,357
 291,570
 307,762
 303,454
 336,331
 317,941
 347,984
 339,668
 318,154
 273,664
 323,640
 309,944
 308,588
 332,740
 295,158
 316,478
 313,570
 329,805
 318,847
 304,594
 320,737
 307,077
 333,524
 296,016
 324,750
 315,249
 315,162
 298,037
 321,430
 311,419
 290,632
 304,227
 326,105
 322,641
 325,855
 311,020
 314,747
 311,595
 302,853
 319,906
 322,910
 280,714
 299,083
 325,122
 307,856
 295,030
 298,032
 295,824
 291,493
 317,281
 318,199
 289,135
 322,475
 289,937
 279,726
 322,036
 301,220
 256,727
 348,812
 311,670
 306,816
 278,236
 295,944
 346,543
 333,859
 311,419
 287,851
 303,224
 290,272
 323,021
 321,062
 320,131
 314,914
 299,219
 334,950
 348,403
 311,333
 324,525
 325,607
 293,982
 342,450
 264,314
 353,642
 308,223
 303,447
 328,839
 315,614
 318,098
 345,968
 297,840
 321,330
 321,798
 325,234
 308,924
 340,327
 315,071
 331,654
 345,775
 313,410
 307,459
 314,561
 298,466
 313,761
 339,322
 344,401
 357,508
 326,911
 312,492
 332,051
 303,902
 331,435
 308,092
 318,232
 312,537
 303,470
 276,271
 345,008
 331,541
 322,695
 281,998
 316,322
 324,309
 314,493
 325,540
 329,111
 311,035
 295,552
 335,080
 309,320
 322,633
 315,210
 338,670
 332,068
 328,782
 326,044
 325,287
 324,760
 334,376
 311,029
 285,856
 298,816
 331,476
 343,418
 285,679
 306,475
 318,085
 318,274
 303,229
 318,420
 274,663
 306,118
 318,343
 356,748
 334,710
 329,387
 314,718
 339,898
 274,927
 313,971
 320,440
 310,367
 314,701
 349,080
 359,402
 261,958
 319,758
 337,313
 331,176
 335,224
 296,352
 326,461
 343,855
 344,007
 328,816
 335,447
 334,667
 345,334
 320,851
 312,346
 322,651
 327,521
 330,230
 295,184
 308,000
 315,637
 302,066
 319,194
 341,186
 327,744
 307,940
 340,978
 338,762
 339,777
 343,185
 337,504
 311,350
 350,328
 307,889
 337,961
 308,922
 326,562
 303,252
 411,903
 342,171
 324,104
 344,582
 331,852
 335,754
 335,940
 343,317
 318,855
 311,848
 300,326
 306,180
 324,370
 316,935
 310,236
 318,861
 369,573
 326,342
 310,493
 306,873
 288,210
 308,073
 338,248
 346,370
 321,015
 349,312
 333,299
 321,842
 316,659
 379,516
 316,590
 317,237
 316,058
 347,343
 336,648
 296,901
 300,692
 327,974
 311,728
 321,366
 328,955
 346,340
 359,376
 320,454
 334,985
 338,492
 261,835
 325,590
 346,882
 369,185
 355,951
 338,706
 330,673
 330,741
 299,528
 345,797
 298,949
 351,127
 329,018
 341,260
 323,143
 357,751
 374,294
 316,590
 323,080
 287,922
 318,929
 293,825
 332,841
 339,030
 341,642
 332,164
 319,051
 328,635
 362,519
 359,865
 326,130
 354,568
 367,180
 291,868
 348,007
 352,481
 338,387
 341,812
 356,839
 329,155
 345,677
 320,362
 326,415
 327,515
 304,468
 310,031
 341,933
 313,045
 296,864
 350,868
 323,090
 337,189
 312,231
 336,930
 325,011
 328,173
 305,875
 332,693
 337,119
 342,439
 333,778
 281,804
 302,576
 339,082
 340,795
 341,723
 324,920
 322,434
 345,885
 336,079
 343,121
 333,709
 303,968
 345,631
 323,977
 322,182
 334,525
 327,700
 301,871
 287,447
 339,045
 340,349
 324,891
 342,266
 329,669
 310,951
 346,621
 315,974
 332,380
 332,702
 315,880
 334,712
 346,651
 340,896
 331,141
 352,760
 342,402
 322,578
 302,906
 311,023
 316,248
 323,306
 342,024
 328,941
 328,489
 359,427
 317,956
 355,562
 333,725
 317,143
 338,257
 331,802
 329,806
 292,631
 323,672
 334,169
 326,940
 307,799
 357,517
 313,564
 336,040
 333,035
 352,103
 353,051
 338,013
 299,940
 325,851
 345,858
 328,866
 351,240
 357,439
 343,534
 329,195
 334,410
 300,257
 293,332
 337,466
 340,339
 323,253
 344,120
 295,128
 368,552
 331,273
 317,428
 331,581
 314,479
 305,861
 306,030
 324,143
 313,243
 319,207
 335,461
 320,649
 323,001
 349,552
 325,968
 306,695
 312,003
 341,140
 332,782
 348,395
 334,056
 328,160
 321,297
 314,954
 346,024
 318,834
 361,595
 332,461
 354,458
 343,622
 318,784
 307,113
 320,357
 317,713
 326,281
 329,025
 355,363
 340,058
 328,615
 330,627
 292,980
 315,093
 329,972
 320,867
 340,328
 342,248
 308,296
 311,012
 319,016
 313,797
 357,100
 355,071
 307,561
 344,127
 331,266
 303,961
 320,364
 351,112
 350,439
 305,437
 318,512
 289,248
 326,572
 357,075
 339,203
 340,321
 337,398
 320,207
 306,133
 319,734
 309,585
 320,871
 347,856
 338,410
 338,500
 371,853
 316,144
 333,401
 348,400
 330,377
 321,882
 327,437
 294,229
 316,229
 321,255
 335,003
 326,003
 325,629
 341,705
 316,708
 311,151
 345,943
 329,067
 343,857
 320,743
 316,626
 326,199
 339,781
 301,887
 312,813
 305,828
 292,460
 317,070
 309,652
 299,776
 305,915
 301,104
 330,811
 312,114
 323,073
 309,780
 304,014
 350,555
 328,448
 335,111
 314,939
 318,762
 321,109
 357,455
 307,508
 315,060
 294,021
 309,410
 321,434
 309,077
 310,749
 315,055
 318,662
 311,318
 328,401
 340,048
 337,844
 315,176
 324,217
 343,593
 331,915
 317,668
 326,966
 325,233
 321,248
 307,399
 321,630
 320,434
 315,417
 302,709
 333,566
 335,862
 311,521
 287,300
 319,457
 349,340
 336,055
 349,266
 337,716
 340,211
 302,417
 336,130
 290,844
 312,991
 304,385
 300,399
 310,011
 318,620
 321,011
 300,890
 331,507
 340,873
 331,208
 323,402
 320,952
 336,422
 303,776
 332,432
 277,388
 309,821
 330,549
 326,954
 314,974
 304,813
 322,565
 312,054
 327,990
 305,009
 302,668
 332,663
 306,518
 309,486
 325,079
 303,040
 308,277
 335,731
 278,199
 337,567
 299,193
 326,669
 323,539
 352,426
 314,213
 286,169
 330,755
 278,769
 287,573
 250,618
 310,600
 298,268
 305,151
 281,486
 302,485
 314,051
 300,751
 302,030
 319,472
 297,403
 286,309
 330,353
 307,593
 304,694
 323,945
 273,644
 328,142
 321,267
 303,626
 310,189
 292,896
 299,936
 328,886
 292,109
 319,522
 331,562
 332,091
 322,374
 272,741
 334,564
 311,148
 308,501
 303,063
 315,580
 326,412
 327,529
 318,380
 296,419
 295,700
 286,970
 318,570
 306,517
 298,771
 320,831
 339,592
 306,251
 297,067
 294,045
 287,506
 289,896
 290,481
 306,356
 278,394
 313,168
 274,285
 285,757
 284,400
 315,367
 330,917
 287,904
 299,777
 314,854
 299,379
 288,304
 324,806
 312,990
 232,015
 296,922
 280,876
 327,572
 302,673
 304,762
 333,596
 304,099
 283,510
 313,840
 292,854
 277,206
 305,635
 308,426
 302,581
 317,751
 301,790
 316,566
 297,638
 317,700
 296,507
 328,886
 308,179
 289,183
 305,417
 273,322
 331,806
 330,949
 306,793
 322,745
 293,176
 304,192
 308,796
 325,410
 327,669
 300,293
 322,359
 304,067
 308,669
 324,571
 254,800
 308,938
 307,797
 294,541
 288,275
 327,327
 279,215
 303,295
 294,850
 285,838
 272,144
 315,005
 280,638
 317,455
 303,133
 299,141
 298,877
 295,865
 298,218
 304,025
 302,019
 310,652
 289,488
 312,365
 292,878
 328,421
 313,339
 287,580
 302,252
 316,416
 295,341
 286,897
 284,458
 297,746
 289,368
 281,818
 284,985
 310,065
 305,590
 283,201
 287,414
 288,899
 274,919
 235,198
 320,637
 326,493
 307,626
 300,692
 301,287
 304,305
 274,187
 298,505
 275,021
 291,451
 313,009
 316,270
 328,885
 327,771
 289,057
 281,989
 329,172
 320,503
 255,619
 309,585
 308,315
 316,457
 286,827
 333,993
 326,698
 293,501
 303,656
 290,873
 271,371
 295,670
 293,104
 263,105
 327,289
 281,969
 337,401
 287,145
 321,121
 304,983
 297,460
 302,719
 281,888
 297,644
 265,214
 324,181
 323,662
 335,474
 286,722
 291,192
 284,508
 327,715
 294,701
 313,427
 352,735
 285,987
 298,174
 316,759
 270,780
 327,803
 301,381
 299,605
 311,782
 324,495
 320,632
 280,186
 288,693
 304,709
 285,827
 291,348
 285,635
 293,233
 275,196
 304,477
 278,046
 299,208
 285,845
 298,545
 320,858
 314,588
 271,166
 296,799
 318,769
 274,446
 289,442
 286,027
 271,046
 301,354
 347,095
 290,662
 300,910
 287,461
 288,399
 308,964
 289,873
 308,996
 284,522
 275,993
 341,388
 307,392
 321,775
 270,481
 305,826
 310,563
 312,847
 312,289
 284,004
 288,629
 307,895
 255,621
 267,450
 296,812
 277,685
 269,613
 315,228
 313,279
 292,517
 270,242
 295,190
 312,506
 304,673
 294,166
 285,986
 280,232
 279,096
 295,681
 277,726
 299,481
 282,161
 281,362
 320,497
 288,890
 306,536
 317,876
 256,579
 319,930
 248,185
 300,515
 267,733
 308,240
 287,591
 302,574
 302,385
 263,022
 297,292
 294,296
 289,370
 292,976
 273,285
 278,839
 248,375
 284,244
 313,496
 306,614
 277,356
 300,910
 321,205
 291,376
 297,006
 286,420
 298,158
 305,830
 266,727
 287,034
 269,584
 283,909
 291,841
 276,412
 307,142
 319,715
 303,291
 279,490
 297,341
 279,424
 289,794
 257,536
 271,500
 300,508
 281,177
 263,278
 285,557
 253,543
 268,022
 304,640
 263,549
 288,606
 247,556
 301,885
 279,132
 309,658
 308,464
 298,895
 267,518
 255,571
 289,512
 271,183
 273,198
 307,401
 249,427
 289,146
 321,461
 276,497
 260,979
 275,938
 255,160
 276,262
 298,939
 279,281
 267,041
 275,009
 281,025
 260,271
 282,905
 283,772
 270,268
 296,836
 253,352
 248,348
 262,672
 264,720
 273,052
 248,863
 302,727
 284,553
 246,267
 239,454
 257,626
 315,115
 307,774
 258,114
 275,730
 259,507
 277,392
 285,948
 281,225
 258,783
 290,943
 260,287
 283,575
 269,623
 295,452
 293,763
 259,140
 276,320
 279,822
 270,702
 262,027
 284,108
 244,035
 269,845
 241,755
 251,145
 303,061




























































































































































































































































































































































































































































































































































































































































































































































































































































































































































































































































































































































































































































































































































































































































































































































































































































































































































































































































































































































































































































































































































































































































































































































































































































































































































































































































































































































































































































































































































































































































































































































































































































































































































































































































































































































































































































































































































































































































































































































































































































































































































































































































































































































































































































































































































































































































































































































































































































































































































































































































































































































































































































































































































































































































































































































































































































































































































































































































































































































































































































































































































































































































































































































































































































































































































































































































































































































































































































































































































































































































































































































































































































































































































































































































































































































































































































































































































































































































































































































































































































































































































































































































































































































































































































































































































































































































































































































































































































































































































































































































































































































































































































































































































































































































































































































































































































































































































































































































































































































































































































































































































































































































































































































































































































































































































































































































































































































































































































































































































































































































































































































































































































































































































































































































































































































































































































































































































































































































































































































































































































































































































































































































































































































































































































































































































































































































































































































































































































































































































































































































































































































































































































































































































































































































































































































































































































































































































































































































































































































































































































































































































































































































































































































































































































































































































































































































































































































































































































































































































































































































































































































































































































































































































































































































































































































































































































































































































































































































































































































































































































































































































































































































































































































































































































































































































































































































































































































































































































































































































































































































































































































































































































































































































































































































































































































































































































































































































































































































































































































































































































































































































































































































































































































































































































































































































































































































































































































































































































































































































































































































































































































































































































































































































































































































































































































































































































































































































































































































































































































































































































































































































































































































































































































































































































































































































































































































































































































































































































































































































































































































































































































































































































































































































































































































































































































































































































































































































































































































































































































































































































































































































































































































































































































































































































































































































































































































































































































































































































































































































































































































































































































































































































































































































































































































































































































































































































































































































































































































































































































































































































































































































































































































































































































































































































































































































































































































































































































































































































































































































































































































































































































































































































































































































































































































































































































































































































































































































































































































































































































































































































































































































































































































































































































































































































































































































































































































































































































































































































































































































































































































































































































































































































































































































































































































































































































































































































































































































































































































































































































































































































































































































































































































































































































































































































































































































































































































































































































































































































































































































































































































































































































































































































































































































































































































































































































































































































































































































































































































































































































































































































































































































































































































































































































































