 138,806
 125,309
 127,183
 120,232
 132,833
 122,701
 117,134
 127,385
 159,048
 107,158
 153,478
 150,520
 116,625
 118,019
 107,553
 92,711
 126,062
 135,243
 107,328
 143,411
 146,961
 122,135
 109,228
 132,094
 139,423
 86,232
 180,622
 113,964
 168,778
 132,456
 162,609
 128,739
 121,205
 138,183
 151,217
 131,225
 148,160
 137,158
 126,630
 138,790
 132,328
 154,284
 118,134
 132,429
 128,713
 141,450
 117,413
 116,100
 144,206
 121,944
 160,869
 79,939
 107,084
 130,580
 127,700
 134,382
 127,546
 160,983
 127,706
 76,819
 93,275
 135,009
 105,933
 123,633
 122,484
 144,757
 156,318
 137,026
 127,773
 135,341
 103,811
 173,960
 159,434
 133,334
 128,904
 145,137
 100,822
 146,918
 126,177
 144,029
 140,624
 122,049
 108,032
 143,777
 131,264
 152,004
 115,041
 108,684
 110,888
 153,990
 108,293
 133,128
 117,083
 151,169
 144,669
 108,885
 148,947
 112,196
 160,663
 109,825
 148,291
 127,059
 137,536
 108,914
 129,709
 150,613
 120,963
 123,806
 141,700
 139,431
 117,327
 139,992
 135,424
 137,255
 137,963
 138,596
 121,514
 153,310
 95,870
 116,666
 146,160
 113,222
 120,800
 122,776
 137,974
 156,989
 133,570
 135,345
 109,094
 133,616
 104,567
 123,180
 114,384
 148,494
 143,804
 105,700
 99,782
 100,580
 125,240
 124,939
 119,353
 109,687
 146,021
 137,547
 138,741
 122,619
 110,302
 114,959
 139,005
 120,259
 112,550
 112,682
 98,101
 105,433
 108,292
 144,051
 112,734
 130,971
 140,668
 142,672
 113,564
 137,051
 119,362
 120,031
 144,650
 106,009
 123,054
 108,683
 133,025
 150,078
 145,608
 122,192
 108,410
 118,711
 147,417
 94,951
 138,998
 111,707
 119,175
 139,537
 145,588
 148,024
 97,479
 136,878
 124,930
 125,006
 146,004
 132,954
 146,629
 100,092
 133,031
 143,290
 114,794
 132,742
 78,686
 141,003
 113,956
 94,657
 112,075
 117,123
 125,031
 96,271
 99,009
 87,407
 112,454
 126,179
 108,992
 118,609
 104,009
 109,022
 66,431
 101,717
 116,373
 129,138
 108,271
 105,411
 109,763
 108,782
 125,282
 95,716
 128,432
 119,784
 125,601
 95,071
 90,052
 131,521
 108,053
 137,927
 98,360
 158,814
 73,391
 130,469
 61,508
 126,994
 129,616
 117,268
 102,616
 122,668
 122,560
 120,577
 110,249
 127,679
 82,391
 103,272
 103,677
 125,334
 104,061
 105,072
 97,479
 121,648
 86,059
 98,524
 128,825
 100,610
 68,070
 93,712
 97,376
 87,888
 87,040
 89,407
 137,508
 115,163
 108,263
 114,358
 115,172
 108,879
 105,680
 95,323
 111,366
 100,332
 93,336
 112,993
 95,590
 104,646
 117,766
 89,147
 96,466
 141,046
 94,947
 112,545
 103,792
 101,489
 80,245
 136,242
 105,576
 117,728
 99,911
 72,420
 84,237
 128,802
 86,033
 89,692
 107,507
 69,867
 128,912
 125,974
 111,830
 133,968
 130,371
 100,903
 85,218
 80,904
 74,620
 94,860
 100,830
 117,454
 114,818
 84,858
 97,689
 107,768
 96,392
 78,321
 105,254
 118,874
 104,454
 101,590
 92,127
 126,482
 83,007
 116,159
 105,840
 98,189
 102,469
 107,856
 116,208
 93,465
 81,341
 106,938
 91,783
 81,868
 86,691
 104,159
 103,598
 110,692
 87,868
 105,457
 71,876
 114,201
 93,351
 102,567
 51,173
 99,512
 100,212
 109,757
 116,789
 107,875
 83,568
 85,971
 114,854
 108,013
 106,143
 94,519
 93,100
 83,905
 90,694
 84,401
 118,459
 85,455
 59,905
 101,240
 108,632
 97,111
 82,638
 74,080
 101,675
 97,120
 87,702
 91,691
 97,806
 98,613
 82,582
 89,817
 93,512
 112,992
 108,422
 67,871
 108,268
 118,158
 104,318
 94,784
 79,155
 96,403
 102,561
 98,698
 139,214
 122,993
 93,928
 90,620
 107,415
 74,535
 86,837
 81,681
 95,316
 140,445
 91,787
 89,099
 85,561
 100,959
 92,908
 102,006
 117,147
 68,227
 95,763
 61,392
 97,936
 107,968
 134,482
 82,685
 118,466
 89,602
 91,586
 83,054
 75,828
 80,635
 87,908
 72,303
 120,765
 100,768
 111,757
 82,027
 99,563
 86,244
 83,814
 107,226
 73,706
 87,343
 109,879
 72,358
 105,630
 129,921
 115,535
 108,586
 95,246
 98,323
 60,964
 98,642
 103,644
 89,470
 100,111
 70,564
 69,884
 110,563
 94,080
 92,131
 118,665
 75,369
 91,181
 91,309
 124,136
 93,046
 46,495
 70,876
 96,336
 55,552
 94,499
 64,403
 82,320
 77,537
 86,925
 91,691
 74,291
 101,249
 64,646
 67,839
 80,999
 112,705
 79,685
 94,607
 106,386
 67,882
 93,596
 100,440
 89,402
 90,835
 96,058
 90,261
 114,936
 76,732
 55,144
 53,631
 121,210
 79,788
 94,714
 111,998
 85,929
 99,846
 107,268
 87,481
 109,606
 90,137
 89,672
 97,835
 117,235
 96,867
 76,880
 117,849
 107,564
 97,879
 102,413
 72,188
 93,346
 94,392
 115,044
 108,221
 90,699
 101,713
 112,305
 82,067
 105,130
 83,634
 100,781
 75,635
 117,381
 82,376
 109,356
 78,090
 91,771
 106,268
 107,160
 90,811
 128,450
 122,731
 100,090
 121,840
 103,448
 91,405
 80,465
 107,660
 90,502
 87,428
 62,715
 45,706
 92,574
 122,699
 78,859
 98,009
 118,839
 108,952
 116,343
 123,629
 83,819
 103,108
 117,545
 94,377
 82,721
 46,566
 103,178
 105,855
 110,797
 88,216
 97,832
 92,571
 93,849
 84,596
 82,928
 112,690
 112,877
 111,977
 54,013
 97,974
 79,706
 98,887
 97,341
 84,739
 117,141
 105,822
 106,064
 100,188
 106,903
 67,082
 88,610
 70,532
 77,580
 116,821
 80,263
 90,319
 87,336
 67,710
 87,869
 113,116
 86,460
 127,005
 93,493
 113,282
 102,689
 97,807
 68,768
 87,253
 94,240
 99,432
 59,781
 112,423
 95,822
 93,565
 98,184
 104,699
 70,740
 99,012
 113,239
 97,151
 87,030
 81,571
 90,587
 122,001
 86,046
 112,738
 85,043
 86,581
 109,926
 90,554
 101,563
 126,466
 125,338
 106,253
 114,595
 98,988
 135,784
 118,718
 102,588
 109,809
 124,311
 114,306
 105,825
 95,364
 125,223
 102,716
 83,413
 93,514
 96,834
 120,173
 95,201
 79,747
 70,151
 74,634
 99,980
 99,832
 109,293
 115,538
 117,878
 110,197
 106,170
 103,210
 98,515
 110,246
 115,622
 95,783
 82,525
 102,775
 95,284
 98,581
 81,142
 120,682
 93,711
 110,912
 82,253
 75,872
 94,568
 109,263
 108,004
 88,818
 102,354
 103,066
 80,117
 122,456
 86,557
 78,873
 88,754
 90,522
 113,643
 95,151
 119,134
 72,636
 94,174
 104,312
 87,616
 93,836
 98,053
 117,701
 124,348
 98,611
 85,784
 101,335
 119,037
 69,613
 97,282
 76,583
 126,112
 74,758
 104,806
 111,442
 111,216
 96,654
 85,278
 80,363
 116,782
 100,809
 105,122
 108,531
 95,835
 77,774
 105,180
 107,728
 65,559
 114,563
 104,315
 120,459
 128,627
 96,980
 103,916
 111,815
 112,029
 95,301
 73,200
 129,261
 110,041
 92,379
 80,578
 107,918
 108,843
 119,378
 122,211
 100,137
 105,191
 90,027
 85,652
 84,049
 98,833
 86,989
 116,971
 134,754
 109,907
 112,855
 95,729
 129,466
 138,090
 100,068
 98,029
 100,930
 115,928
 121,818
 116,163
 102,703
 110,981
 107,874
 130,665
 118,670
 80,277
 98,436
 111,352
 116,575
 117,668
 98,326
 113,434
 94,062
 138,253
 95,210
 101,965
 106,536
 128,119
 72,689
 85,899
 105,266
 104,411
 112,517
 113,477
 80,033
 106,765
 52,377
 119,800
 103,849
 95,262
 130,429
 89,989
 96,314
 92,286
 112,225
 132,171
 120,754
 107,936
 99,124
 108,604
 117,421
 64,617
 126,378
 81,529
 143,784
 118,245
 111,875
 94,127
 118,943
 107,638
 76,880
 103,705
 83,895
 114,344
 127,105
 126,004
 147,140
 94,961
 116,794
 105,351
 101,249
 110,914
 118,613
 100,376
 101,785
 123,080
 90,420
 91,243
 108,326
 112,468
 114,566
 112,079
 118,628
 108,008
 56,683
 82,723
 115,196
 137,984
 97,650
 112,056
 99,005
 94,481
 122,980
 112,823
 115,674
 92,902
 114,845
 86,921
 77,387
 136,403
 113,880
 120,962
 124,554
 92,852
 153,393
 123,985
 107,378
 106,041
 115,298
 101,634
 111,204
 104,217
 118,953
 109,585
 136,006
 120,755
 115,466
 118,462
 99,607
 107,778
 122,132
 124,509
 100,671
 109,796
 123,531
 117,729
 109,004
 131,636
 150,099
 125,983
 104,153
 106,078
 122,088
 126,025
 85,258
 129,330
 88,348
 125,743
 125,884
 150,786
 140,792
 141,460
 109,701
 104,046
 125,882
 112,127
 134,484
 112,410
 110,022
 125,149
 106,263
 112,845
 135,433
 126,949
 128,260
 112,400
 111,794
 99,592
 109,226
 45,695
 141,000
 134,128
 74,998
 77,384
 105,022
 121,833
 107,972
 139,213
 99,805
 114,659
 117,760
 123,166
 136,311
 122,808
 108,683
 115,590
 116,682
 116,329
 113,559
 118,222
 117,865
 153,052
 100,732
 130,831
 91,010
 93,480
 126,713
 99,769
 121,343
 137,127
 82,458
 110,328
 114,259
 117,896
 125,218
 96,758
 113,332
 118,388
 146,538
 125,308
 150,931
 123,220
 122,244
 142,348
 101,651
 131,935
 103,981
 115,071
 128,946
 109,263
 143,761
 108,397
 136,249
 133,678
 121,196
 134,085
 142,399
 72,600
 110,123
 136,757
 118,256
 135,555
 126,082
 138,585
 121,320
 128,191
 140,905
 118,945
 97,843
 136,274
 126,758
 133,062
 134,766
 137,626
 123,183
 144,113
 129,810
 136,627
 133,248
 130,851
 139,604
 144,576
 129,291
 119,648
 153,697
 144,112
 131,807
 106,755
 130,678
 135,194
 128,947
 117,563
 136,596
 87,969
 128,597
 136,518
 145,978
 159,680
 138,138
 77,042
 113,156
 131,941
 168,725
 132,582
 136,467
 109,240
 112,446
 111,795
 116,841
 125,503
 131,080
 145,177
 130,263
 118,429
 158,986
 120,232
 126,780
 142,782
 112,052
 166,191
 161,661
 116,294
 144,629
 111,344
 143,141
 148,163
 160,426
 98,798
 135,970
 156,695
 138,770
 116,065
 150,352
 162,092
 152,054
 150,883
 132,201
 133,133
 131,515
 120,683
 143,112
 158,532
 162,865
 128,588
 123,141
 159,256
 149,013
 139,001
 129,252
 115,208
 140,066
 155,531
 111,926
 137,867
 140,014
 150,831
 136,853
 152,045
 127,567
 138,628
 103,024
 133,959
 150,261
 130,030
 140,838
 131,992
 136,081
 137,649
 131,382
 143,330
 135,320
 119,952
 107,999
 134,362
 175,256
 131,869
 113,183
 133,252
 156,106
 152,477
 131,231
 157,445
 135,957
 151,413
 109,620
 148,757
 157,832
 120,388
 181,411
 135,516
 141,510
 135,295
 141,462
 131,960
 172,072
 153,838
 124,162
 121,552
 133,689
 183,321
 111,730
 141,193
 110,846
 138,372
 181,904
 142,592
 151,229
 144,756
 119,136
 121,393
 142,566
 130,443
 152,460
 133,463
 150,085
 143,250
 127,604
 133,985
 167,664
 162,963
 115,100
 125,525
 126,113
 158,367
 144,010
 146,317
 149,753
 122,372
 143,837
 152,435
 151,072
 148,819
 148,676
 135,470
 139,487
 135,608
 168,055
 117,463
 128,985
 128,529
 142,116
 155,028
 124,166
 151,180
 153,631
 158,494
 147,719
 129,168
 157,076
 134,978
 124,903
 141,998
 189,873
 100,046
 129,478
 137,409
 105,444
 152,445
 142,614
 112,707
 144,807
 136,419
 135,976
 128,796
 164,063
 123,685
 137,672
 163,496
 120,073
 162,941
 152,154
 152,450
 128,601
 160,007
 150,968
 139,384
 163,589
 162,520
 148,716
 150,343
 142,579
 149,919
 161,270
 139,387
 153,440
 150,701
 137,892
 138,656
 167,336
 120,361
 161,080
 155,052
 127,002
 130,712
 158,345
 151,225
 140,360
 103,875
 181,351
 159,166
 173,694
 147,474
 132,462
 152,832
 159,861
 166,580
 109,355
 123,406
 128,601
 143,497
 128,625
 151,817
 162,858
 184,247
 166,694
 173,182
 142,929
 163,358
 170,191
 114,771
 137,793
 142,258
 145,316
 134,507
 144,998
 144,446
 139,687
 165,947
 141,793
 151,489
 157,683
 182,993
 157,913
 167,630
 163,924
 170,286
 165,348
 145,625
 136,468
 156,178
 153,906
 144,690
 155,871
 159,510
 145,466
 132,828
 157,269
 167,225
 175,702
 138,245
 172,667
 160,154
 134,646
 146,742
 196,659
 172,264
 162,432
 171,276
 149,967
 139,704
 165,929
 140,660
 129,152
 148,854
 127,214
 149,540
 152,912
 155,176
 142,970
 178,715
 184,268
 203,265
 153,506
 162,582
 157,917
 163,747
 134,603
 158,305
 159,340
 153,909
 188,449
 165,716
 198,964
 156,738
 171,915
 186,154
 156,787
 172,911
 163,184
 175,868
 173,144
 171,676
 138,022
 176,671
 147,117
 150,768
 157,312
 161,092
 179,857
 167,574
 169,048
 171,546
 147,829
 155,229
 173,918
 134,789
 156,600
 159,450
 185,367
 189,208
 161,084
 146,643
 179,980
 169,230
 153,388
 159,610
 149,354
 153,597
 182,554
 174,108
 149,642
 164,865
 168,026
 171,956
 170,117
 178,365
 170,586
 158,759
 163,554
 175,443
 148,978
 166,448
 180,309
 128,135
 208,382
 126,557
 168,434
 185,839
 168,793
 175,589
 143,970
 168,705
 181,560
 172,434
 168,647
 188,027
 170,240
 190,527
 192,086
 174,741
 182,880
 151,786
 165,584
 165,478
 178,866
 153,589
 130,814
 175,371
 155,371
 156,205
 148,117
 181,565
 157,733
 174,756
 166,495
 192,187
 139,042
 185,642
 151,264
 177,065
 191,440
 181,060
 169,606
 196,054
 165,275
 173,836
 184,983
 182,121
 166,929
 183,521
 155,927
 166,136
 174,756
 196,415
 178,695
 192,457
 193,901
 152,203
 189,611
 204,117
 172,937
 200,937
 156,086
 182,202
 165,678
 169,044
 187,889
 192,458
 157,971
 183,468
 171,492
 172,761
 186,268
 148,718
 161,621
 164,587
 161,622
 159,116
 223,294
 131,705
 159,506
 153,591
 197,195
 176,868
 167,374
 159,526
 186,596
 147,538
 196,120
 156,022
 135,928
 199,069
 177,658
 190,558
 168,769
 185,439
 166,937
 165,848
 175,717
 171,193
 178,730
 204,465
 195,888
 157,120
 168,121
 166,833
 205,958
 181,944
 171,662
 167,971
 191,674
 186,142
 149,912
 183,702
 175,848
 205,350
 145,094
 176,731
 197,246
 121,552
 190,138
 151,107
 194,263
 190,143
 168,565
 174,684
 167,340
 148,986
 165,130
 186,448
 174,135
 161,218
 187,297
 182,344
 133,810
 169,664
 145,430
 165,171
 192,324
 189,171
 158,064
 175,703
 181,605
 175,555
 173,172
 182,871
 163,039
 180,370
 182,105
 193,458
 166,965
 175,696
 175,081
 175,898
 160,161
 187,797
 174,749
 191,672
 200,765
 253,999
 193,195
 159,258
 197,124
 197,870
 184,579
 173,101
 192,725
 198,134
 197,535
 222,927
 193,110
 174,282
 195,949
 178,265
 168,701
 183,432
 200,692
 197,694
 190,537
 186,267
 165,069
 195,039
 168,373
 205,171
 195,104
 193,270
 221,036
 175,127
 185,425
 195,509
 195,255
 169,376
 167,668
 178,363
 185,781
 224,819
 199,941
 212,762
 231,804
 213,949
 208,325
 192,891
 172,824
 187,718
 156,647
 201,475
 183,079
 205,513
 207,484
 184,959
 186,707
 188,558
 166,924
 194,713
 193,362
 196,072
 183,264
 140,544
 195,054
 174,295
 187,352
 194,687
 145,264
 198,606
 191,173
 190,703
 191,521
 199,276
 218,978
 166,977
 208,130
 156,012
 199,193
 198,609
 174,732
 176,186
 175,749
 225,833
 215,137
 188,102
 223,014
 188,259
 208,368
 215,377
 178,864
 176,773
 198,836
 194,305
 183,356
 216,727
 192,650
 158,831
 216,559
 198,644
 225,816
 183,128
 196,485
 165,407
 147,801
 190,472
 170,087
 195,130
 205,431
 187,005
 178,750
 193,194
 193,756
 164,161
 168,931
 195,178
 182,102
 212,738
 200,008
 176,412
 196,017
 196,421
 163,440
 195,028
 192,618
 193,584
 196,503
 239,918
 191,231
 167,105
 204,840
 189,260
 228,782
 212,090
 216,247
 206,320
 147,749
 220,287
 208,092
 173,545
 205,590
 186,270
 202,551
 185,580
 215,273
 204,079
 193,833
 214,954
 225,160
 209,177
 208,595
 193,142
 224,968
 220,283
 212,618
 195,710
 183,122
 212,378
 193,750
 196,480
 201,730
 238,170
 224,423
 201,745
 215,945
 193,611
 230,058
 224,088
 239,421
 216,814
 224,365
 191,249
 176,529
 218,015
 214,352
 195,317
 210,491
 201,646
 185,664
 208,392
 211,299
 207,372
 205,916
 200,147
 186,648
 205,241
 189,907
 215,343
 217,165
 179,542
 189,022
 218,861
 217,830
 197,407
 202,804
 218,202
 195,174
 176,182
 229,627
 198,155
 199,594
 220,319
 177,721
 194,134
 194,181
 222,484
 195,904
 214,119
 212,434
 235,804
 192,413
 220,111
 234,290
 198,336
 217,551
 212,350
 224,651
 221,156
 194,955
 214,774
 194,739
 187,105
 203,382
 195,155
 187,191
 101,440
 235,502
 241,792
 228,924
 214,525
 216,769
 212,152
 187,537
 209,328
 226,364
 228,826
 216,741
 213,413
 215,286
 212,208
 204,639
 240,016
 202,015
 208,099
 213,054
 223,002
 186,230
 206,926
 210,887
 222,790
 216,537
 212,607
 234,764
 199,348
 225,866
 240,366
 210,058
 201,870
 202,035
 212,421
 223,962
 183,195
 206,070
 217,838
 254,123
 190,651
 209,257
 240,986
 225,369
 199,336
 219,749
 254,074
 218,195
 219,058
 232,143
 228,424
 229,953
 247,780
 223,173
 236,861
 221,981
 206,553
 222,312
 246,454
 210,976
 218,502
 203,028
 225,104
 213,902
 240,775
 211,433
 224,251
 224,552
 207,774
 206,591
 237,801
 201,465
 202,474
 206,715
 246,380
 215,558
 195,971
 254,474
 241,758
 263,709
 221,816
 231,060
 221,174
 232,672
 199,138
 219,486
 227,455
 213,652
 232,893
 206,737
 223,789
 235,195
 208,478
 213,281
 235,634
 233,567
 200,735
 238,487
 187,455
 233,967
 237,714
 214,574
 226,568
 243,169
 229,590
 263,897
 242,825
 227,983
 243,006
 238,890
 224,624
 219,915
 245,144
 232,507
 232,598
 227,239
 227,800
 210,485
 210,336
 238,129
 229,373
 236,519
 233,735
 225,160
 220,067
 245,211
 206,501
 201,486
 221,705
 232,900
 240,857
 249,125
 196,805
 224,607
 200,161
 244,576
 250,899
 220,131
 235,295
 226,510
 221,529
 189,920
 248,421
 152,373
 236,118
 258,179
 210,874
 220,526
 221,018
 186,814
 257,038
 212,433
 218,527
 237,069
 204,271
 213,477
 211,098
 231,148
 226,169
 282,426
 221,608
 239,678
 236,507
 256,402
 249,977
 186,005
 238,055
 246,914
 192,934
 240,051
 247,860
 247,614
 258,417
 216,174
 223,124
 256,167
 278,212
 235,627
 230,326
 223,220
 230,559
 249,051
 233,112
 272,007
 224,515
 222,772
 241,763
 214,493
 244,524
 231,298
 241,812
 251,432
 243,010
 208,716
 241,184
 251,792
 226,689
 253,990
 228,034
 228,951
 200,678
 251,194
 211,935
 238,991
 221,124
 255,543
 264,733
 243,847
 247,517
 245,804
 235,738
 271,995
 240,026
 224,854
 214,504
 234,512
 266,544
 254,499
 234,705
 282,192
 254,357
 242,788
 226,048
 227,800
 238,192
 217,177
 210,174
 250,378
 259,209
 219,386
 245,252
 214,692
 241,666
 257,217
 230,189
 266,111
 229,362
 237,296
 252,950
 247,799
 272,012
 272,045
 218,177
 236,143
 208,141
 212,640
 238,518
 266,854
 264,151
 229,541
 250,875
 224,969
 233,263
 255,416
 255,642
 223,257
 251,554
 260,678
 203,816
 244,791
 212,972
 244,992
 210,763
 220,166
 234,029
 261,480
 264,973
 235,453
 252,182
 245,537
 242,395
 205,048
 231,733
 227,538
 237,639
 257,080
 224,863
 239,283
 236,225
 233,647
 240,035
 282,025
 227,288
 249,298
 284,562
 241,767
 184,809
 243,791
 241,693
 244,415
 278,702
 231,243
 276,175
 244,969
 249,201
 268,038
 233,957
 266,026
 278,546
 231,839
 272,498
 260,011
 239,579
 228,256
 238,623
 273,041
 230,589
 245,216
 250,731
 275,209
 252,421
 236,592
 271,397
 246,026
 253,923
 265,538
 225,889
 250,495
 229,023
 236,869
 265,565
 241,702
 224,371
 255,856
 248,796
 232,652
 268,418
 275,614
 259,546
 226,487
 246,608
 248,655
 270,319
 244,778
 258,091
 254,703
 245,184
 260,632
 258,978
 252,881
 263,227
 236,870
 252,442
 270,934
 246,148
 230,887
 260,725
 238,084
 244,950
 265,645
 243,569
 243,092
 185,288
 268,724
 263,918
 267,920
 262,594
 246,006
 251,615
 251,669
 243,974
 260,137
 241,358
 253,373
 262,624
 214,678
 257,864
 254,597
 241,444
 253,613
 277,687
 249,558
 224,939
 244,897
 255,920
 244,886
 221,846
 260,830
 251,801
 208,747
 274,860
 266,823
 241,126
 238,484
 242,069
 278,212
 277,675
 278,965
 263,522
 250,875
 262,701
 268,511
 287,644
 271,143
 249,199
 264,434
 241,836
 257,917
 251,857
 270,243
 262,336
 241,995
 264,791
 264,721
 246,618
 277,409
 270,497
 284,110
 246,033
 278,368
 274,474
 293,021
 262,443
 264,409
 255,162
 267,583
 276,464
 231,644
 263,669
 301,451
 253,094
 242,782
 255,703
 245,794
 285,072
 288,057
 290,867
 249,561
 278,059
 263,342
 253,469
 250,798
 282,189
 259,446
 259,382
 248,881
 240,209
 266,470
 249,049
 260,333
 278,527
 249,522
 280,401
 262,758
 253,743
 247,967
 234,653
 260,701
 260,139
 251,236
 268,777
 248,000
 229,387
 262,234
 270,674
 290,281
 289,822
 229,704
 213,305
 246,755
 268,229
 257,469
 259,956
 258,560
 289,800
 262,962
 260,295
 271,842
 239,821
 265,273
 278,587
 303,325
 257,173
 253,365
 249,587
 267,502
 273,362
 295,362
 270,709
 266,678
 248,055
 296,708
 254,066
 288,551
 260,830
 281,642
 292,698
 304,094
 267,790
 274,270
 241,415
 242,693
 288,151
 278,585
 241,519
 266,823
 288,054
 289,634
 271,650
 236,267
 281,177
 266,959
 238,881
 291,526
 264,981
 257,040
 285,261
 253,500
 256,607
 269,275
 269,168
 291,061
 273,456
 282,538
 256,116
 247,030
 284,360
 253,531
 270,128
 289,402
 287,420
 292,817
 286,094
 267,857
 273,312
 279,243
 242,040
 277,500
 264,000
 282,584
 278,296
 263,387
 257,553
 274,118
 279,503
 278,270
 281,852
 281,778
 283,780
 291,107
 277,866
 292,173
 267,758
 292,039
 287,277
 290,786
 284,356
 282,650
 300,388
 257,366
 306,604
 269,754
 285,119
 257,099
 282,287
 264,093
 285,227
 284,676
 273,102
 312,118
 264,458
 283,377
 298,757
 305,411
 286,320
 275,566
 280,371
 265,578
 295,683
 284,721
 271,331
 291,388
 273,213
 290,508
 279,573
 289,020
 265,991
 297,390
 275,406
 294,089
 287,477
 288,062
 244,652
 288,567
 275,859
 293,574
 279,810
 278,875
 309,141
 259,843
 273,005
 271,458
 284,766
 318,971
 298,183
 250,960
 316,461
 270,277
 296,174
 284,697
 278,255
 304,648
 294,889
 310,938
 310,992
 275,128
 330,605
 276,616
 280,372
 297,966
 262,464
 260,945
 322,827
 299,073
 303,967
 265,605
 273,550
 291,034
 296,219
 317,839
 266,515
 279,084
 331,816
 289,390
 298,885
 291,854
 321,795
 285,711
 304,885
 286,147
 256,363
 310,448
 267,865
 309,087
 291,369
 285,936
 274,762
 294,169
 257,725
 301,425
 298,164
 260,669
 280,123
 302,603
 289,899
 280,059
 304,877
 297,087
 317,922
 321,949
 291,237
 326,498
 296,309
 315,261
 289,881
 291,163
 296,308
 305,975
 277,826
 302,073
 288,455
 301,394
 289,040
 328,552
 314,280
 292,167
 309,284
 309,452
 313,216
 292,074
 281,853
 269,374
 312,571
 305,615
 286,508
 284,765
 300,535
 282,966
 260,237
 288,569
 293,810
 309,086
 296,582
 295,636
 286,077
 317,386
 287,402
 312,591
 314,159
 290,210
 326,659
 294,037
 277,553
 298,818
 266,420
 279,563
 312,399
 276,382
 298,547
 351,041
 299,597
 273,838
 306,587
 319,636
 276,150
 326,043
 286,988
 310,347
 275,797
 253,625
 277,844
 304,515
 308,940
 318,788
 320,625
 299,259
 288,536
 308,918
 307,268
 288,949
 293,240
 293,578
 338,457
 320,279
 314,921
 299,252
 322,949
 305,107
 319,582
 331,009
 295,599
 337,138
 285,500
 246,530
 273,905
 328,319
 298,503
 307,779
 310,738
 282,898
 204,344
 310,256
 311,498
 306,566
 309,774
 300,230
 286,568
 292,556
 308,852
 316,506
 279,969
 292,938
 312,414
 280,898
 292,679
 289,529
 298,847
 277,674
 325,409
 315,075
 317,622
 285,295
 291,574
 311,049
 277,113
 295,004
 324,776
 319,532
 304,081
 283,045
 299,604
 284,768
 314,038
 320,740
 315,787
 296,881
 319,477
 302,676
 309,276
 329,816
 302,891
 315,680
 350,644
 332,708
 311,204
 315,319
 322,949
 297,262
 311,817
 294,357
 304,077
 306,255
 317,186
 341,067
 324,205
 312,637
 288,798
 315,156
 312,633
 317,611
 326,981
 333,730
 328,357
 311,680
 319,663
 288,354
 328,451
 316,577
 323,755
 298,403
 275,829
 331,081
 289,382
 329,331
 299,247
 307,078
 306,371
 325,906
 292,835
 319,073
 315,937
 281,538
 309,237
 273,964
 302,819
 317,471
 335,432
 312,204
 323,704
 316,979
 297,201
 300,419
 329,474
 313,543
 323,957
 311,883
 311,904
 309,323
 297,158
 325,362
 294,320
 329,913
 284,412
 295,249
 298,277
 293,426
 319,417
 340,159
 326,162
 333,906
 337,264
 312,682
 323,688
 300,272
 317,350
 317,471
 307,802
 354,377
 304,721
 302,945
 289,097
 296,879
 289,723
 298,166
 325,720
 284,818
 343,107
 295,055
 330,090
 311,653
 290,604
 326,032
 304,524
 294,176
 308,756
 350,518
 295,264
 318,509
 309,283
 308,455
 340,635
 349,979
 311,316
 311,027
 317,829
 321,669
 281,983
 322,370
 315,669
 291,618
 299,288
 319,006
 320,235
 329,388
 306,700
 316,858
 312,297
 323,554
 326,394
 344,321
 336,681
 294,231
 316,135
 297,860
 316,979
 344,243
 313,669
 323,075
 293,412
 286,606
 295,167
 295,565
 310,821
 309,129
 310,526
 327,177
 335,056
 276,795
 335,839
 310,227
 332,258
 313,494
 301,116
 350,361
 276,325
 320,231
 301,422
 336,460
 290,795
 320,197
 353,415
 285,000
 318,856
 304,234
 306,965
 295,079
 310,718
 287,605
 312,937
 307,210
 275,260
 312,647
 284,013
 290,960
 324,918
 312,512
 289,053
 306,214
 298,461
 331,213
 295,379
 314,783
 346,793
 317,570
 317,085
 278,129
 322,870
 313,668
 339,759
 307,762
 311,774
 317,043
 264,496
 302,707
 314,128
 294,356
 287,500
 331,334
 317,913
 317,439
 335,528
 339,983
 294,370
 304,524
 325,686
 281,410
 325,955
 323,954
 300,609
 363,138
 300,215
 294,234
 320,465
 326,131
 349,076
 331,794
 297,820
 344,862
 329,570
 326,160
 323,355
 322,457
 347,982
 302,437
 300,254
 296,174
 342,599
 318,735
 314,257
 277,939
 333,630
 326,584
 331,125
 345,847
 298,286
 326,554
 326,317
 336,460
 336,131
 340,608
 299,299
 326,792
 327,230
 341,420
 356,082
 311,641
 314,386
 335,263
 322,723
 312,020
 317,837
 314,492
 305,663
 339,729
 315,376
 309,618
 366,094
 294,269
 303,546
 304,154
 315,642
 338,911
 324,848
 307,048
 316,185
 321,266
 321,192
 343,462
 305,002
 299,955
 318,167
 300,391
 322,409
 299,951
 333,864
 326,428
 330,427
 314,396
 298,423
 315,976
 329,688
 291,477
 366,019
 330,437
 323,367
 305,036
 309,924
 346,734
 282,057
 328,116
 308,533
 325,062
 337,848
 288,053
 324,170
 319,991
 321,235
 339,085
 307,760
 335,379
 338,946
 310,094
 345,280
 320,086
 312,942
 316,743
 311,734
 333,561
 339,286
 330,085
 329,190
 346,541
 335,556
 326,128
 331,041
 321,725
 325,197
 339,254
 331,662
 332,269
 351,313
 335,908
 302,082
 341,310
 339,016
 297,956
 409,065
 342,337
 374,242
 333,825
 340,483
 325,543
 319,722
 311,261
 320,113
 342,597
 328,345
 344,302
 324,263
 332,392
 336,343
 322,577
 332,602
 337,976
 305,471
 322,876
 339,439
 319,708
 329,403
 302,572
 349,307
 350,570
 360,225
 311,905
 322,832
 331,076
 339,694
 312,488
 294,378
 307,641
 328,076
 362,603
 323,795
 347,801
 293,599
 312,793
 321,202
 330,122
 349,165
 326,901
 329,417
 285,137
 332,179
 322,752
 376,266
 350,236
 357,756
 299,823
 308,448
 312,065
 332,189
 336,406
 311,949
 307,056
 319,353
 349,344
 339,693
 325,149
 344,149
 341,059
 306,862
 329,321
 351,863
 301,637
 315,803
 322,539
 374,849
 368,102
 331,232
 327,982
 337,290
 316,340
 330,119
 315,959
 330,209
 342,006
 326,873
 338,720
 312,065
 328,598
 319,595
 336,148
 349,665
 345,650
 327,946
 337,785
 338,221
 303,370
 352,749
 326,591
 309,591
 343,388
 319,433
 329,163
 324,138
 360,853
 319,443
 335,712
 301,399
 322,482
 335,373
 328,132
 316,468
 302,177
 354,352
 346,075
 339,050
 347,624
 338,739
 313,042
 303,452
 302,658
 309,700
 320,495
 307,684
 327,775
 338,342
 358,119
 344,521
 366,369
 317,329
 316,831
 323,646
 351,437
 312,223
 358,816
 335,569
 311,390
 341,326
 330,886
 335,823
 342,425
 340,895
 305,114
 319,784
 355,535
 344,687
 363,849
 337,653
 329,571
 330,651
 322,384
 300,849
 343,133
 307,784
 334,568
 334,935
 325,459
 298,188
 291,830
 340,718
 332,873
 339,242
 372,655
 335,706
 310,273
 321,107
 335,973
 315,364
 349,471
 335,837
 362,609
 316,545
 347,400
 362,919
 326,456
 315,787
 338,608
 318,098
 345,477
 323,024
 342,395
 336,852
 332,231
 295,774
 344,680
 343,568
 302,509
 349,647
 331,767
 317,958
 277,111
 311,951
 347,691
 336,900
 306,945
 357,142
 345,501
 291,281
 322,853
 300,006
 322,147
 343,949
 381,502
 333,649
 333,544
 351,629
 329,138
 337,991
 329,372
 348,951
 315,745
 345,830
 332,037
 360,275
 304,533
 306,655
 335,268
 322,550
 310,151
 312,147
 338,786
 344,880
 326,868
 319,567
 316,427
 324,706
 355,938
 329,737
 333,957
 342,408
 302,294
 325,604
 315,811
 333,008
 310,751
 301,918
 323,018
 294,354
 275,694
 314,727
 309,898
 311,505
 324,225
 350,595
 350,326
 326,817
 301,121
 302,216
 298,957
 313,048
 328,760
 314,614
 315,401
 329,828
 318,819
 355,056
 339,642
 339,941
 338,929
 311,362
 283,908
 384,343
 322,312
 324,587
 301,328
 309,631
 314,363
 322,048
 334,879
 326,740
 357,031
 320,440
 301,568
 331,972
 328,801
 314,756
 352,550
 326,704
 340,369
 322,245
 350,336
 330,800
 302,032
 301,053
 359,817
 306,340
 347,124
 321,161
 329,915
 317,283
 304,237
 347,659
 320,194
 303,002
 340,446
 305,449
 308,134
 297,343
 292,259
 326,608
 320,198
 333,069
 297,112
 299,811
 325,598
 344,998
 335,823
 305,548
 288,891
 322,640
 311,473
 318,597
 299,388
 310,571
 317,768
 302,213
 330,815
 251,387
 311,398
 314,732
 304,658
 299,349
 338,303
 320,533
 298,958
 317,010
 304,984
 349,831
 327,937
 325,767
 324,307
 337,798
 341,971
 348,284
 305,308
 339,066
 320,078
 333,732
 268,580
 324,794
 313,407
 313,889
 324,930
 318,745
 285,534
 337,609
 322,354
 314,871
 322,096
 320,774
 308,241
 305,370
 347,805
 312,634
 277,280
 306,158
 312,797
 328,669
 314,552
 312,533
 333,398
 306,918
 315,835
 300,938
 306,657
 302,950
 291,691
 315,150
 326,301
 326,882
 285,591
 297,882
 309,489
 296,480
 298,895
 338,878
 333,102
 277,193
 309,925
 323,060
 304,025
 298,613
 321,151
 302,122
 326,264
 323,661
 323,558
 316,059
 321,189
 338,682
 289,065
 310,168
 325,356
 337,437
 281,367
 317,866
 306,353
 301,767
 303,771
 288,178
 317,220
 312,386
 318,034
 299,977
 300,026
 305,044
 321,234
 305,028
 295,030
 296,804
 308,490
 295,267
 294,399
 311,710
 306,805
 303,984
 306,928
 330,418
 278,895
 287,467
 360,127
 339,629
 288,953
 292,568
 309,608
 310,495
 297,198
 264,726
 306,461
 317,567
 320,868
 317,454
 317,065
 315,527
 313,350
 305,628
 317,060
 307,129
 324,273
 279,956
 299,590
 299,690
 282,469
 279,207
 285,420
 318,226
 276,485
 325,254
 308,419
 296,842
 278,004
 288,662
 301,880
 302,138
 272,232
 302,127
 304,370
 282,888
 333,799
 321,422
 323,260
 255,665
 294,357
 298,519
 331,015
 287,001
 312,300
 317,924
 302,900
 302,517
 291,614
 317,049
 312,597
 301,159
 302,312
 280,628
 313,002
 301,683
 292,975
 298,623
 295,201
 294,488
 295,192
 304,795
 283,068
 312,136
 289,053
 325,418
 309,543
 305,320
 309,804
 313,549
 281,693
 306,777
 303,731
 316,366
 292,266
 306,141
 278,565
 309,108
 290,877
 265,616
 292,174
 322,163
 286,788
 315,747
 283,802
 269,550
 301,549
 288,735
 335,975
 278,044
 270,935
 314,392
 291,133
 277,085
 311,322
 303,412
 333,714
 328,967
 329,313
 268,871
 321,468
 303,581
 306,250
 297,959
 317,664
 310,774
 303,038
 315,525
 299,378
 278,850
 308,089
 304,558
 293,816
 271,511
 282,256
 272,317
 331,257
 310,399
 290,740
 318,436
 307,906
 312,768
 272,501
 286,669
 272,592
 345,748
 298,947
 306,914
 307,475
 305,482
 300,036
 295,394
 291,071
 300,887
 295,683
 309,117
 306,365
 272,566
 317,108
 309,404
 293,089
 278,177
 285,175
 262,060
 294,231
 301,192
 295,656
 293,823
 301,859
 311,740
 301,689
 255,426
 280,271
 280,708
 284,024
 327,455
 304,526
 347,397
 322,537
 312,003
 302,145
 332,851
 307,527
 294,069
 315,559
 312,348
 310,694
 323,009
 287,854
 299,722
 300,642
 281,124
 315,866
 310,432
 314,139
 280,811
 318,648
 299,159
 338,224
 288,422
 305,304
 299,090
 330,354
 287,371
 302,816
 295,403
 293,459
 317,531
 313,886
 278,893
 251,919
 287,166
 292,580
 273,451
 341,780
 316,441
 340,061
 301,029
 277,139
 321,570
 307,654
 297,273
 304,611
 312,927
 319,941
 268,036
 276,636
 327,737
 303,705
 348,899
 288,643
 281,962
 290,358
 295,937
 344,355
 261,640
 281,309
 307,079
 286,536
 310,424
 304,828
 316,752
 293,858
 307,357
 283,423
 278,333
 305,628
 294,547
 317,740
 331,272
 279,544
 252,597
 261,753
 287,954
 271,417
 277,984
 336,656
 312,344
 293,072
 281,429
 297,926
 310,027
 282,863
 296,801
 342,384
 293,189
 293,663
 256,866
 300,466
 293,523
 265,690
 303,460
 292,332
 292,502
 317,495
 310,539
 327,742
 220,225
 287,847
 276,090
 289,837
 282,569
 318,031
 289,171
 280,664
 299,915
 295,827
 317,388
 271,570
 273,451
 278,458
 257,552
 299,975
 312,024
 297,222
 299,094
 301,349
 289,695
 266,693
 288,980
 307,885
 298,870
 280,601
 285,734
 288,839
 280,126
 292,540
 309,756
 306,615
 268,259
 303,497
 291,988
 256,718
 304,607
 296,520
 301,429
 313,407
 266,750
 285,383
 297,454
 300,034
 265,516
 252,890
 250,439
 290,879
 282,557
 292,595
 230,245
 253,718
 259,091
 268,864
 284,327
 275,850
 260,311
 286,867
 290,224
 231,208
 279,918
 287,087
 240,036
 265,282
 283,125
 271,474
 291,182
 278,561
 297,924
 278,339
 291,732
 310,850
 291,237
 251,691
 274,910
 276,820
 284,436
 246,801
 251,319
 272,153
 286,286
 288,381
 280,587
 286,186
 271,852
 285,073
 261,114
 269,973
 265,275
 263,376
 276,633
 269,679
 286,914
 248,723
 254,323
 269,776
 280,016
 297,583
 269,103
 266,322
 255,064
 238,608
 255,342
 249,855
 257,389
 268,261
 255,483
 266,929
 268,792
 252,846
 285,677
 271,440
 280,246
 250,896
 271,685
 304,832
 273,189




























































































































































































































































































































































































































































































































































































































































































































































































































































































































































































































































































































































































































































































































































































































































































































































































































































































































































































































































































































































































































































































































































































































































































































































































































































































































































































































































































































































































































































































































































































































































































































































































































































































































































































































































































































































































































































































































































































































































































































































































































































































































































































































































































































































































































































































































































































































































































































































































































































































































































































































































































































































































































































































































































































































































































































































































































































































































































































































































































































































































































































































































































































































































































































































































































































































































































































































































































































































































































































































































































































































































































































































































































































































































































































































































































































































































































































































































































































































































































































































































































































































































































































































































































































































































































































































































































































































































































































































































































































































































































































































































































































































































































































































































































































































































































































































































































































































































































































































































































































































































































































































































































































































































































































































































































































































































































































































































































































































































































































































































































































































































































































































































































































































































































































































































































































































































































































































































































































































































































































































































































































































































































































































































































































































































































































































































































































































































































































































































































































































































































































































































































































































































































































































































































































































































































































































































































































































































































































































































































































































































































































































































































































































































































































































































































































































































































































































































































































































































































































































































































































































































































































































































































































































































































































































































































































































































































































































































































































































































































































































































































































































































































































































































































































































































































































































































































































































































































































































































































































































































































































































































































































































































































































































































































































































































































































































































































































































































































































































































































































































































































































































































































































































































































































































































































































































































































































































































































































































































































































































































































































































































































































































































































































































































































































































































































































































































































































































































































































































































































































































































































































































































































































































































































































































































































































































































































































































































































































































































































































































































































































































































































































































































































































































































































































































































































































































































































































































































































































































































































































































































































































































































































































































































































































































































































































































































































































































































































































































































































































































































































































































































































































































































































































































































































































































































































































































































































































































































































































































































































































































































































































































































































































































































































































































































































































































































































































































































































































































































































































































































































































































































































































































































































































































































































































































































































































































































































































































































































































































































































































































































































































































































































































































































































































































































































































































































































































































































































































































































































































































































































































































































































































































































































































































































































































































































































































































































































































































































































































































































































































































































































































































































































































































































































































































































































































































































































































































































































































































































































































































































































































































































































































































































































































































































































































































































































































































































































































































































































































































































































































































































































































































































































































































































































































































































