 647,583
 631,628
 598,550
 665,600
 610,208
 614,548
 646,664
 611,859
 630,961
 577,433
 625,391
 634,448
 597,822
 636,353
 617,149
 627,430
 623,917
 619,717
 634,947
 639,354
 621,332
 629,820
 608,993
 631,313
 630,724
 637,334
 665,642
 620,829
 617,753
 634,953
 688,589
 676,291
 668,758
 693,108
 634,053
 626,895
 626,900
 607,705
 615,473
 639,648
 628,271
 637,120
 641,110
 660,321
 634,486
 666,884
 648,035
 623,239
 669,913
 636,728
 631,963
 614,384
 626,511
 650,553
 647,946
 654,355
 660,899
 661,022
 661,878
 635,840
 637,824
 638,051
 607,064
 662,175
 636,995
 648,619
 666,460
 637,884
 676,417
 597,970
 647,267
 647,239
 683,229
 692,355
 652,700
 617,050
 629,260
 651,326
 610,378
 611,846
 656,228
 610,073
 677,157
 641,358
 632,941
 653,408
 640,475
 660,060
 653,798
 651,025
 668,953
 641,905
 641,152
 655,031
 643,889
 626,673
 678,477
 648,006
 650,598
 677,038
 641,230
 683,077
 663,243
 625,610
 645,585
 637,818
 691,726
 677,639
 689,799
 670,599
 674,983
 641,669
 685,707
 646,032
 675,412
 660,207
 684,904
 676,013
 668,545
 641,008
 678,694
 649,852
 636,404
 671,967
 657,674
 663,855
 663,100
 691,909
 661,562
 704,380
 641,470
 657,353
 674,771
 661,640
 670,603
 633,318
 680,376
 663,698
 672,247
 665,119
 653,525
 679,085
 682,924
 665,439
 676,736
 669,898
 667,139
 649,678
 666,351
 682,557
 665,018
 701,740
 647,565
 669,916
 628,537
 688,873
 643,356
 683,166
 686,309
 704,424
 670,947
 676,958
 665,823
 677,414
 675,819
 666,669
 674,976
 667,978
 676,754
 724,118
 652,474
 641,892
 680,538
 675,548
 676,947
 636,496
 669,075
 696,396
 654,713
 668,248
 662,284
 674,551
 700,737
 667,227
 663,744
 677,201
 675,261
 669,583
 703,739
 664,574
 666,384
 675,278
 688,014
 646,707
 689,863
 673,264
 705,472
 662,689
 658,262
 664,675
 691,152
 649,831
 670,592
 659,262
 667,106
 692,574
 682,759
 660,973
 713,275
 687,704
 651,940
 687,225
 675,122
 679,695
 645,174
 697,200
 650,216
 668,077
 656,450
 716,177
 715,852
 691,912
 667,146
 646,720
 678,838
 693,546
 687,555
 666,637
 706,533
 728,758
 656,169
 656,176
 655,209
 641,506
 670,888
 671,920
 679,387
 677,866
 668,201
 701,716
 705,042
 682,605
 699,848
 699,704
 666,248
 687,632
 648,336
 693,857
 682,715
 689,134
 660,918
 702,056
 709,419
 672,739
 672,148
 698,063
 719,749
 715,722
 727,435
 694,030
 703,083
 722,517
 691,860
 721,166
 694,127
 715,686
 708,392
 709,231
 675,849
 671,095
 668,741
 708,332
 736,258
 721,830
 731,947
 727,630
 716,381
 668,392
 696,840
 681,123
 686,844
 696,009
 714,632
 700,998
 731,772
 726,721
 737,849
 724,283
 713,436
 684,547
 739,809
 677,931
 701,481
 680,771
 715,786
 727,320
 734,203
 728,215
 754,655
 746,214
 722,336
 761,439
 726,211
 728,974
 728,664
 723,169
 738,556
 744,641
 706,409
 771,101
 760,817
 740,834
 751,384
 722,951
 718,088
 756,731
 735,253
 752,405
 750,982
 745,085
 748,420
 745,684
 761,159
 738,694
 758,787
 728,945
 760,512
 784,197
 775,595
 738,647
 747,293
 742,369
 737,166
 776,755
 747,924
 740,664
 775,895
 783,814
 770,064
 722,482
 750,277
 796,159
 774,740
 755,614
 770,837
 743,628
 765,196
 713,805
 783,921
 782,269
 756,369
 733,549
 753,702
 753,245
 745,288
 769,033
 800,087
 770,087
 736,618
 777,134
 784,525
 764,267
 778,738
 778,919
 769,104
 787,759
 776,976
 786,972
 826,948
 771,230
 768,852
 762,980
 763,398
 765,129
 807,526
 736,665
 793,719
 800,878
 756,455
 791,431
 820,858
 754,274
 821,600
 827,294
 839,957
 830,835
 811,055
 815,939
 795,597
 797,669
 790,857
 790,616
 795,512
 828,627
 834,036
 778,647
 797,500
 824,093
 818,500
 795,649
 781,299
 834,779
 789,952
 858,254
 797,313
 794,238
 825,395
 848,145
 841,600
 805,637
 817,724
 859,983
 858,218
 840,906
 859,102
 824,383
 850,726
 840,013
 851,003
 838,475
 805,494
 845,150
 848,454
 841,829
 819,505
 841,334
 861,959
 792,489
 814,019
 864,798
 898,471
 874,319
 843,775
 847,126
 822,054
 830,788
 849,443
 837,999
 821,607
 864,422
 830,975
 877,661
 794,550
 857,590
 861,733
 815,980
 877,394
 874,245
 886,319
 863,694
 862,472
 882,211
 902,209
 816,642
 861,870
 879,560
 894,474
 861,565
 841,735
 864,250
 835,109
 875,720
 859,051
 855,417
 857,654
 882,533
 884,466
 880,273
 875,396
 865,017
 870,798
 902,218
 915,482
 861,210
 892,101
 899,138
 898,964
 923,566
 861,017
 849,674
 910,426
 885,115
 907,141
 904,491
 873,234
 941,218
 942,359
 910,557
 886,534
 910,483
 918,210
 887,051
 946,319
 917,486
 900,503
 935,191
 911,526
 922,048
 887,533
 905,914
 953,286
 896,170
 896,888
 961,062
 902,307
 904,036
 940,297
 945,284
 930,937
 922,822
 934,781
 905,812
 916,974
 950,235
 965,200
 936,393
 926,589
 946,548
 918,221
 913,068
 949,069
 961,372
 943,920
 955,020
 968,304
 976,194
 963,343
 946,848
 984,849
 951,464
 930,301
 925,854
 945,688
 938,949
 947,538
 977,611
 966,492
 980,635
 983,657
 938,241
 951,679
 998,002
 1001,789
 1014,665
 967,784
 952,928
 968,853
 975,627
 986,575
 1038,542
 961,595
 972,173
 987,104
 1016,353
 1042,538
 993,110
 964,625
 1021,889
 967,748
 1048,300
 1009,279
 1019,722
 1015,172
 1022,504
 1027,599
 1023,380
 1031,267
 1042,868
 1021,730
 1021,777
 1032,928
 997,920
 1014,799
 966,932
 1045,607
 1012,519
 1004,894
 1004,109
 1037,103
 1016,201
 1029,413
 1049,751
 1058,837
 1030,840
 1031,989
 1032,568
 1007,625
 1025,837
 1011,251
 1069,965
 1029,767
 1003,494
 1049,152
 1047,441
 987,343
 1054,479
 1008,778
 1035,684
 1027,520
 1057,034
 1078,588
 1047,462
 1051,563
 1055,669
 1067,501
 1049,137
 1059,945
 1016,973
 1051,513
 1060,540
 1072,095
 1051,670
 1075,118
 1039,103
 1089,224
 1124,407
 1068,633
 1056,756
 1101,247
 1096,726
 1054,976
 1044,698
 1068,439
 1076,000
 1110,228
 1031,743
 1063,230
 1072,239
 1088,393
 1055,754
 1049,350
 1083,594
 1099,120
 1106,060
 1095,362
 1066,542
 1091,294
 1089,348
 1079,946
 1087,829
 1115,205
 1110,606
 1124,481
 1120,646
 1118,376
 1103,999
 1082,822
 1093,242
 1110,326
 1111,166
 1113,388
 1108,145
 1084,451
 1141,247
 1136,344
 1090,914
 1127,087
 1136,867
 1144,073
 1104,134
 1106,474
 1140,773
 1170,799
 1117,019
 1136,552
 1110,026
 1119,089
 1151,713
 1173,741
 1120,844
 1107,962
 1102,970
 1153,727
 1164,411
 1132,423
 1122,805
 1173,716
 1139,297
 1169,974
 1132,768
 1154,348
 1143,411
 1148,280
 1130,257
 1141,543
 1152,792
 1157,266
 1096,627
 1171,731
 1165,533
 1134,724
 1176,414
 1176,233
 1168,042
 1171,693
 1153,808
 1212,461
 1186,652
 1149,107
 1177,741
 1158,179
 1132,874
 1172,079
 1218,079
 1140,657
 1184,108
 1166,061
 1198,585
 1233,374
 1161,264
 1194,246
 1171,510
 1180,266
 1181,440
 1205,911
 1219,379
 1219,047
 1188,769
 1162,388
 1184,119
 1214,804
 1227,956
 1216,626
 1177,432
 1209,648
 1209,411
 1218,187
 1230,100
 1250,798
 1212,329
 1237,999
 1208,998
 1186,684
 1233,801
 1227,680
 1228,433
 1207,553
 1189,701
 1247,024
 1211,408
 1213,126
 1255,098
 1208,763
 1223,951
 1256,026
 1215,906
 1271,175
 1262,300
 1263,475
 1291,362
 1243,849
 1238,433
 1268,013
 1262,295
 1277,814
 1276,550
 1299,143
 1278,046
 1289,798
 1250,206
 1252,493
 1319,920
 1255,987
 1256,721
 1242,935
 1294,415
 1290,289
 1271,128
 1247,346
 1239,041
 1278,786
 1311,769
 1299,728
 1267,824
 1264,069
 1306,126
 1320,065
 1290,353
 1299,653
 1315,144
 1332,543
 1294,939
 1288,283
 1289,969
 1296,457
 1349,701
 1308,050
 1339,910
 1315,062
 1310,660
 1329,665
 1333,040
 1327,370
 1288,446
 1312,068
 1365,243
 1355,950
 1372,717
 1327,091
 1353,566
 1333,932
 1365,874
 1365,982
 1356,751
 1319,126
 1360,403
 1377,329
 1349,312
 1334,569
 1322,434
 1359,618
 1413,598
 1268,843
 1334,921
 1362,257
 1420,978
 1335,880
 1378,730
 1417,629
 1359,545
 1347,463
 1390,937
 1357,742
 1424,742
 1374,718
 1336,336
 1368,724
 1381,929
 1346,905
 1353,481
 1386,009
 1393,524
 1419,721
 1406,656
 1382,599
 1371,051
 1397,349
 1402,314
 1367,389
 1383,201
 1398,482
 1435,904
 1389,323
 1472,052
 1399,879
 1466,714
 1414,325
 1414,225
 1407,390
 1382,255
 1469,342
 1441,644
 1438,833
 1405,437
 1442,961
 1469,258
 1431,507
 1484,495
 1481,458
 1468,792
 1482,085
 1444,964
 1474,196
 1489,660
 1467,109
 1467,575
 1505,093
 1422,879
 1496,864
 1520,216
 1496,239
 1460,304
 1450,595
 1469,900
 1500,290
 1466,966
 1490,075
 1487,856
 1481,347
 1466,671
 1475,244
 1480,934
 1504,719
 1534,134
 1492,063
 1529,146
 1533,492
 1536,436
 1473,990
 1522,946
 1466,787
 1522,225
 1552,217
 1463,596
 1514,042
 1513,827
 1547,022
 1530,157
 1528,630
 1538,647
 1514,179
 1566,979
 1528,147
 1541,566
 1514,683
 1540,699
 1502,823
 1578,188
 1523,222
 1576,431
 1581,367
 1566,264
 1595,990
 1555,139
 1553,835
 1536,952
 1603,866
 1568,559
 1619,985
 1636,371
 1584,434
 1631,619
 1587,672
 1562,659
 1611,624
 1603,109
 1596,220
 1610,884
 1636,692
 1629,890
 1625,317
 1626,637
 1638,520
 1640,002
 1622,424
 1600,022
 1581,700
 1563,576
 1664,505
 1666,639
 1618,010
 1633,394
 1587,926
 1615,232
 1618,396
 1661,619
 1639,828
 1666,711
 1591,451
 1640,442
 1636,493
 1643,115
 1653,314
 1606,976
 1677,915
 1659,559
 1612,909
 1688,974
 1647,626
 1642,362
 1746,056
 1652,708
 1652,732
 1700,038
 1653,746
 1687,636
 1680,167
 1686,071
 1689,338
 1705,347
 1681,104
 1695,045
 1708,482
 1710,674
 1668,809
 1666,813
 1687,265
 1689,706
 1711,076
 1695,404
 1729,411
 1745,009
 1688,023
 1656,266
 1678,090
 1751,213
 1708,889
 1698,689
 1728,229
 1686,207
 1691,739
 1725,395
 1706,497
 1712,970
 1708,777
 1714,027
 1700,999
 1730,147
 1736,869
 1735,634
 1726,546
 1683,244
 1712,633
 1768,170
 1686,158
 1742,281
 1739,025
 1749,669
 1786,970
 1773,444
 1768,600
 1720,107
 1783,420
 1784,449
 1754,440
 1725,616
 1825,938
 1770,481
 1730,972
 1724,180
 1788,049
 1690,116
 1767,079
 1794,814
 1798,907
 1779,859
 1801,079
 1811,888
 1774,044
 1758,773
 1785,352
 1781,293
 1798,351
 1764,454
 1782,061
 1790,267
 1804,537
 1773,814
 1796,297
 1751,868
 1793,530
 1811,015
 1801,085
 1796,528
 1786,425
 1813,147
 1790,923
 1824,185
 1820,263
 1848,760
 1850,264
 1819,848
 1820,472
 1814,929
 1759,200
 1812,879
 1813,590
 1835,156
 1813,786
 1805,881
 1821,925
 1818,284
 1885,382
 1822,365
 1890,234
 1833,098
 1828,486
 1801,608
 1857,176
 1882,487
 1870,666
 1856,247
 1841,228
 1874,899
 1845,572
 1865,492
 1931,936
 1887,764
 1809,906
 1880,212
 1868,178
 1888,645
 1840,377
 1869,482
 1884,009
 1876,062
 1859,193
 1846,721
 1834,554
 1875,908
 1847,989
 1859,683
 1832,622
 1923,790
 1848,369
 1965,357
 1899,010
 1861,772
 1898,717
 1892,212
 1907,849
 1903,626
 1888,227
 1892,495
 1898,346
 1928,622
 1884,377
 1909,691
 1910,610
 1931,456
 1911,190
 1896,641
 1888,770
 1884,717
 1967,488
 1858,376
 1887,444
 1955,597
 1905,278
 1941,761
 1962,374
 1943,809
 1930,360
 1952,882
 1963,432
 1939,869
 1920,698
 1921,743
 1960,443
 1984,254
 1989,806
 1913,281
 1924,827
 1938,202
 1958,662
 1970,670
 1962,426
 1955,201
 1941,019
 1936,432
 1935,087
 1937,300
 2029,762
 1968,137
 1984,533
 1975,735
 2012,339
 1937,229
 2003,618
 2032,289
 1921,008
 2014,275
 1984,588
 2037,393
 1995,807
 2051,008
 2000,252
 1976,011
 1987,363
 1994,184
 1973,427
 1988,035
 1994,065
 2083,812
 2000,530
 2013,063
 2035,613
 1977,351
 2073,494
 1966,029
 2104,189
 2023,789
 2014,199
 2063,779
 2006,944
 2023,727
 2033,276
 2054,054
 2080,214
 2009,497
 2009,763
 2028,910
 2087,872
 2046,441
 2060,801
 2052,935
 2100,701
 2084,648
 2037,241
 2134,650
 2067,137
 2067,465
 2054,079
 2100,235
 2064,625
 2118,896
 2113,599
 2089,142
 2074,248
 2088,454
 2070,582
 2086,567
 2109,759
 2086,393
 2080,475
 2098,695
 2113,921
 2067,010
 2068,052
 2108,472
 2068,616
 2132,598
 2095,011
 2077,043
 2122,486
 2050,238
 2081,361
 2174,087
 2130,716
 2108,200
 2139,741
 2121,359
 2148,034
 2165,553
 2090,073
 2153,542
 2132,051
 2124,109
 2142,069
 2134,005
 2110,570
 2154,446
 2116,558
 2170,884
 2136,567
 2152,287
 2178,151
 2156,717
 2248,866
 2161,496
 2129,501
 2182,765
 2200,835
 2182,427
 2160,935
 2200,203
 2120,648
 2142,493
 2199,669
 2216,043
 2227,080
 2193,776
 2218,751
 2157,545
 2148,575
 2224,966
 2180,664
 2242,199
 2213,334
 2278,405
 2225,403
 2246,522
 2281,903
 2211,390
 2169,676
 2199,691
 2216,716
 2233,447
 2226,566
 2188,006
 2225,174
 2215,477
 2285,313
 2307,093
 2243,567
 2279,771
 2243,492
 2260,546
 2258,921
 2250,287
 2268,978
 2230,209
 2265,059
 2263,353
 2252,578
 2269,718
 2258,078
 2256,975
 2285,604
 2286,620
 2333,592
 2326,601
 2340,568
 2313,302
 2282,745
 2213,507
 2294,254
 2300,500
 2380,355
 2352,478
 2306,074
 2314,541
 2348,979
 2345,452
 2367,471
 2340,706
 2347,747
 2353,056
 2319,616
 2320,993
 2351,868
 2308,561
 2316,958
 2354,525
 2329,510
 2337,774
 2409,920
 2362,546
 2377,207
 2359,064
 2351,019
 2357,049
 2341,478
 2352,062
 2388,634
 2445,398
 2351,558
 2379,236
 2381,622
 2343,550
 2439,093
 2348,218
 2389,610
 2423,765
 2428,838
 2315,005
 2399,921
 2372,303
 2535,950
 2382,954
 2410,937
 2380,028
 2393,171
 2402,873
 2416,420
 2423,801
 2397,158
 2436,369
 2506,322
 2448,092
 2411,789
 2446,846
 2436,603
 2461,104
 2440,991
 2431,363
 2445,587
 2472,997
 2481,094
 2415,587
 2438,383
 2477,608
 2422,991
 2487,995
 2446,997
 2406,660
 2379,722
 2453,674
 2439,071
 2468,935
 2438,832
 2413,969
 2433,736
 2491,508
 2477,941
 2494,081
 2473,437
 2511,744
 2466,496
 2492,709
 2512,949
 2499,246
 2536,257
 2467,649
 2490,762
 2463,042
 2501,906
 2481,975
 2499,925
 2502,029
 2532,714
 2497,800
 2512,723
 2483,631
 2543,567
 2458,165
 2529,125
 2588,147
 2509,727
 2540,864
 2425,246
 2542,066
 2542,978
 2524,596
 2574,447
 2522,355
 2509,591
 2524,920
 2601,096
 2524,886
 2515,098
 2480,805
 2543,400
 2531,274
 2609,436
 2591,197
 2567,726
 2567,793
 2592,918
 2545,170
 2549,384
 2578,767
 2572,007
 2579,814
 2599,482
 2582,357
 2543,932
 2582,784
 2527,640
 2521,454
 2536,332
 2539,828
 2590,002
 2573,159
 2583,466
 2610,018
 2568,796
 2566,430
 2622,096
 2616,943
 2525,139
 2595,909
 2613,949
 2658,197
 2589,906
 2595,090
 2610,765
 2605,879
 2606,094
 2602,031
 2621,437
 2645,715
 2646,724
 2629,933
 2588,662
 2573,715
 2612,026
 2558,847
 2620,094
 2630,317
 2599,858
 2606,707
 2651,926
 2616,048
 2608,633
 2643,660
 2591,919
 2651,003
 2618,363
 2656,962
 2622,986
 2628,988
 2631,166
 2632,189
 2675,058
 2621,092
 2649,547
 2671,724
 2650,418
 2723,955
 2675,335
 2642,111
 2648,587
 2731,237
 2712,594
 2678,824
 2644,135
 2667,582
 2730,881
 2677,581
 2650,271
 2667,967
 2648,593
 2669,713
 2683,705
 2704,452
 2664,297
 2694,664
 2693,578
 2700,893
 2646,106
 2712,015
 2687,919
 2737,984
 2718,258
 2735,498
 2611,875
 2755,148
 2681,387
 2695,781
 2742,456
 2684,584
 2726,699
 2715,161
 2730,771
 2717,982
 2697,765
 2726,135
 2737,044
 2665,428
 2708,466
 2745,988
 2785,440
 2766,192
 2721,830
 2721,343
 2695,447
 2763,613
 2740,445
 2748,424
 2748,563
 2789,905
 2721,579
 2747,184
 2759,955
 2679,142
 2702,605
 2705,635
 2728,724
 2755,654
 2760,018
 2709,450
 2721,973
 2705,864
 2800,985
 2726,924
 2778,064
 2725,907
 2758,238
 2729,606
 2744,780
 2796,582
 2772,591
 2787,373
 2821,468
 2781,207
 2797,407
 2815,811
 2826,573
 2820,247
 2815,331
 2824,028
 2784,904
 2791,632
 2786,900
 2772,779
 2740,650
 2765,444
 2775,112
 2848,267
 2835,763
 2826,432
 2750,561
 2792,451
 2815,769
 2812,084
 2836,571
 2783,845
 2839,330
 2787,591
 2864,941
 2807,692
 2822,632
 2815,183
 2753,339
 2796,421
 2863,839
 2878,055
 2870,032
 2864,153
 2829,779
 2832,268
 2889,119
 2844,166
 2876,003
 2801,127
 2833,753
 2825,074
 2843,282
 2862,991
 2821,358
 2916,574
 2857,862
 2842,489
 2874,888
 2837,529
 2909,058
 2852,733
 2868,264
 2905,189
 2914,922
 2901,680
 2938,720
 2903,587
 2916,827
 2901,631
 2818,686
 2872,105
 2894,455
 2887,558
 2961,560
 2914,723
 2914,818
 2938,405
 2921,329
 2904,636
 2908,297
 2880,323
 2927,792
 2965,184
 2975,583
 2909,473
 2957,571
 2898,256
 2978,537
 2925,897
 2987,186
 2942,310
 2914,990
 2941,751
 2944,265
 3045,702
 2933,236
 2936,827
 2955,999
 2957,544
 2986,686
 2943,841
 2991,061
 2949,988
 2940,237
 3012,755
 2981,518
 2998,304
 2993,180
 3059,165
 3020,286
 3007,088
 2935,783
 2947,405
 3040,273
 3009,375
 2992,485
 2956,624
 2962,145
 2988,009
 3024,129
 2994,153
 2995,029
 2982,950
 2998,347
 3016,006
 2956,874
 3054,282
 3007,791
 3028,618
 3020,945
 3034,872
 2991,756
 3004,363
 2956,481
 2962,669
 3005,733
 3011,695
 3044,622
 3043,283
 3035,756
 3058,126
 3029,545
 3044,938
 2995,499
 3047,941
 3025,059
 3095,523
 3051,990
 2986,899
 3095,318
 3104,496
 3044,659
 3023,588
 2903,704
 3095,383
 3085,289
 3079,248
 3073,587
 3107,507
 3060,018
 3066,532
 3091,873
 3142,496
 3116,833
 3111,028
 3173,236
 3100,835
 3142,540
 3038,306
 3009,511
 3107,498
 3137,885
 3153,216
 3147,054
 3081,063
 3204,160
 3173,441
 3137,831
 3141,408
 3141,028
 3154,993
 3091,997
 3178,590
 3190,085
 3186,812
 3135,206
 3162,951
 3142,481
 3139,276
 3132,096
 3177,363
 3214,799
 3129,569
 3268,166
 3243,082
 3235,216
 3148,328
 3120,384
 3145,439
 3171,026
 3181,568
 3169,597
 3213,812
 3212,550
 3180,765
 3198,592
 3179,174
 3225,630
 3313,423
 3237,920
 3211,899
 3248,603
 3254,085
 3195,256
 3275,081
 3291,150
 3272,029
 3222,717
 3219,862
 3216,843
 3262,472
 3212,927
 3200,001
 3285,006
 3289,629
 3193,700
 3234,532
 3248,256
 3234,364
 3195,116
 3270,823
 3198,578
 3253,297
 3284,859
 3262,700
 3225,507
 3298,445
 3288,121
 3256,588
 3273,568
 3328,850
 3230,400
 3227,727
 3258,160
 3299,329
 3285,174
 3316,192
 3301,408
 3331,016
 3338,598
 3289,242
 3348,255
 3267,246
 3315,502
 3286,628
 3261,484
 3338,433
 3402,132
 3425,244
 3355,566
 3307,137
 3275,465
 3313,674
 3351,018
 3274,493
 3358,977
 3351,801
 3345,885
 3297,108
 3318,695
 3339,336
 3321,711
 3362,066
 3320,268
 3361,002
 3384,705
 3374,219
 3374,587
 3398,912
 3339,722
 3404,339
 3314,511
 3322,157
 3380,085
 3365,415
 3364,705
 3354,551
 3410,660
 3376,431
 3432,725
 3361,543
 3324,006
 3292,010
 3365,946
 3389,769
 3438,713
 3346,488
 3393,915
 3417,341
 3365,121
 3371,769
 3400,660
 3344,884
 3454,703
 3393,713
 3384,789
 3364,283
 3466,925
 3352,159
 3385,006
 3388,945
 3463,702
 3475,176
 3395,789
 3415,224
 3422,703
 3486,288
 3457,745
 3395,138
 3423,978
 3403,619
 3479,345
 3438,262
 3463,274
 3429,167
 3442,155
 3458,075
 3445,365
 3439,905
 3435,462
 3418,000
 3473,866
 3443,822
 3449,249
 3506,790
 3493,309
 3487,420
 3459,316
 3434,636
 3444,343
 3494,623
 3473,045
 3525,901
 3483,167
 3503,437
 3489,826
 3510,146
 3501,108
 3483,590
 3563,617
 3488,246
 3534,106
 3515,089
 3417,457
 3499,103
 3575,351
 3487,173
 3513,815
 3528,574
 3509,365
 3500,220
 3531,744
 3513,646
 3536,076
 3550,488
 3531,352
 3502,254
 3486,716
 3511,366
 3545,309
 3489,028
 3518,659
 3529,555
 3538,856
 3549,406
 3531,573
 3500,285
 3536,072
 3550,010
 3517,338
 3555,631
 3525,686
 3562,322
 3462,304
 3541,244
 3539,546
 3591,961
 3591,967
 3586,655
 3573,390
 3596,889
 3566,395
 3544,860
 3575,626
 3552,448
 3563,844
 3557,507
 3536,332
 3561,038
 3586,096
 3599,141
 3593,433
 3545,716
 3573,604
 3534,045
 3592,856
 3597,532
 3612,505
 3590,223
 3605,686
 3640,477
 3527,365
 3648,075
 3568,196
 3597,212
 3579,367
 3640,926
 3602,360
 3621,619
 3624,566
 3626,175
 3656,831
 3617,418
 3529,898
 3537,880
 3619,452
 3589,316
 3653,483
 3623,500
 3633,062
 3579,215
 3682,926
 3640,481
 3634,581
 3573,624
 3622,926
 3603,976
 3629,410
 3577,057
 3640,521
 3740,737
 3639,243
 3723,065
 3655,498
 3602,032
 3699,120
 3696,040
 3680,338
 3617,255
 3650,348
 3669,856
 3640,597
 3628,570
 3711,007
 3637,900
 3801,241
 3669,769
 3700,070
 3645,468
 3689,579
 3668,434
 3724,739
 3744,848
 3638,775
 3675,647
 3645,736
 3679,074
 3703,628
 3761,119
 3664,125
 3706,481
 3685,009
 3680,021
 3628,162
 3664,919
 3779,753
 3680,439
 3686,213
 3693,280
 3752,529
 3765,187
 3651,088
 3773,404
 3694,947
 3750,516
 3739,958
 3761,112
 3717,627
 3707,412
 3692,978
 3760,582
 3751,554
 3711,325
 3725,767
 3623,224
 3758,126
 3747,127
 3745,825
 3742,851
 3698,415
 3700,077
 3751,726
 3721,903
 3732,869
 3715,462
 3749,408
 3737,543
 3744,752
 3800,637
 3786,027
 3761,793
 3730,265
 3785,206
 3786,795
 3763,909
 3695,159
 3788,548
 3821,829
 3737,291
 3790,855
 3735,432
 3805,018
 3799,710
 3780,640
 3838,527
 3761,753
 3747,031
 3795,191
 3800,268
 3791,701
 3826,315
 3767,861
 3725,353
 3755,694
 3810,736
 3787,769
 3910,465
 3808,646
 3838,782
 3818,857
 3814,686
 3819,723
 3806,257
 3777,669
 3811,332
 3808,620
 3842,090
 3838,441
 3772,848
 3822,067
 3898,496
 3854,206
 3841,463
 3803,518
 3831,237
 3822,903
 3854,236
 3816,199
 3807,668
 3883,496
 3855,876
 3853,843
 3766,575
 3861,532
 3879,806
 3828,748
 3849,282
 3815,732
 3813,407
 3898,201
 3767,638
 3867,110
 3904,892
 3860,086
 3880,630
 3812,177
 3898,388
 3853,015
 3883,852
 3889,393
 3904,612
 3920,822
 3850,673
 3846,807
 3927,968
 3867,882
 3885,006
 3912,249
 3965,645
 3904,271
 3872,916
 3923,761
 3889,716
 3886,884
 3917,134
 3893,400
 3896,783
 3905,244
 3842,943
 3924,930
 3985,930
 3973,080
 3996,127
 3955,777
 3937,458
 3918,026
 3971,898
 3969,416
 3961,990
 3919,751
 3978,690
 3932,254
 3859,481
 3934,749
 3977,510
 4017,407
 3937,095
 3998,099
 4041,440
 3977,060
 3936,177
 3950,032
 4070,238
 4005,182
 3964,657
 3967,930
 3982,144
 3936,041
 3968,156
 3953,262
 3976,901
 4018,330
 3943,028
 3945,159
 4018,933
 4031,451
 4025,795
 4045,315
 4035,270
 4013,285
 4004,748
 4007,219
 4014,791
 3975,109
 3986,218
 3999,727
 3983,608
 4092,905
 4120,940
 4040,863
 4083,403
 3995,787
 4030,036
 4104,164
 4071,378
 4041,388
 4117,244
 4027,893
 4043,437
 4046,262
 4073,210
 4067,853
 4017,988
 4027,984
 4079,369
 4099,174
 4132,559
 4084,019
 4035,065
 4098,609
 4072,968
 4132,164
 4094,367
 4096,754
 4175,333
 4026,342
 4090,571
 4128,521
 4130,902
 4079,773
 4140,628
 4179,557
 4129,054
 4140,332
 4108,766
 4108,939
 4156,907
 4104,675
 4129,110
 4154,264
 4110,499
 4112,775
 4102,079
 4159,289
 4218,653
 4157,920
 4134,960
 4122,006
 4165,110
 4156,495
 4163,528
 4150,409
 4205,418
 4194,854
 4245,386
 4212,145
 4148,899
 4209,312
 4128,860
 4212,526
 4192,860
 4206,681
 4195,453
 4219,609
 4183,369
 4166,801
 4157,070
 4170,474
 4132,413
 4275,117
 4150,825
 4230,354
 4131,465
 4228,394
 4199,025
 4257,036
 4182,035
 4314,186
 4248,268
 4267,291
 4303,331
 4269,333
 4283,373
 4277,035
 4176,585
 4279,266
 4249,726
 4323,853
 4298,696
 4384,875
 4283,725
 4295,968
 4278,073
 4244,813
 4327,917
 4244,287
 4355,769
 4267,807
 4264,001
 4271,340
 4313,629
 4348,537
 4343,341
 4324,064
 4348,546
 4293,458
 4257,624
 4313,384
 4348,517
 4307,602
 4289,930
 4277,576
 4275,509
 4332,849
 4314,127
 4306,105
 4394,307
 4365,887
 4314,145
 4302,429
 4349,951
 4333,836
 4323,235
 4364,207
 4293,764
 4239,727
 4353,495
 4346,879
 4367,428
 4360,504
 4283,460
 4349,057
 4315,027
 4334,395
 4408,141
 4366,922
 4354,078
 4357,658
 4366,152
 4357,709
 4393,772
 4387,912
 4389,560
 4403,502
 4437,004
 4338,494
 4399,749
 4464,323
 4387,035
 4485,308
 4393,414
 4468,862
 4377,316
 4418,967
 4425,556
 4423,765
 4341,137
 4372,555
 4389,128
 4340,479
 4501,425
 4422,212
 4448,371
 4397,616
 4348,296
 4371,167
 4431,432
 4484,335
 4410,339
 4456,948
 4406,871
 4445,588
 4444,653
 4461,466
 4409,392
 4387,053
 4477,855
 4374,916
 4465,197
 4413,519
 4492,889
 4439,303
 4487,842
 4390,136
 4537,577
 4547,191
 4453,129
 4469,513
 4432,828
 4432,061
 4463,258
 4481,756
 4446,885
 4460,396
 4433,236
 4467,542
 4516,933
 4504,741
 4422,584
 4463,066
 4446,710
 4498,366
 4490,512
 4472,110
 4478,845
 4392,537
 4507,986
 4487,984
 4448,311
 4504,283
 4455,007
 4424,006
 4488,397
 4554,122
 4394,834
 4454,418
 4451,433
 4512,525
 4485,698
 4474,701
 4543,963
 4477,050
 4511,979
 4462,203
 4523,161
 4527,900
 4583,176
 4611,951
 4468,761
 4536,148
 4559,540
 4544,251
 4599,914
 4560,408
 4523,577
 4512,080
 4508,336
 4494,204
 4561,453
 4474,292
 4518,794
 4499,908
 4527,227
 4394,605
 4510,895
 4507,767
 4516,215
 4599,978
 4546,471
 4491,029
 4558,730
 4493,926
 4542,812
 4582,188
 4558,020
 4537,901
 4624,897
 4565,680
 4540,412
 4590,144
 4529,376
 4566,461
 4590,807
 4550,482
 4535,904
 4573,313
 4584,323
 4598,720
 4558,175
 4522,684
 4574,783
 4520,830
 4596,733
 4598,819
 4601,459
 4499,657
 4574,626
 4584,146
 4551,586
 4524,211
 4655,686
 4600,300
 4611,282
 4573,435
 4593,050
 4682,081
 4594,240
 4659,025
 4640,203
 4659,847
 4633,342
 4629,055
 4603,676
 4635,788
 4567,514
 4609,574
 4621,441
 4654,823
 4662,643
 4694,509
 4651,781
 4709,333
 4672,532
 4687,363
 4646,872
 4662,798
 4639,294
 4716,090
 4743,764
 4643,778
 4681,329
 4704,071
 4654,962
 4594,432
 4695,559
 4637,203
 4665,137
 4704,140
 4707,874
 4665,388
 4654,613
 4621,815
 4673,721
 4707,722
 4735,309
 4667,434
 4640,900
 4729,283
 4666,930
 4686,803
 4644,461
 4687,363
 4674,084
 4750,153
 4679,643
 4715,251
 4653,445
 4669,321
 4642,501
 4656,721
 4680,355
 4625,592
 4607,101
 4648,968
 4639,778
 4676,197
 4734,274
 4659,206
 4673,469
 4700,007
 4780,004
 4767,099
 4629,571
 4694,642
 4602,886
 4689,805
 4685,231
 4718,420
 4760,046
 4699,040
 4710,117
 4621,686
 4667,424
 4758,433
 4675,284
 4693,250
 4713,981
 4702,213
 4704,456
 4725,881
 4738,723
 4672,996
 4631,349
 4744,921
 4704,983
 4712,966
 4643,909
 4709,279
 4721,004
 4713,263
 4725,040
 4630,890
 4821,754
 4726,140
 4690,700
 4750,888
 4748,141
 4713,710
 4722,738
 4682,506
 4704,871
 4801,389
 4710,437
 4687,797
 4726,629
 4731,681
 4632,972
 4678,005
 4731,307
 4775,899
 4697,590
 4759,139
 4777,885
 4715,632
 4714,415
 4726,762
 4715,040
 4718,868
 4699,710
 4745,049
 4741,348
 4679,736
 4660,642
 4724,089
 4651,851
 4761,043
 4707,740
 4736,171
 4772,210
 4736,671
 4679,502
 4725,986
 4715,392
 4747,799
 4725,213
 4764,444
 4731,769
 4765,595
 4671,602
 4733,075
 4708,311
 4645,716
 4746,934
 4750,661
 4696,446
 4772,901
 4741,621
 4778,485
 4741,204
 4691,307
 4717,346
 4686,153
 4705,276
 4744,050
 4729,008
 4709,385
 4776,953
 4787,974
 4738,430
 4724,802
 4773,912
 4669,766
 4766,416
 4753,519
 4774,289
 4729,567
 4770,249
 4814,274
 4774,225
 4818,967
 4766,893
 4755,301
 4824,339
 4773,737
 4733,404
 4765,781
 4840,036
 4816,505
 4757,958
 4756,017
 4682,705
 4819,198
 4811,078
 4810,872
 4788,566
 4774,901
 4827,928
 4895,510
 4691,217
 4799,660
 4835,889
 4794,248
 4821,005
 4821,161
 4837,571
 4741,469
 4783,452
 4777,452
 4797,034
 4792,278
 4771,326
 4794,537
 4853,386
 4802,794
 4855,145
 4834,794
 4860,519
 4887,282
 4860,538
 4824,769
 4795,444
 4819,091
 4804,346
 4781,940
 4752,230
 4836,233
 4808,083
 4822,509
 4814,458
 4815,314
 4909,834
 4886,568
 4822,505
 4924,829
 4835,722
 4870,840
 4850,896
 4799,204
 4819,752
 4849,531
 4886,519
 4767,210
 4825,593
 4831,955
 4872,575
 4791,110
 4914,742
 4893,119
 4905,111
 4966,229
 4923,622
 4896,035
 4840,664
 4925,061
 4892,898
 4935,633
 4874,141
 4808,731
 4844,942
 4871,902
 4849,935
 4843,697
 4884,525
 4901,918
 4948,040
 4868,476
 4876,602
 4900,411
 4866,215
 4926,193
 4916,715
 4876,713
 4922,938
 4921,357
 4884,512
 4947,586
 4936,579
 4897,014
 4928,109
 4932,451
 4943,592
 4917,964
 4915,690
 4903,480
 4920,554
 4983,312
 4939,524
 4978,918
 5011,330
 4990,729
 4910,821
 4925,372
 4967,736
 4923,790
 4941,086
 5016,412
 5009,787
 5007,558
 5002,347
 4939,449
 4936,426
 4973,008
 4934,316
 4968,374
 5029,961
 5015,700
 5009,002
 4944,283
 4961,454
 5034,559
 5001,648
 4950,093
 4983,467
 5020,807
 5061,381
 4993,967
 5008,346
 4934,508
 4979,465
 5146,552
 4953,121
 5077,869
 5069,128
 5023,084
 4916,394
 5060,486
 4995,228
 4960,389
 5034,209
 5004,938
 5105,000
 5010,960
 5008,713
 5052,258
 4981,967
 5062,990
 4956,953
 5066,988
 4983,359
 5005,110
 5039,719
 4954,660
 5065,182
 5046,108
 5004,499
 5049,926
 5054,308
 5036,290
 5062,010
 4983,519
 5065,540
 5110,509
 5032,567
 5016,138
 5064,591
 5023,873
 5064,535
 5070,134
 5035,262
 5113,576
 5097,647
 5029,036
 5072,580
 5034,682
 5014,706
 5083,046
 5080,447
 5068,151
 5056,048
 5043,087
 5046,868
 5049,758
 5104,166
 5057,661
 5056,144
 5077,290
 5036,079
 5148,591
 4962,860
 5081,823
 5091,308
 5060,337
 5011,372
 5012,127
 5035,951
 5053,852
 4960,481
 5017,792
 5111,363
 5026,047
 5038,961
 5049,058
 5078,850
 5079,146
 5098,338
 5023,642
 5021,224
 5064,146
 5100,792
 5080,472
 5091,226
 5069,759
 5054,890
 5086,028
 5028,579
 5061,758
 5091,057
 5032,666
 5037,862
 5124,314
 4994,436
 5151,676
 5163,202
 5047,625
 5092,617
 5151,948
 5086,857
 5078,283
 5082,229
 5097,617
 5079,753
 5004,753
 5082,361
 4977,834
 5204,611
 5017,637
 5085,812
 5075,455
 5014,203
 5050,050
 5111,599
 5070,765
 5065,548
 5116,579
 5140,088
 5176,621
 5100,853
 5148,936
 5150,732
 5115,697
 5046,455
 5070,540
 5134,439
 5098,780
 5073,433
 4990,955
 5101,759
 5089,305
 5118,422
 5088,348
 5048,605
 5146,534
 5062,639
 5025,523
 4977,513
 5093,401
 5142,816
 5125,811
 5152,004
 5095,281
 5171,514
 5102,174
 5121,672
 5083,431
 5040,757
 5062,367
 5082,805
 5242,152
 5127,488
 5087,168
 5106,637
 5087,012
 5074,647
 5108,242
 5046,877
 5083,829
 5056,348
 5106,234
 5049,126
 5014,358
 5137,358
 5111,834
 5137,749
 5073,871
 5022,272
 5028,910
 5011,159
 5064,361
 5102,446
 5145,571
 5036,774
 5111,837
 5088,972
 5068,704
 5134,769
 5120,761
 5110,951
 5063,299
 5108,108
 5039,276
 5040,542
 5095,053
 5075,808
 5027,046
 5103,891
 5113,609
 5153,172
 5014,859
 5041,974
 5046,024
 5106,473
 5056,075
 5060,886
 5026,844
 5059,635
 5104,920
 5044,715
 5061,852
 5078,131
 5054,983
 5066,352
 5092,408
 5092,254
 5054,763
 5037,121
 5025,427
 5082,359
 5066,632
 5033,009
 5039,773
 5048,725
 4983,306
 5051,188
 5006,763
 4967,593
 4991,982
 5042,510
 4994,795
 5056,645
 5026,968
 5083,049
 4946,802
 5023,657
 5022,825
 5084,564
 5075,653
 5044,287
 5124,836
 5116,505
 4977,147
 5014,357
 5049,045
 5006,355
 5086,348
 4975,296
 5029,059
 5118,783
 5032,377
 5036,477
 5008,052
 5004,202
 4983,997
 5067,574
 5043,709
 5052,321
 4995,577
 5070,637
 4963,004
 5032,276
 4950,549
 5022,516
 5011,619
 5017,980
 5007,889
 5007,742
 5049,195
 4913,982
 5024,391
 4990,209
 4992,505
 4986,861
 4980,892
 4966,689
 5041,017
 4960,442
 4986,384
 4924,641
 4942,211
 4991,741
 5028,487
 4948,862
 5048,900
 5010,409
 4965,525
 4974,501
 4926,293
 4947,769
 4978,738
 4932,372
 4882,718
 5020,986
 4925,118
 4972,921
 4962,746
 4919,937
 5051,559
 4944,085
 4985,603
 5009,667
 4910,772
 4995,651
 4939,803
 4955,199
 4942,035
 4926,341
 4982,083
 4906,258
 4937,083
 4904,707
 4935,848
 4942,785
 4957,019
 4869,638
 4867,069
 4905,600
 4935,115
 4907,988
 4870,292
 4910,803
 4894,975
 4908,286
 4918,150
 4896,514
 4877,730
 4946,572
 4856,886
 4875,086
 4911,657
 4946,334
 4927,795
 4922,595
 4909,552
 4865,540
 4884,669
 4811,665
 4890,146
 4985,524
 4834,823
 4834,719
 4811,952
 4767,023
 4890,176
 4859,431
 4807,510
 4856,471
 4926,858
 4799,181
 4882,016
 4911,610
 4825,514
 4835,381
 4810,148
 4803,174
 4801,033
 4853,217
 4846,523
 4779,731
 4790,981
 4890,249
 4875,709
 4817,086
 4791,725
 4749,208
 4811,360
 4797,000
 4834,963
 4855,622
 4756,347
 4766,708
 4826,626
 4847,043
 4790,493
 4837,962
 4806,321
 4791,518
 4748,922
 4706,462
 4783,019
 4790,076
 4792,103
 4740,998
 4793,223
 4793,461
 4771,916
 4724,209
 4708,693
 4757,992
 4721,486
 4740,986
 4666,568
 4762,584
 4686,817
 4760,488
 4767,877
 4755,125
 4730,079
 4761,924
 4781,105
 4692,540
 4734,500
 4741,828
 4700,652
 4696,921
 4734,849
 4680,060
 4762,334
 4675,959
 4748,014
 4777,008
 4698,467
 4729,130
 4667,322
 4675,073
 4721,357
 4713,928
 4686,506
 4626,109
 4666,905
 4668,007
 4765,401
 4695,982
 4683,973
 4706,452
 4735,776
 4677,638
 4736,603
 4672,546
 4654,862
 4633,946
 4668,147
 4609,520
 4622,924
 4676,401
 4667,845
 4701,731
 4650,256
 4628,022
 4686,832
 4630,861
 4640,888
 4605,353
 4637,747
 4650,249
 4630,781
 4625,566
 4613,924
 4647,766
 4573,780
 4628,053
 4623,722
 4637,959
 4637,304
 4618,830
 4589,777
 4517,144
 4625,014
 4528,459
 4565,855
 4597,662
 4563,660
 4593,209
 4556,162
 4647,487
 4540,902
 4586,976
 4477,602
 4535,955
 4521,548
 4592,820
 4487,639
 4482,355
 4621,781
 4512,822
 4583,984
 4503,175
 4601,246
 4501,767
 4538,661
 4609,173
 4572,471
 4527,021
 4492,764
 4509,178
 4500,354
 4469,079
 4483,658
 4507,299
 4519,633
 4513,471
 4524,790
 4442,178
 4580,943
 4502,535
 4489,848
 4510,989
 4497,530
 4497,623
 4515,607
 4529,218
 4460,753
 4500,004
 4482,477
 4530,267
 4458,137
 4431,987
 4371,500
 4403,520
 4497,133
 4446,466
 4455,765
 4447,030
 4515,518
 4413,987
 4431,756
 4416,738
 4393,486
 4465,292
 4437,206
 4452,450
 4378,327
 4408,741
 4389,089
 4410,381
 4459,974
 4394,237
 4491,627
 4362,362
 4399,908
 4425,788
 4358,241
 4474,339
 4445,331
 4397,726
 4371,711
 4396,524
 4358,246
 4297,101
 4401,158
 4413,354
 4373,573
 4403,159
 4297,373
 4436,049
 4311,152
 4309,516
 4332,024
 4418,705
 4323,898
 4272,981
 4364,974
 4359,088
 4323,564
 4262,290
 4317,771
 4329,528
 4375,322
 4336,834
 4413,293
 4342,888
 4265,323
 4308,998
 4262,903
 4300,292
 4280,146
 4231,026
 4307,973
 4327,703
 4303,506
 4362,114
 4252,710
 4299,900
 4266,447
 4298,048
 4335,810
 4298,517
 4204,086
 4251,652
 4207,028
 4307,512
 4269,447
 4280,136
 4253,115
 4259,132
 4250,120
 4206,418
 4256,232
 4306,448
 4247,862
 4262,406
 4293,730
 4251,323
 4220,259
 4238,265
 4183,406
 4225,256
 4282,726
 4226,849
 4226,172
 4229,238
 4155,810
 4212,492
 4197,460
 4158,292
 4171,298
 4265,249
 4203,706
 4253,083
 4200,447
 4193,482
 4235,696
 4208,542
 4171,911
 4236,322
 4202,504
 4181,656
 4140,383
 4240,931
 4185,793
 4110,379
 4233,517
 4124,353
 4188,034
 4129,188
 4161,973
 4156,378
 4159,302
 4141,837
 4157,124
 4152,447
 4159,398
 4144,294
 4142,906
 4095,254
 4133,248
 4106,212
 4206,293
 4090,058
 4115,325
 4050,813
 4119,471
 4132,390
 4063,601
 4051,048
 4022,205
 4190,350
 4073,610
 4135,188
 4085,399
 4041,205
 4080,373
 4107,775
 4005,474
 4045,876
 4113,438
 4110,963
 4093,911
 4030,441
 3968,542
 4060,164
 4007,176
 4003,473
 4010,040
 4083,457
 4010,812
 4012,840
 3982,628
 4096,337
 4060,379
 4021,473
 4049,883
 4025,561
 4018,145
 4019,711
 4026,605
 3982,278
 3895,053
 3965,524
 4042,342
 3998,720
 3954,380
 3995,211
 3958,764
 3921,626
 3910,775
 4002,700
 3998,862
 4014,247
 3985,953
 3911,369
 3897,254
 3919,331
 3947,866
 3898,996
 3911,819
 3967,854
 3966,185
 3934,875
 3864,817
 3968,680
 3918,469
 3905,306
 3888,063
 3928,821
 3862,280
 3922,017
 3945,396
 3892,758
 3858,348
 3883,770
 3915,390
 3829,748
 3855,442
 3934,757
 3851,758
 3928,898
 3893,273
 3831,845
 3858,838
 3871,902
 3908,322
 3864,190
 3803,836
 3854,317
 3877,565
 3802,535
 3839,182
 3803,534
 3782,122
 3849,505
 3805,821
 3820,046
 3883,814
 3783,533
 3752,040
 3878,185
 3803,004
 3762,260
 3788,646
 3767,607
 3797,671
 3795,827
 3766,144
 3798,059
 3797,070
 3817,347
 3759,646
 3778,884
 3749,760
 3730,464
 3736,518
 3691,948
 3718,411
 3749,617
 3776,117
 3732,975
 3637,722
 3723,515
 3799,982
 3723,249
 3721,307
 3672,476
 3682,455
 3709,024
 3716,876
 3731,260
 3645,095
 3677,181
 3748,045
 3702,010
 3655,387
 3611,543
 3687,400
 3634,984
 3583,524
 3648,113
 3611,828
 3647,637
 3683,548
 3660,226
 3653,535
 3686,667
 3672,660
 3651,310
 3589,535
 3628,238
 3613,843
 3600,164
 3622,989
 3663,352
 3652,213
 3669,393
 3596,436
 3662,683
 3678,038
 3602,634
 3622,635
 3719,989
 3638,378
 3619,642
 3605,202




























































































































































































































































































































































































































































































































































































































































































































































































































































































































































































































































































































































































































































































































































































































































































































































































































































































































































































































































































































































































































































































































































































































































































































































































































































































































































































































































































































































































































































































































































































































































































































































































































































































































































































































































































































































































































































































































































































































































































































































































































































































































































































































































































































































































































































































































































































































































































































































































































































































































































































































































































































































































































































































































































































































































































































































































































































































































































































































































































































































































































































































































































































































































































































































































































































































































































































































































































































































































































































































































































































































































































































































































































































































































































































































































































































































































































































































































































































































































































































































































































































































































































































































































































































































































































































































































































































































































































































































































































































































































































































































































































































































































































































































































































































































































































































































































































































































































































































































































































































































































































































































































































































































































































































































































































































































































































































































































































































































































































































































































































































































































































































































































































































































































































































































































































































































































































































































































































































































































































































































































































































































































































































































































































































































































































































































































































































































































































































































































































































































































































































































































































































































































































































































































































































































































































































































































































































































































































































































































































































































































































































































































































































































































































































































































































































































































































































































































































































































































































































































































































































































































































































































































































































































































































































































































































































































































































































































































































































































































































































































































































































































































































































































































































































































































































































































































































































































































































































































































































































































































































































































































































































































































































































































































































































































































































































































































































































































































































































































































































































































































































































































































































































































































































































































































































































































































































































































































































































































































































































































































































































































































































































































































































































































































































































































































































































































































































































































































































































































































































































































































































































































































































































































































































































































































































































































































































































































































































































































































































































































































































































































































































































































































































































































































































































































































































































































































































































































































































































































































































































































































































































































































































































































































































































































































































































































































































































































































































































































































































































































































































































































































































































































































































































































































































































































































































































































































































































































































































































































































































































































































































































































































































































































































































































































































































































































































































































































































































































































































































































































































































































































































































































































































































































































































































































































































































































































































































































































































































































































































































































































































































































































































































































































































































































































































































































































































































































































































































































































































































































































































































































































































































































































































































































































































































































































































































































































































































































































































































































































































































































































































































































































































































































































































































































































































































































































































































































































































































































































































































































































































































































































































































































































































































































































































































































































































































































































































































































































































































































































































































































































































































































































































































































































































































































































































