 646,217
 616,063
 605,650
 679,527
 617,034
 618,644
 654,856
 646,538
 655,537
 612,112
 613,922
 655,201
 643,970
 647,276
 617,422
 617,599
 640,847
 637,739
 603,817
 646,454
 622,424
 620,536
 610,359
 604,826
 640,281
 641,703
 654,446
 613,456
 631,680
 651,610
 687,497
 619,494
 647,185
 637,130
 659,721
 628,807
 615,431
 628,185
 605,097
 641,560
 626,087
 625,651
 631,553
 636,018
 658,243
 645,312
 642,301
 621,055
 633,595
 644,647
 674,288
 626,672
 617,227
 662,568
 626,920
 618,310
 648,884
 631,803
 638,940
 609,353
 655,027
 643,240
 658,946
 659,717
 631,534
 622,951
 633,965
 655,634
 681,606
 615,173
 628,152
 666,626
 692,787
 700,821
 630,308
 679,855
 641,275
 652,965
 652,157
 638,061
 666,605
 635,195
 692,449
 634,258
 634,580
 663,239
 652,490
 636,849
 633,318
 651,844
 653,934
 678,769
 630,502
 661,584
 631,874
 662,718
 696,227
 669,032
 626,296
 673,762
 659,525
 680,619
 649,043
 629,433
 652,685
 655,567
 683,807
 659,889
 673,142
 700,910
 666,518
 654,777
 668,777
 637,567
 659,847
 685,875
 675,620
 657,718
 665,814
 682,787
 691,255
 646,029
 644,869
 684,528
 687,165
 701,538
 691,772
 688,632
 674,942
 695,641
 666,865
 666,910
 657,022
 668,740
 698,456
 622,669
 661,261
 621,099
 660,232
 659,931
 675,644
 646,590
 664,628
 636,221
 706,500
 667,441
 668,504
 655,958
 679,731
 682,557
 675,667
 659,688
 645,107
 668,824
 671,682
 672,216
 657,009
 677,978
 687,947
 692,682
 700,985
 675,319
 666,369
 695,983
 681,553
 670,765
 662,142
 647,498
 655,728
 693,807
 676,777
 653,087
 674,258
 675,002
 701,796
 653,153
 697,474
 664,174
 671,097
 655,141
 692,321
 684,381
 663,600
 684,430
 679,582
 653,171
 677,992
 681,871
 686,535
 714,819
 691,506
 688,112
 668,627
 674,833
 627,330
 709,582
 693,184
 683,715
 659,901
 713,281
 656,746
 686,149
 651,477
 677,831
 640,345
 664,175
 691,224
 682,272
 657,296
 673,777
 633,371
 709,890
 714,716
 678,056
 671,388
 703,208
 691,449
 708,217
 723,898
 686,959
 707,114
 682,355
 689,537
 686,587
 694,949
 711,568
 674,447
 712,786
 689,330
 731,762
 664,907
 685,121
 663,128
 725,337
 683,996
 707,419
 706,420
 676,501
 685,131
 692,159
 705,588
 687,520
 715,959
 699,431
 676,624
 692,547
 688,204
 717,614
 705,106
 704,699
 680,579
 696,048
 697,950
 672,192
 688,532
 714,174
 719,749
 700,430
 716,513
 731,986
 711,548
 702,310
 695,683
 724,443
 721,980
 688,926
 726,687
 690,389
 690,867
 681,744
 717,893
 687,579
 728,885
 711,727
 758,708
 706,604
 716,654
 708,533
 671,172
 701,330
 706,231
 691,639
 700,433
 738,681
 714,296
 726,994
 746,041
 715,545
 744,293
 702,023
 752,916
 776,235
 742,168
 730,196
 749,373
 709,025
 733,657
 728,215
 737,998
 719,453
 745,274
 714,199
 687,163
 756,554
 757,883
 763,583
 763,951
 737,268
 751,465
 792,127
 729,960
 720,627
 712,062
 778,930
 783,078
 747,447
 755,186
 761,962
 739,240
 751,912
 762,346
 735,034
 745,048
 734,325
 745,953
 800,762
 764,062
 769,998
 760,031
 744,109
 770,231
 736,908
 766,384
 757,094
 741,644
 725,645
 792,279
 757,873
 774,160
 752,519
 761,746
 776,771
 755,626
 764,079
 738,069
 769,569
 783,491
 740,566
 737,499
 795,376
 798,421
 758,671
 779,916
 795,025
 762,492
 786,236
 797,357
 756,980
 771,025
 753,104
 796,267
 762,355
 759,897
 799,126
 803,783
 776,837
 790,356
 746,285
 775,065
 814,648
 760,933
 762,161
 759,029
 774,413
 767,658
 779,537
 789,350
 793,232
 767,924
 807,815
 795,190
 791,684
 823,238
 798,622
 794,355
 788,237
 809,963
 803,924
 819,626
 827,160
 796,591
 846,322
 784,317
 852,656
 810,279
 799,127
 771,831
 796,513
 819,865
 805,479
 835,913
 827,406
 838,558
 807,191
 795,129
 860,866
 851,336
 811,554
 836,685
 827,482
 824,004
 816,019
 832,277
 852,102
 853,914
 810,730
 864,106
 852,574
 836,257
 830,556
 840,993
 829,312
 865,384
 805,238
 845,992
 838,876
 864,143
 853,383
 814,565
 879,543
 860,788
 849,743
 853,060
 840,572
 850,453
 874,478
 848,896
 866,125
 834,714
 831,381
 833,432
 893,225
 846,433
 878,616
 851,630
 829,633
 868,383
 898,002
 866,112
 857,686
 840,354
 865,281
 842,954
 862,244
 867,331
 880,653
 851,057
 888,598
 885,426
 853,600
 884,261
 891,831
 842,394
 878,900
 862,023
 837,750
 866,717
 915,226
 925,094
 880,036
 906,570
 907,406
 931,047
 860,663
 900,566
 914,430
 901,968
 907,728
 883,135
 882,715
 911,246
 893,307
 874,920
 909,406
 918,837
 910,362
 928,979
 899,088
 878,615
 905,022
 919,848
 919,546
 886,791
 904,925
 915,522
 929,457
 931,187
 925,871
 944,331
 943,051
 962,298
 946,687
 914,637
 894,980
 932,618
 950,185
 902,341
 912,243
 954,694
 874,216
 976,833
 957,422
 931,174
 942,863
 919,871
 959,603
 939,696
 942,178
 937,882
 971,504
 961,357
 943,623
 963,581
 978,231
 939,905
 954,895
 958,428
 1001,461
 947,439
 967,302
 975,357
 908,924
 997,297
 914,919
 957,641
 951,943
 1017,555
 984,185
 979,834
 992,035
 962,328
 942,296
 1023,088
 1001,285
 991,267
 959,754
 969,126
 1002,933
 980,022
 995,943
 978,525
 1000,845
 1003,488
 1031,645
 1053,187
 1001,849
 1013,231
 1018,066
 945,356
 1025,908
 1005,183
 1007,707
 1023,091
 990,555
 1020,772
 1002,353
 987,031
 1040,683
 989,235
 1024,508
 972,580
 1012,120
 1020,260
 1007,619
 1031,408
 1006,238
 1044,761
 1017,216
 1042,291
 1011,559
 1045,251
 1057,670
 1001,220
 1058,147
 1032,262
 1057,963
 1037,116
 1030,479
 1048,388
 1039,655
 1015,022
 1026,431
 1054,613
 1042,526
 1064,621
 1035,364
 1044,277
 1049,338
 1054,827
 998,051
 1019,333
 1029,712
 1078,869
 1041,470
 1059,582
 1063,883
 1046,018
 1048,921
 1084,008
 1033,780
 1071,822
 1086,623
 1086,314
 1080,609
 1087,858
 1059,690
 1089,933
 1053,206
 1090,870
 1044,297
 1103,582
 1097,126
 1083,458
 1044,325
 1071,726
 1042,665
 1093,267
 1076,608
 1096,858
 1132,758
 1040,612
 1127,558
 1068,810
 1086,127
 1065,871
 1048,792
 1092,933
 1103,547
 1076,669
 1118,686
 1088,171
 1112,518
 1104,274
 1117,643
 1095,712
 1117,652
 1096,476
 1111,264
 1099,950
 1121,270
 1075,432
 1127,806
 1156,540
 1107,386
 1133,886
 1152,627
 1156,032
 1125,398
 1106,390
 1113,691
 1128,592
 1154,973
 1139,669
 1131,764
 1158,670
 1120,130
 1113,354
 1127,956
 1145,342
 1151,154
 1159,026
 1107,339
 1111,947
 1122,085
 1134,607
 1138,370
 1151,871
 1110,352
 1119,184
 1189,839
 1150,798
 1159,795
 1197,705
 1159,476
 1133,351
 1171,907
 1138,970
 1147,691
 1179,104
 1188,744
 1145,647
 1134,907
 1176,233
 1162,307
 1172,512
 1142,066
 1212,461
 1156,341
 1160,849
 1131,046
 1164,460
 1186,668
 1167,164
 1207,975
 1176,156
 1130,041
 1191,457
 1191,212
 1186,679
 1164,541
 1212,541
 1217,658
 1211,669
 1184,171
 1168,774
 1175,961
 1207,305
 1213,892
 1228,470
 1230,267
 1225,727
 1209,387
 1184,950
 1224,126
 1195,995
 1196,304
 1223,375
 1220,816
 1257,897
 1210,418
 1215,881
 1239,855
 1222,456
 1181,372
 1213,480
 1204,403
 1239,229
 1241,856
 1247,024
 1210,862
 1229,783
 1259,194
 1242,623
 1258,904
 1287,156
 1254,408
 1236,222
 1267,215
 1231,526
 1294,638
 1213,812
 1255,363
 1242,345
 1286,598
 1263,342
 1237,229
 1261,733
 1304,534
 1254,845
 1200,508
 1285,534
 1272,680
 1240,969
 1220,676
 1353,800
 1272,569
 1262,437
 1224,706
 1298,956
 1258,702
 1305,274
 1323,784
 1268,871
 1280,658
 1282,911
 1282,096
 1282,927
 1346,331
 1276,988
 1303,675
 1296,498
 1274,185
 1284,187
 1294,884
 1283,077
 1326,490
 1313,785
 1357,113
 1298,405
 1334,144
 1347,961
 1376,458
 1347,031
 1302,099
 1319,714
 1349,678
 1366,600
 1351,964
 1315,622
 1383,058
 1376,530
 1377,070
 1367,620
 1298,315
 1326,772
 1353,850
 1368,591
 1402,833
 1383,175
 1331,172
 1316,200
 1401,583
 1385,989
 1351,578
 1371,814
 1356,807
 1395,135
 1368,080
 1380,765
 1402,963
 1355,109
 1364,177
 1389,144
 1417,096
 1335,942
 1404,602
 1422,518
 1413,331
 1391,141
 1373,961
 1369,899
 1448,957
 1397,876
 1445,158
 1384,511
 1429,760
 1423,836
 1358,623
 1396,881
 1400,950
 1395,205
 1406,413
 1378,400
 1471,779
 1422,543
 1384,247
 1444,363
 1443,170
 1395,921
 1428,130
 1445,313
 1406,418
 1429,002
 1449,947
 1447,603
 1397,714
 1447,344
 1434,797
 1498,934
 1474,800
 1463,517
 1473,363
 1439,516
 1469,180
 1481,035
 1473,309
 1470,960
 1481,315
 1448,804
 1508,474
 1502,792
 1516,556
 1460,153
 1526,152
 1498,924
 1506,287
 1505,913
 1498,506
 1485,170
 1495,070
 1469,237
 1468,646
 1486,970
 1513,108
 1516,912
 1546,349
 1528,850
 1558,828
 1521,504
 1539,330
 1434,019
 1493,280
 1532,010
 1473,153
 1546,810
 1552,875
 1547,568
 1538,076
 1559,486
 1558,308
 1581,900
 1553,325
 1558,458
 1592,084
 1603,703
 1517,215
 1568,086
 1578,188
 1555,990
 1581,892
 1599,116
 1570,087
 1611,282
 1595,280
 1585,511
 1551,971
 1555,260
 1642,287
 1630,362
 1631,456
 1589,895
 1586,563
 1584,395
 1555,286
 1589,506
 1618,674
 1548,707
 1659,217
 1585,902
 1624,702
 1587,907
 1609,161
 1600,564
 1598,769
 1619,147
 1630,332
 1597,811
 1600,713
 1649,213
 1600,283
 1625,656
 1639,401
 1649,366
 1656,738
 1605,015
 1611,647
 1667,408
 1654,696
 1597,185
 1649,180
 1661,888
 1620,450
 1682,259
 1665,686
 1711,776
 1653,005
 1648,953
 1707,542
 1634,519
 1625,705
 1679,154
 1688,753
 1680,585
 1667,543
 1717,644
 1681,902
 1683,990
 1686,344
 1691,249
 1699,066
 1662,536
 1709,245
 1710,940
 1707,397
 1710,315
 1731,803
 1684,808
 1726,570
 1683,769
 1724,349
 1719,034
 1744,190
 1728,710
 1696,407
 1676,452
 1738,379
 1694,963
 1716,711
 1763,182
 1700,952
 1693,650
 1707,919
 1754,556
 1705,598
 1735,265
 1739,422
 1744,144
 1761,276
 1684,986
 1714,062
 1694,871
 1754,242
 1751,682
 1767,624
 1753,879
 1778,326
 1745,306
 1754,584
 1790,793
 1806,758
 1805,737
 1796,019
 1782,327
 1774,072
 1740,513
 1776,680
 1748,933
 1757,920
 1723,053
 1776,882
 1795,422
 1796,339
 1754,518
 1765,595
 1796,996
 1760,471
 1791,249
 1795,504
 1759,025
 1802,464
 1823,854
 1777,470
 1789,340
 1834,633
 1792,710
 1784,806
 1835,120
 1812,043
 1826,334
 1805,662
 1795,987
 1805,280
 1807,365
 1757,206
 1764,033
 1844,550
 1839,529
 1827,735
 1828,182
 1862,959
 1800,019
 1820,940
 1815,830
 1841,689
 1820,640
 1877,596
 1820,417
 1812,491
 1856,111
 1835,645
 1806,906
 1842,860
 1901,220
 1871,244
 1859,924
 1840,743
 1869,719
 1806,523
 1874,925
 1833,881
 1879,950
 1872,358
 1895,022
 1833,666
 1863,867
 1838,459
 1865,035
 1882,302
 1862,061
 1877,209
 1868,451
 1896,018
 1828,909
 1863,202
 1881,279
 1844,386
 1909,165
 1863,105
 1835,646
 1823,479
 1894,683
 1848,214
 1882,593
 1879,553
 1861,203
 1887,806
 1914,029
 1811,801
 1910,186
 1891,120
 1893,650
 1933,664
 1884,950
 1914,613
 1889,608
 1908,142
 1908,680
 1918,702
 1952,936
 1959,036
 1937,131
 1945,520
 1894,504
 1939,876
 1961,480
 1907,255
 1979,740
 1982,631
 1870,872
 1931,658
 1982,035
 1976,031
 1931,179
 1941,959
 1895,712
 1965,811
 1940,632
 1922,016
 1966,724
 1984,527
 1957,038
 1952,056
 1973,433
 1925,641
 1960,573
 1964,117
 1908,086
 1921,068
 1984,436
 1980,669
 1961,575
 1981,537
 1953,030
 2054,426
 1965,964
 2007,957
 1953,903
 2000,853
 2007,714
 2041,300
 1981,902
 2018,098
 2028,825
 2018,551
 1970,958
 2016,328
 2035,478
 1956,077
 2031,599
 2010,295
 2054,255
 2010,154
 2009,630
 2010,357
 1966,943
 2086,791
 2065,104
 2012,577
 2019,700
 2024,192
 2046,025
 2062,565
 2035,771
 2011,623
 2000,390
 2096,090
 1990,678
 2024,290
 2030,243
 2041,446
 2082,399
 2046,933
 2084,049
 2076,478
 2084,012
 2043,924
 2106,709
 2124,243
 2034,511
 2075,941
 2077,787
 2122,625
 2077,290
 2076,205
 2087,290
 2117,257
 2144,729
 2096,515
 2097,731
 2066,882
 2053,379
 2064,448
 2119,316
 2122,438
 2094,402
 2093,233
 2096,990
 2087,217
 2160,348
 2117,757
 2059,605
 2152,805
 2115,491
 2126,195
 2129,039
 2161,376
 2108,668
 2147,873
 2134,266
 2093,455
 2116,530
 2155,493
 2191,725
 2122,408
 2211,315
 2193,410
 2154,988
 2181,726
 2171,833
 2194,625
 2127,500
 2184,211
 2168,714
 2155,592
 2202,922
 2200,074
 2122,445
 2144,156
 2225,655
 2169,688
 2160,903
 2211,983
 2152,503
 2166,862
 2185,511
 2178,085
 2165,704
 2234,516
 2212,230
 2241,165
 2197,043
 2183,673
 2209,194
 2236,735
 2235,957
 2254,457
 2239,646
 2206,973
 2167,185
 2258,471
 2258,717
 2244,337
 2276,441
 2249,892
 2253,507
 2239,012
 2225,454
 2240,820
 2241,585
 2234,974
 2270,776
 2259,987
 2288,317
 2247,291
 2293,538
 2268,848
 2272,710
 2284,030
 2240,353
 2280,597
 2316,218
 2233,759
 2304,654
 2258,711
 2313,199
 2279,548
 2264,085
 2299,300
 2343,221
 2306,554
 2342,057
 2317,317
 2309,439
 2350,439
 2349,920
 2317,545
 2230,356
 2316,065
 2360,149
 2359,577
 2290,782
 2408,749
 2319,761
 2344,360
 2356,002
 2336,337
 2344,743
 2371,898
 2372,591
 2366,322
 2358,968
 2326,037
 2377,032
 2371,182
 2349,990
 2390,202
 2393,809
 2396,679
 2368,196
 2419,684
 2397,167
 2336,022
 2375,885
 2414,321
 2390,000
 2424,099
 2381,869
 2457,606
 2472,007
 2396,798
 2408,782
 2417,304
 2435,758
 2413,934
 2426,380
 2388,733
 2475,288
 2440,024
 2426,450
 2444,121
 2437,698
 2487,617
 2454,611
 2409,426
 2449,735
 2461,757
 2397,158
 2423,808
 2406,652
 2422,151
 2525,931
 2427,458
 2452,987
 2491,960
 2476,489
 2481,062
 2481,359
 2417,564
 2477,544
 2467,469
 2459,136
 2484,981
 2495,353
 2456,593
 2432,251
 2482,299
 2487,310
 2486,442
 2466,104
 2474,943
 2521,026
 2446,191
 2455,035
 2478,128
 2468,656
 2497,631
 2499,924
 2468,873
 2535,309
 2480,421
 2461,613
 2454,463
 2535,711
 2544,654
 2510,696
 2466,592
 2553,516
 2484,706
 2531,054
 2462,434
 2522,065
 2547,771
 2594,916
 2541,521
 2546,571
 2548,824
 2538,956
 2554,286
 2506,723
 2519,838
 2508,804
 2533,874
 2558,816
 2564,737
 2544,410
 2545,292
 2524,064
 2548,949
 2562,867
 2587,691
 2571,623
 2496,370
 2519,097
 2556,396
 2499,936
 2559,794
 2584,656
 2559,328
 2610,394
 2562,100
 2625,843
 2628,738
 2560,538
 2614,766
 2591,563
 2553,139
 2621,756
 2550,289
 2568,600
 2613,751
 2631,359
 2604,272
 2620,858
 2587,632
 2604,219
 2562,505
 2578,080
 2589,914
 2615,270
 2621,039
 2579,206
 2626,219
 2661,190
 2599,761
 2615,028
 2649,430
 2629,607
 2643,016
 2655,519
 2602,031
 2679,328
 2582,364
 2623,514
 2651,778
 2639,179
 2607,029
 2560,143
 2581,785
 2619,275
 2635,506
 2679,320
 2621,726
 2689,882
 2626,698
 2682,088
 2610,892
 2701,419
 2648,545
 2679,803
 2678,807
 2632,270
 2644,279
 2572,456
 2659,769
 2663,316
 2661,233
 2653,916
 2679,370
 2699,297
 2660,330
 2734,317
 2698,363
 2706,477
 2658,328
 2719,694
 2635,134
 2684,822
 2696,254
 2725,966
 2688,503
 2712,803
 2754,529
 2713,037
 2725,692
 2687,528
 2702,813
 2756,047
 2734,805
 2770,309
 2712,088
 2714,918
 2685,255
 2682,184
 2753,276
 2736,007
 2672,146
 2656,658
 2762,248
 2699,955
 2754,217
 2702,042
 2690,865
 2696,389
 2749,840
 2735,959
 2753,481
 2699,676
 2716,031
 2759,435
 2706,115
 2753,249
 2784,763
 2769,875
 2745,985
 2742,856
 2729,535
 2769,448
 2755,421
 2774,578
 2797,029
 2726,444
 2859,810
 2771,004
 2728,889
 2760,228
 2796,833
 2777,971
 2777,724
 2834,401
 2776,407
 2726,976
 2765,428
 2773,310
 2742,182
 2762,483
 2728,563
 2823,666
 2752,121
 2741,035
 2780,397
 2834,346
 2797,402
 2836,488
 2824,783
 2847,136
 2813,156
 2807,784
 2789,597
 2805,274
 2809,871
 2797,854
 2800,544
 2840,609
 2793,544
 2788,265
 2789,163
 2808,371
 2842,449
 2843,925
 2810,857
 2862,524
 2833,805
 2814,458
 2891,847
 2866,286
 2867,517
 2851,044
 2810,606
 2856,533
 2852,854
 2827,531
 2819,707
 2856,765
 2866,792
 2797,576
 2875,064
 2853,736
 2869,863
 2878,224
 2835,754
 2856,813
 2854,933
 2859,354
 2862,462
 2886,926
 2860,656
 2842,218
 2879,415
 2835,090
 2922,519
 2884,983
 2894,182
 2901,280
 2919,494
 2908,202
 2880,674
 2841,883
 2939,568
 2908,131
 2928,672
 2958,340
 2904,684
 2909,229
 2899,218
 2885,151
 2908,731
 2947,574
 2962,490
 2931,319
 2925,787
 2903,943
 2903,254
 2927,106
 2960,523
 2900,576
 2894,533
 2889,183
 2942,582
 2954,007
 2895,279
 2950,734
 2898,824
 2993,069
 2946,316
 2928,020
 2979,418
 2997,563
 3009,757
 2917,993
 2964,688
 2959,284
 3032,595
 2927,502
 2958,399
 2968,287
 3006,969
 2968,118
 2970,874
 3035,571
 3024,535
 3009,869
 2975,345
 2987,799
 2992,297
 2964,235
 3049,881
 3001,444
 3004,084
 2995,584
 3056,359
 2997,674
 3021,936
 3057,201
 2981,746
 3008,839
 3026,238
 3028,498
 3008,899
 3011,413
 3006,707
 3021,012
 3061,335
 2999,745
 3085,412
 3029,090
 3022,338
 3063,816
 3077,470
 3021,793
 3009,279
 3093,015
 3058,788
 3063,897
 3018,521
 3085,309
 3058,575
 3058,693
 3106,186
 3019,988
 3058,045
 3094,895
 3096,820
 3090,322
 3087,877
 3062,094
 3131,625
 3129,725
 3126,888
 3117,841
 3083,663
 2943,571
 3071,626
 3104,677
 3125,123
 3125,469
 3087,027
 3110,536
 3112,134
 3068,936
 3119,013
 3042,832
 3108,298
 3065,375
 3129,507
 3081,646
 3093,738
 3135,395
 3164,569
 3183,488
 3091,503
 3109,098
 3187,559
 3165,384
 3145,315
 3183,706
 3157,519
 3202,741
 3192,130
 3135,141
 3150,464
 3131,376
 3148,856
 3150,224
 3185,343
 3158,865
 3148,014
 3141,926
 3174,086
 3158,820
 3176,810
 3211,915
 3208,949
 3184,972
 3178,366
 3181,824
 3220,805
 3205,705
 3212,151
 3204,277
 3179,952
 3257,060
 3181,584
 3264,128
 3300,688
 3272,324
 3227,953
 3252,119
 3229,649
 3186,890
 3215,856
 3282,091
 3245,044
 3311,630
 3291,144
 3224,355
 3226,416
 3288,386
 3290,052
 3272,182
 3240,415
 3259,065
 3251,127
 3270,705
 3208,318
 3290,581
 3271,501
 3250,003
 3276,011
 3238,992
 3280,330
 3337,287
 3310,487
 3197,382
 3326,571
 3231,597
 3257,680
 3258,276
 3170,472
 3256,614
 3327,124
 3313,046
 3241,166
 3260,598
 3350,325
 3314,242
 3311,355
 3318,391
 3310,268
 3310,572
 3334,693
 3264,438
 3336,872
 3331,116
 3379,940
 3390,663
 3391,110
 3346,009
 3332,532
 3278,196
 3371,565
 3364,125
 3338,664
 3425,059
 3330,775
 3389,302
 3320,592
 3311,322
 3349,440
 3336,184
 3346,501
 3412,292
 3314,035
 3356,579
 3372,853
 3358,476
 3403,281
 3393,243
 3401,062
 3384,963
 3397,797
 3444,529
 3391,630
 3377,812
 3414,353
 3345,397
 3359,228
 3401,596
 3374,378
 3433,778
 3391,406
 3447,593
 3409,703
 3412,225
 3353,588
 3477,200
 3433,452
 3379,048
 3376,138
 3449,266
 3425,985
 3504,401
 3433,854
 3366,494
 3452,756
 3454,091
 3392,300
 3439,892
 3444,378
 3432,299
 3423,020
 3478,528
 3447,992
 3442,090
 3478,096
 3420,608
 3395,684
 3453,469
 3453,590
 3403,159
 3437,170
 3503,688
 3455,382
 3443,247
 3438,688
 3525,100
 3482,504
 3407,063
 3509,477
 3509,637
 3461,844
 3517,516
 3429,785
 3501,228
 3477,317
 3488,807
 3474,777
 3566,404
 3427,995
 3508,544
 3520,167
 3445,484
 3509,171
 3480,542
 3488,301
 3489,912
 3506,800
 3499,173
 3539,036
 3497,788
 3504,713
 3511,392
 3558,631
 3490,974
 3541,513
 3499,343
 3550,966
 3574,082
 3537,357
 3518,910
 3560,068
 3585,774
 3542,569
 3574,497
 3512,630
 3541,056
 3535,942
 3555,413
 3555,929
 3547,058
 3595,091
 3557,425
 3585,451
 3532,393
 3566,913
 3567,201
 3528,438
 3600,350
 3544,162
 3576,750
 3581,164
 3589,553
 3587,939
 3614,913
 3612,714
 3622,551
 3548,153
 3602,336
 3596,616
 3566,941
 3586,639
 3595,014
 3511,761
 3601,254
 3599,286
 3598,591
 3613,193
 3585,550
 3626,994
 3593,979
 3608,248
 3609,922
 3600,946
 3597,498
 3620,197
 3660,564
 3607,426
 3666,580
 3595,148
 3582,251
 3620,495
 3565,192
 3594,755
 3576,363
 3640,653
 3640,316
 3711,458
 3637,674
 3652,663
 3657,650
 3624,517
 3565,670
 3575,564
 3709,837
 3573,751
 3623,446
 3653,810
 3668,015
 3593,142
 3582,984
 3654,953
 3621,747
 3689,951
 3560,393
 3569,843
 3672,281
 3590,710
 3601,746
 3711,246
 3605,655
 3675,279
 3649,764
 3660,468
 3681,097
 3681,840
 3677,061
 3687,979
 3699,500
 3689,789
 3696,849
 3683,183
 3703,908
 3623,973
 3671,262
 3644,920
 3658,290
 3691,343
 3653,807
 3730,693
 3701,529
 3719,725
 3732,163
 3636,326
 3686,696
 3700,646
 3766,433
 3728,624
 3711,093
 3699,381
 3695,932
 3670,190
 3739,573
 3698,780
 3690,460
 3707,473
 3727,173
 3735,059
 3756,079
 3665,791
 3742,019
 3732,717
 3700,955
 3692,899
 3767,265
 3794,426
 3794,085
 3802,985
 3745,680
 3766,316
 3812,175
 3808,536
 3798,949
 3700,502
 3717,439
 3824,405
 3769,581
 3782,992
 3822,661
 3686,970
 3824,362
 3799,454
 3797,585
 3779,359
 3692,883
 3759,935
 3761,682
 3802,002
 3811,423
 3841,255
 3849,322
 3743,700
 3777,237
 3820,980
 3831,965
 3794,556
 3803,260
 3801,189
 3755,356
 3853,397
 3804,745
 3796,979
 3865,564
 3801,663
 3768,852
 3869,911
 3870,284
 3787,161
 3818,734
 3806,108
 3818,106
 3849,872
 3790,920
 3802,817
 3810,980
 3833,460
 3855,068
 3795,638
 3856,267
 3849,366
 3832,011
 3842,574
 3882,527
 3843,007
 3799,881
 3877,316
 3802,669
 3862,687
 3823,705
 3832,141
 3773,924
 3802,687
 3768,020
 3883,666
 3861,952
 3891,919
 3837,225
 3919,079
 3773,996
 3900,386
 3850,566
 3891,367
 3880,100
 3858,234
 3893,464
 3828,529
 3798,529
 3869,659
 3908,577
 3861,846
 3902,882
 3909,261
 3872,920
 3914,764
 3956,902
 3933,886
 3879,503
 3954,031
 3877,924
 3925,092
 3980,897
 3929,043
 3939,377
 3893,834
 3952,532
 3895,655
 3895,592
 3883,179
 3940,316
 3912,510
 3921,304
 3932,041
 3936,036
 3903,481
 3933,814
 3912,621
 3964,773
 3986,849
 3915,646
 3947,974
 4016,225
 3947,794
 3963,696
 3948,380
 4004,861
 4007,943
 3946,752
 3930,314
 4031,708
 3927,354
 3984,409
 3921,467
 3945,399
 3962,764
 3984,093
 3958,394
 4000,011
 4056,185
 4020,750
 4041,581
 3925,456
 4031,462
 4012,009
 4012,717
 4053,127
 4071,710
 4024,515
 4065,913
 3986,303
 4033,425
 3998,123
 4021,398
 4051,109
 4090,477
 4019,436
 4054,740
 4082,179
 4057,389
 4059,706
 4047,346
 4045,721
 4050,016
 4081,878
 4078,514
 4062,259
 4030,848
 4037,745
 4153,708
 4095,750
 4093,507
 4057,227
 4084,649
 4119,729
 4086,943
 4052,310
 4053,619
 4006,048
 4072,928
 4115,348
 4087,683
 4099,528
 4089,531
 4092,974
 4137,532
 4018,073
 4106,891
 4105,045
 4122,992
 4131,104
 4102,733
 4109,772
 4197,040
 4144,267
 4156,491
 4118,911
 4156,653
 4102,852
 4129,810
 4134,386
 4184,865
 4162,900
 4253,846
 4159,719
 4139,623
 4155,088
 4132,058
 4270,700
 4233,967
 4149,895
 4212,899
 4147,728
 4174,442
 4264,966
 4179,058
 4245,574
 4220,976
 4205,018
 4175,213
 4180,525
 4208,311
 4228,779
 4117,490
 4192,123
 4218,079
 4185,657
 4246,110
 4192,928
 4195,488
 4217,987
 4239,827
 4342,122
 4185,076
 4226,982
 4237,982
 4236,160
 4268,482
 4246,660
 4261,847
 4247,810
 4234,383
 4167,276
 4243,968
 4311,406
 4247,085
 4276,697
 4234,737
 4241,278
 4242,806
 4276,575
 4286,128
 4175,671
 4283,100
 4284,408
 4248,128
 4289,643
 4301,062
 4294,635
 4230,976
 4318,793
 4337,519
 4303,068
 4306,745
 4293,965
 4315,902
 4302,177
 4347,851
 4247,600
 4318,888
 4337,149
 4289,599
 4331,061
 4340,884
 4324,610
 4382,406
 4310,934
 4322,341
 4326,491
 4320,118
 4354,570
 4357,651
 4337,924
 4267,863
 4406,850
 4282,451
 4348,157
 4325,222
 4361,791
 4352,921
 4316,356
 4310,083
 4396,915
 4329,788
 4341,816
 4317,248
 4385,272
 4365,237
 4424,976
 4412,757
 4336,475
 4393,233
 4397,662
 4399,678
 4435,976
 4433,263
 4364,192
 4341,790
 4408,449
 4468,825
 4486,050
 4406,060
 4461,367
 4379,730
 4371,007
 4419,255
 4381,638
 4431,970
 4446,028
 4347,714
 4434,518
 4372,388
 4454,117
 4408,445
 4413,505
 4403,164
 4408,474
 4435,618
 4420,068
 4415,615
 4361,778
 4408,036
 4528,708
 4455,198
 4384,782
 4397,721
 4470,563
 4434,709
 4483,516
 4479,971
 4440,837
 4431,720
 4498,017
 4495,716
 4435,797
 4522,442
 4466,788
 4517,449
 4422,703
 4507,522
 4437,548
 4488,520
 4490,367
 4434,321
 4487,075
 4523,651
 4461,721
 4457,772
 4406,980
 4455,492
 4519,989
 4513,502
 4482,848
 4515,971
 4431,450
 4469,008
 4522,974
 4491,264
 4447,944
 4491,670
 4478,631
 4447,802
 4518,846
 4490,785
 4482,759
 4456,181
 4486,199
 4572,976
 4527,033
 4592,490
 4447,212
 4547,850
 4515,211
 4518,434
 4541,834
 4534,917
 4580,575
 4486,931
 4530,548
 4476,960
 4582,836
 4489,623
 4575,900
 4568,777
 4542,484
 4540,364
 4558,484
 4472,311
 4537,404
 4550,407
 4514,303
 4519,945
 4607,329
 4569,058
 4577,339
 4591,024
 4559,320
 4458,364
 4546,087
 4603,505
 4561,401
 4576,684
 4624,153
 4649,561
 4427,919
 4635,413
 4605,252
 4649,745
 4681,352
 4586,885
 4558,204
 4591,225
 4513,587
 4549,639
 4557,885
 4635,298
 4681,261
 4576,018
 4543,835
 4613,047
 4528,977
 4562,417
 4639,370
 4536,467
 4565,228
 4621,101
 4541,365
 4566,027
 4564,859
 4608,965
 4590,404
 4678,276
 4635,245
 4553,315
 4599,365
 4566,234
 4593,319
 4591,283
 4629,748
 4604,834
 4592,478
 4642,579
 4601,392
 4587,525
 4643,340
 4608,069
 4684,266
 4548,911
 4579,290
 4692,359
 4625,714
 4636,345
 4645,439
 4661,020
 4720,438
 4622,673
 4740,920
 4644,106
 4661,650
 4747,021
 4713,078
 4676,903
 4718,071
 4681,270
 4651,864
 4665,714
 4633,033
 4703,738
 4684,141
 4595,762
 4639,682
 4666,856
 4684,411
 4633,390
 4704,478
 4732,969
 4706,835
 4734,223
 4745,373
 4703,778
 4680,407
 4820,637
 4691,447
 4716,593
 4733,663
 4657,485
 4686,822
 4741,389
 4778,162
 4771,515
 4710,287
 4646,645
 4711,939
 4722,690
 4733,769
 4725,792
 4706,240
 4770,044
 4739,226
 4741,897
 4718,434
 4754,902
 4684,028
 4724,247
 4773,213
 4742,725
 4737,364
 4803,633
 4697,162
 4729,175
 4698,095
 4689,072
 4656,507
 4669,712
 4733,145
 4743,242
 4779,371
 4774,250
 4750,914
 4746,120
 4773,315
 4706,021
 4725,452
 4675,343
 4665,863
 4727,713
 4676,593
 4780,882
 4808,982
 4667,592
 4664,441
 4740,088
 4782,496
 4741,941
 4769,224
 4748,127
 4794,340
 4686,781
 4771,812
 4735,203
 4772,519
 4780,199
 4717,998
 4742,019
 4741,432
 4752,140
 4731,773
 4794,289
 4746,751
 4768,341
 4722,374
 4791,160
 4784,185
 4790,718
 4693,804
 4738,644
 4776,737
 4740,288
 4757,468
 4710,827
 4752,688
 4768,041
 4706,164
 4688,319
 4777,891
 4799,612
 4686,075
 4684,183
 4765,289
 4765,792
 4743,683
 4702,026
 4708,681
 4773,146
 4721,905
 4696,361
 4752,304
 4807,137
 4787,508
 4730,704
 4846,990
 4766,337
 4693,764
 4800,043
 4754,899
 4777,915
 4740,960
 4755,526
 4729,550
 4727,581
 4758,470
 4782,039
 4738,013
 4757,584
 4743,834
 4792,292
 4765,528
 4747,355
 4725,511
 4658,192
 4730,629
 4706,970
 4730,390
 4776,819
 4738,862
 4796,182
 4768,368
 4781,595
 4725,168
 4753,176
 4810,818
 4752,613
 4821,318
 4778,431
 4807,586
 4734,148
 4774,623
 4771,888
 4780,687
 4746,099
 4784,833
 4766,620
 4757,759
 4870,487
 4752,165
 4816,416
 4714,445
 4732,175
 4753,154
 4783,080
 4755,471
 4752,064
 4817,013
 4807,255
 4809,507
 4782,832
 4816,954
 4802,532
 4821,236
 4801,263
 4830,244
 4741,134
 4784,690
 4822,098
 4812,969
 4835,933
 4830,488
 4823,047
 4912,893
 4840,452
 4722,100
 4883,284
 4796,176
 4793,038
 4823,547
 4882,451
 4832,337
 4876,903
 4805,908
 4821,216
 4875,560
 4869,718
 4872,339
 4889,269
 4945,507
 4810,120
 4843,333
 4828,563
 4883,949
 4873,987
 4880,031
 4889,354
 4859,261
 4829,331
 4927,560
 4839,545
 4831,791
 4942,101
 4880,851
 4896,211
 4856,357
 4852,659
 4856,776
 4822,043
 4862,539
 4886,228
 4841,081
 4926,484
 4869,635
 4903,472
 4900,966
 4915,157
 4861,082
 4890,089
 4821,023
 4904,640
 4929,079
 4855,573
 4902,393
 4944,338
 4983,859
 4896,629
 4867,727
 4966,172
 4955,712
 4853,012
 4887,045
 4975,726
 4931,541
 4900,621
 5007,020
 5047,241
 4944,160
 4834,464
 4960,133
 4903,627
 4927,379
 4840,186
 4952,993
 5043,616
 4857,630
 4977,998
 4969,847
 4925,520
 4879,723
 4914,820
 4916,683
 4975,023
 5016,328
 5036,179
 5060,361
 4982,091
 4928,102
 4935,241
 5022,094
 4930,163
 4966,168
 4974,561
 4931,372
 4971,218
 5020,277
 4983,394
 5003,865
 5004,767
 4944,890
 4971,525
 5021,161
 4956,573
 4953,021
 4977,292
 4920,963
 5075,650
 4976,580
 4973,090
 4968,105
 4950,789
 5081,895
 4999,062
 4991,033
 4987,930
 5152,833
 5032,037
 5078,142
 5092,065
 5117,838
 4992,033
 5011,334
 5027,722
 5082,996
 5024,652
 5006,577
 4986,762
 5004,406
 5067,149
 5071,100
 5019,650
 5140,267
 5047,338
 5039,955
 4966,156
 4985,722
 5046,819
 5009,273
 5036,510
 5046,654
 5055,563
 5067,402
 5088,441
 5075,611
 5095,597
 5072,266
 5159,475
 5093,033
 5045,948
 5065,837
 5080,702
 5043,807
 5040,505
 5044,739
 5056,288
 5001,346
 5075,529
 5159,835
 5083,230
 5125,886
 5041,739
 5010,411
 5036,756
 5133,687
 5082,808
 5145,487
 5118,958
 5119,117
 5067,575
 5088,245
 5085,908
 5107,327
 5021,606
 5007,962
 5040,957
 5091,380
 5121,073
 5119,593
 5058,885
 5099,782
 5086,742
 5092,900
 5078,719
 5086,878
 5003,501
 5100,048
 5105,043
 5067,900
 5153,397
 5075,050
 5071,577
 5118,397
 5127,447
 5163,815
 5137,383
 5088,664
 5108,703
 5125,192
 5159,747
 5080,293
 5118,965
 5078,961
 5089,964
 5109,124
 5041,685
 5031,745
 5167,014
 5115,631
 5128,249
 5081,212
 5064,219
 5146,486
 5058,458
 5108,320
 5059,838
 5167,249
 5096,410
 5113,706
 5169,196
 5179,630
 5171,570
 5066,243
 5043,760
 5090,201
 5043,967
 5120,774
 5075,554
 5155,416
 5079,475
 5123,133
 5151,557
 5175,255
 5047,878
 5106,338
 5101,580
 5070,914
 5060,654
 5097,028
 5131,436
 5096,595
 5127,227
 5127,216
 5185,044
 5122,346
 5193,515
 5072,237
 5059,527
 5104,481
 5144,013
 5104,986
 5105,308
 5163,033
 5179,134
 5124,992
 5162,654
 5187,851
 5061,196
 5096,713
 5132,594
 5128,213
 5114,485
 5098,958
 5153,256
 5140,298
 5084,617
 5170,180
 5145,140
 5115,138
 5146,736
 5125,446
 5101,490
 5121,513
 5157,929
 5167,128
 5109,474
 5182,840
 5222,009
 5109,649
 5152,222
 5067,044
 5112,930
 5185,650
 5116,563
 5120,340
 5092,342
 5090,139
 5143,270
 5108,561
 5122,559
 5115,398
 5095,447
 5082,258
 5160,923
 5151,499
 5137,600
 5174,171
 5083,141
 5089,319
 5096,834
 5138,730
 5240,425
 5104,052
 5146,346
 5146,204
 5047,709
 5139,412
 5157,809
 5098,401
 5113,588
 5031,213
 5053,900
 5180,833
 5145,750
 5018,707
 4990,750
 5107,139
 5079,459
 5101,420
 5061,944
 5086,439
 5097,742
 5144,484
 5087,001
 5027,038
 5112,744
 5070,084
 5063,471
 5060,857
 5066,207
 5117,901
 5078,458
 5072,537
 5070,090
 5093,099
 5074,122
 5151,213
 5098,340
 5040,464
 5055,060
 5063,785
 5074,734
 5039,335
 4918,130
 5146,954
 5012,466
 5071,628
 5102,012
 5037,030
 5051,411
 5077,337
 4956,727
 4970,896
 5015,837
 5053,949
 5086,175
 4988,665
 5024,682
 5062,094
 5041,087
 4957,966
 5088,093
 5074,220
 4961,411
 5042,193
 4973,294
 5047,760
 5054,192
 5073,059
 4992,312
 5035,196
 4985,623
 5051,653
 4945,658
 5101,123
 5090,425
 4987,590
 4988,499
 5037,144
 5020,210
 5023,541
 5000,856
 4981,195
 4942,390
 5056,899
 5006,214
 4952,301
 4950,228
 4974,626
 5021,058
 4906,542
 5067,343
 5026,235
 5045,800
 4940,236
 4949,848
 4956,992
 4996,684
 4977,820
 4976,744
 4932,163
 4951,067
 5000,495
 4918,963
 4922,798
 5005,571
 4920,330
 5030,603
 4818,288
 4959,568
 4951,865
 4957,743
 4935,662
 4913,904
 4987,327
 5022,672
 4896,254
 4904,556
 4957,838
 4927,255
 4860,789
 4950,656
 4893,609
 4937,479
 4932,278
 4886,773
 4912,178
 4977,099
 4992,697
 4934,197
 4880,187
 4875,028
 4975,397
 4907,308
 4872,062
 4853,218
 4887,381
 4935,156
 4871,869
 4862,809
 4951,024
 4873,924
 4880,043
 4934,733
 4894,078
 4851,103
 4846,358
 4887,991
 4921,852
 4892,199
 4820,344
 4897,977
 4832,104
 4889,293
 4952,194
 4839,794
 4847,632
 4917,574
 4825,440
 4880,452
 4843,631
 4814,988
 4880,383
 4859,467
 4777,328
 4827,989
 4804,166
 4818,724
 4817,666
 4769,415
 4794,976
 4917,422
 4822,402
 4785,990
 4845,094
 4833,883
 4811,334
 4860,423
 4826,265
 4901,314
 4871,311
 4812,271
 4764,487
 4817,054
 4828,894
 4774,511
 4850,813
 4786,054
 4803,873
 4792,368
 4878,412
 4798,756
 4819,831
 4805,506
 4757,804
 4774,301
 4746,030
 4785,248
 4782,937
 4754,753
 4761,323
 4734,645
 4786,331
 4766,567
 4752,433
 4721,758
 4808,774
 4780,058
 4772,741
 4715,216
 4755,876
 4798,025
 4693,248
 4663,944
 4782,967
 4771,820
 4744,616
 4714,111
 4717,839
 4671,250
 4699,512
 4755,980
 4703,163
 4774,111
 4633,317
 4713,336
 4763,490
 4706,086
 4746,232
 4663,034
 4696,182
 4715,867
 4722,676
 4675,549
 4639,297
 4688,286
 4688,900
 4654,849
 4706,482
 4690,874
 4686,141
 4701,458
 4618,581
 4634,029
 4685,194
 4672,094
 4655,361
 4725,775
 4660,958
 4674,279
 4624,501
 4633,212
 4613,924
 4595,611
 4624,570
 4581,359
 4654,852
 4603,007
 4623,924
 4703,754
 4660,228
 4600,976
 4585,420
 4586,623
 4624,564
 4611,861
 4629,742
 4604,405
 4575,823
 4530,341
 4508,953
 4594,622
 4584,644
 4630,983
 4528,102
 4566,059
 4594,954
 4540,245
 4539,042
 4541,494
 4520,086
 4528,571
 4548,544
 4593,791
 4621,400
 4631,564
 4542,433
 4552,689
 4491,398
 4581,814
 4537,764
 4432,215
 4512,603
 4526,140
 4514,990
 4592,933
 4578,311
 4445,728
 4549,267
 4514,004
 4505,959
 4504,981
 4477,050
 4518,922
 4483,113
 4495,085
 4589,913
 4490,174
 4400,830
 4548,289
 4441,207
 4470,216
 4479,634
 4476,428
 4528,808
 4422,163
 4460,953
 4446,757
 4426,498
 4398,149
 4458,517
 4462,340
 4419,973
 4361,527
 4494,004
 4434,428
 4431,848
 4502,949
 4506,235
 4447,518
 4422,018
 4491,176
 4421,722
 4388,576
 4497,938
 4465,656
 4466,103
 4429,283
 4483,560
 4416,841
 4402,022
 4434,754
 4349,235
 4445,649
 4428,192
 4405,162
 4424,909
 4359,469
 4349,529
 4445,607
 4361,669
 4390,616
 4341,581
 4337,332
 4376,327
 4328,141
 4339,032
 4342,158
 4330,663
 4346,121
 4359,550
 4300,310
 4456,422
 4434,046
 4394,178
 4367,191
 4377,826
 4354,600
 4350,011
 4386,308
 4349,778
 4282,089
 4310,157
 4340,810
 4320,163
 4338,903
 4290,666
 4347,960
 4315,326
 4346,381
 4325,433
 4287,321
 4278,907
 4264,759
 4252,084
 4308,331
 4291,019
 4252,010
 4305,271
 4275,243
 4343,782
 4293,526
 4267,154
 4362,427
 4290,460
 4247,114
 4260,962
 4264,976
 4290,710
 4259,564
 4228,189
 4298,711
 4166,399
 4239,137
 4300,719
 4216,131
 4203,324
 4222,323
 4245,520
 4178,499
 4240,384
 4211,455
 4207,529
 4250,079
 4210,551
 4206,316
 4247,438
 4147,375
 4180,923
 4210,927
 4119,765
 4194,763
 4180,797
 4090,744
 4169,682
 4202,129
 4199,657
 4156,302
 4176,020
 4199,639
 4113,367
 4173,581
 4152,749
 4186,346
 4193,169
 4243,652
 4122,261
 4155,489
 4096,211
 4072,043
 4161,101
 4069,621
 4098,158
 4129,653
 4097,576
 4121,810
 4138,312
 4205,845
 4130,503
 4167,374
 4139,351
 4093,139
 4170,275
 4066,102
 4043,347
 4073,427
 4031,767
 4067,088
 4129,173
 4124,519
 4141,564
 4061,811
 4089,542
 3984,566
 3988,203
 4035,315
 4058,512
 4036,788
 4064,653
 4032,667
 4079,352
 4055,985
 4068,098
 4005,952
 3997,027
 4012,188
 4015,477
 4050,683
 4006,130
 4041,556
 4018,686
 3993,747
 4016,567
 3996,654
 4004,386
 3991,893
 4045,584
 3980,192
 4016,927
 3962,040
 3917,601
 3977,577
 3942,064
 3948,984
 4010,256
 3953,148
 3946,679
 3911,959
 3995,653
 3951,425
 3924,653
 3982,873
 3919,764
 3869,885
 3951,379
 3878,841
 3916,558
 3900,937
 3975,717
 3901,514
 3892,590
 3983,184
 3948,946
 3938,907
 3931,803
 3924,183
 3864,327
 3920,679
 3929,443
 3907,997
 3834,281
 3884,388
 3807,803
 3889,189
 3865,938
 3842,138
 3947,916
 3843,983
 3842,611
 3845,032
 3845,616
 3849,502
 3888,608
 3890,915
 3813,252
 3875,446
 3874,907
 3879,302
 3841,488
 3837,873
 3781,258
 3794,900
 3751,940
 3801,308
 3768,166
 3810,206
 3785,656
 3776,986
 3784,439
 3789,047
 3710,781
 3858,580
 3768,111
 3767,142
 3851,068
 3741,386
 3729,419
 3750,931
 3723,326
 3684,354
 3785,401
 3811,618
 3714,181
 3719,419
 3763,118
 3686,658
 3749,706
 3720,536
 3734,884
 3699,193
 3721,245
 3754,743
 3666,121
 3719,233
 3654,110
 3773,554
 3664,944
 3676,806
 3720,987
 3641,811
 3647,422
 3725,391
 3713,408
 3638,899
 3639,312
 3661,591
 3759,758
 3647,618
 3657,368
 3631,923
 3724,976
 3587,824
 3667,637
 3663,242
 3595,410
 3649,972
 3647,571
 3667,209
 3675,625
 3660,498
 3637,351
 3674,451
 3685,168
 3657,184
 3653,124
 3681,082
 3659,270




























































































































































































































































































































































































































































































































































































































































































































































































































































































































































































































































































































































































































































































































































































































































































































































































































































































































































































































































































































































































































































































































































































































































































































































































































































































































































































































































































































































































































































































































































































































































































































































































































































































































































































































































































































































































































































































































































































































































































































































































































































































































































































































































































































































































































































































































































































































































































































































































































































































































































































































































































































































































































































































































































































































































































































































































































































































































































































































































































































































































































































































































































































































































































































































































































































































































































































































































































































































































































































































































































































































































































































































































































































































































































































































































































































































































































































































































































































































































































































































































































































































































































































































































































































































































































































































































































































































































































































































































































































































































































































































































































































































































































































































































































































































































































































































































































































































































































































































































































































































































































































































































































































































































































































































































































































































































































































































































































































































































































































































































































































































































































































































































































































































































































































































































































































































































































































































































































































































































































































































































































































































































































































































































































































































































































































































































































































































































































































































































































































































































































































































































































































































































































































































































































































































































































































































































































































































































































































































































































































































































































































































































































































































































































































































































































































































































































































































































































































































































































































































































































































































































































































































































































































































































































































































































































































































































































































































































































































































































































































































































































































































































































































































































































































































































































































































































































































































































































































































































































































































































































































































































































































































































































































































































































































































































































































































































































































































































































































































































































































































































































































































































































































































































































































































































































































































































































































































































































































































































































































































































































































































































































































































































































































































































































































































































































































































































































































































































































































































































































































































































































































































































































































































































































































































































































































































































































































































































































































































































































































































































































































































































































































































































































































































































































































































































































































































































































































































































































































































































































































































































































































































































































































































































































































































































































































































































































































































































































































































































































































































































































































































































































































































































































































































































































































































































































































































































































































































































































































































































































































































































































































































































































































































































































































































































































































































































































































































































































































































































































































































































































































































































































































































































































































































































































































































































































































































































































































































































































































































































































































































































































































































































































































































































































































































































































































































































































































































































































































































































































































































































































































































































































































































































































































































































































































































































































































































































































































































































































































































































































































































































































































































































































































































































































































































































































































































































































































































































































































































































































































































































































































































































































































































































































































































































































































































































































































































































































































































































































































































































































































































































































































































































































































































































































































































































