 649,494
 632,720
 626,676
 628,463
 630,141
 650,047
 658,406
 612,132
 647,072
 584,259
 625,391
 617,791
 628,132
 665,298
 617,149
 573,635
 645,216
 635,009
 643,958
 631,162
 607,405
 614,801
 629,746
 626,125
 594,679
 592,005
 642,431
 632,298
 630,314
 642,872
 653,090
 638,881
 606,772
 653,241
 599,646
 632,903
 629,631
 591,868
 610,831
 656,305
 640,559
 637,939
 613,257
 652,402
 633,940
 636,574
 633,017
 609,859
 636,326
 600,410
 627,321
 574,516
 596,747
 632,804
 638,935
 613,122
 612,020
 633,988
 623,922
 631,198
 625,536
 606,649
 606,791
 601,008
 597,127
 624,043
 609,116
 595,013
 628,631
 607,800
 598,934
 614,198
 644,727
 664,230
 614,744
 637,803
 609,053
 653,238
 614,201
 616,761
 640,390
 614,988
 600,972
 640,539
 597,443
 646,309
 630,372
 654,052
 615,842
 643,925
 661,580
 656,378
 593,638
 621,717
 634,058
 609,197
 647,621
 613,054
 616,192
 623,790
 629,488
 635,017
 606,172
 629,706
 656,235
 593,308
 606,256
 623,571
 626,721
 626,090
 628,562
 614,636
 634,371
 626,371
 621,890
 586,752
 629,472
 610,477
 605,193
 571,376
 630,634
 618,449
 633,127
 627,457
 612,891
 637,367
 625,144
 626,100
 608,040
 632,017
 623,448
 631,957
 627,804
 578,628
 634,012
 567,236
 609,652
 598,162
 605,892
 610,779
 634,684
 631,571
 614,384
 614,921
 633,045
 598,628
 606,791
 591,788
 609,826
 588,076
 599,209
 611,628
 578,479
 596,734
 590,854
 597,122
 606,492
 592,781
 616,130
 599,839
 610,327
 639,548
 592,641
 610,240
 604,002
 615,879
 589,779
 601,350
 580,362
 640,286
 593,491
 592,740
 589,061
 562,772
 618,784
 582,975
 623,473
 601,369
 593,819
 604,077
 598,659
 604,919
 579,768
 603,602
 584,009
 594,189
 625,563
 583,567
 603,796
 621,157
 603,306
 586,531
 579,061
 584,994
 560,702
 556,391
 617,818
 566,843
 580,165
 583,848
 601,586
 581,837
 565,461
 552,766
 568,256
 601,642
 592,374
 575,776
 550,800
 590,492
 563,193
 600,663
 607,947
 591,221
 600,937
 582,512
 597,514
 580,968
 576,988
 586,471
 573,585
 541,453
 543,447
 575,995
 574,799
 590,327
 584,608
 527,647
 537,778
 644,380
 543,938
 592,552
 552,809
 601,365
 566,850
 585,904
 595,828
 571,097
 535,764
 583,752
 557,586
 574,743
 560,857
 538,321
 550,468
 548,368
 514,534
 549,951
 554,373
 586,188
 559,611
 557,057
 561,417
 575,254
 541,076
 569,448
 569,016
 569,904
 548,031
 560,501
 544,158
 533,828
 530,205
 549,953
 558,686
 583,522
 565,032
 541,295
 544,231
 539,750
 548,046
 539,030
 551,938
 537,783
 586,403
 535,665
 553,634
 555,069
 528,904
 569,712
 539,934
 550,464
 526,762
 555,726
 535,710
 549,500
 546,156
 529,587
 528,024
 515,791
 519,990
 555,871
 528,903
 530,311
 534,470
 503,406
 551,521
 536,796
 544,667
 533,768
 517,810
 529,060
 545,987
 496,868
 525,503
 562,333
 544,405
 526,733
 510,347
 561,113
 517,514
 530,573
 522,008
 545,458
 525,030
 552,477
 508,061
 523,575
 529,798
 553,119
 548,808
 531,053
 513,761
 528,433
 550,438
 511,584
 523,217
 520,415
 524,920
 493,980
 513,548
 504,801
 522,263
 496,862
 525,102
 494,358
 511,021
 527,677
 521,573
 528,605
 504,791
 541,934
 501,401
 541,803
 516,885
 511,521
 485,576
 489,891
 507,577
 517,667
 526,447
 538,852
 505,757
 511,855
 483,691
 492,689
 499,987
 542,895
 485,670
 511,167
 510,367
 507,038
 496,114
 480,184
 551,197
 493,121
 498,448
 522,644
 535,585
 530,385
 499,335
 493,736
 494,973
 494,793
 486,127
 486,263
 477,508
 482,209
 509,330
 524,099
 495,636
 469,739
 511,669
 504,529
 518,830
 497,421
 509,043
 488,532
 494,404
 501,665
 503,044
 482,597
 500,600
 485,928
 477,138
 502,030
 497,945
 539,831
 507,750
 513,844
 462,630
 508,191
 512,790
 466,950
 488,475
 508,883
 539,767
 513,365
 516,651
 512,090
 490,317
 511,277
 492,582
 503,396
 519,134
 497,249
 538,338
 504,687
 507,212
 514,618
 493,106
 502,451
 500,021
 485,204
 496,194
 488,805
 508,610
 502,219
 493,439
 519,095
 512,901
 509,775
 517,461
 484,767
 460,514
 522,768
 499,371
 493,662
 447,232
 478,306
 479,265
 499,736
 497,453
 505,061
 495,278
 513,695
 497,558
 507,244
 498,018
 481,674
 469,256
 499,099
 478,956
 458,379
 516,167
 468,049
 488,697
 486,098
 492,483
 522,097
 459,642
 496,977
 478,396
 458,378
 498,572
 469,384
 481,693
 461,935
 507,848
 479,447
 503,523
 491,798
 499,055
 484,651
 478,951
 488,719
 511,483
 491,028
 501,661
 473,388
 499,188
 483,707
 469,962
 528,751
 497,768
 508,681
 494,257
 508,330
 492,499
 503,068
 500,418
 494,927
 485,656
 491,502
 464,689
 526,137
 485,269
 482,410
 492,679
 520,344
 493,988
 472,097
 496,845
 494,664
 482,058
 502,355
 468,165
 498,274
 491,846
 482,639
 516,989
 487,747
 481,433
 482,745
 490,884
 505,766
 508,797
 498,991
 467,661
 500,464
 519,808
 513,816
 491,722
 512,925
 491,256
 480,851
 478,650
 487,003
 509,986
 484,794
 455,985
 430,511
 492,943
 521,430
 528,653
 485,818
 510,197
 489,934
 491,045
 522,360
 475,177
 499,655
 513,273
 513,042
 511,762
 456,766
 493,171
 507,044
 482,767
 500,327
 481,271
 493,487
 521,526
 512,818
 519,069
 486,299
 464,094
 493,778
 483,601
 494,793
 499,190
 511,545
 505,083
 516,238
 514,780
 504,553
 469,296
 514,484
 482,423
 505,408
 491,164
 513,227
 491,876
 494,526
 474,352
 494,511
 507,639
 487,740
 497,250
 516,216
 536,528
 520,821
 488,674
 510,648
 489,679
 489,438
 511,463
 480,249
 498,705
 486,695
 502,203
 511,701
 493,461
 502,127
 513,300
 514,353
 480,394
 521,500
 490,671
 494,789
 475,930
 513,070
 501,333
 496,429
 499,795
 492,901
 493,877
 501,150
 505,380
 510,584
 489,917
 504,991
 483,109
 532,564
 472,639
 509,734
 520,042
 473,759
 495,585
 491,883
 526,319
 504,026
 493,907
 491,365
 495,009
 489,978
 516,277
 500,165
 471,536
 535,289
 509,770
 477,113
 506,839
 471,180
 452,017
 479,175
 480,171
 506,077
 479,199
 515,754
 496,436
 487,468
 473,217
 477,848
 501,792
 481,953
 484,806
 470,104
 483,912
 468,641
 479,327
 509,856
 523,572
 491,894
 522,763
 494,810
 496,303
 506,083
 495,813
 493,557
 495,623
 508,078
 505,062
 480,500
 498,941
 495,080
 488,851
 516,287
 489,982
 496,067
 490,559
 458,533
 477,887
 524,888
 485,255
 513,047
 510,711
 493,494
 469,832
 498,434
 494,892
 482,590
 498,927
 489,370
 502,567
 511,905
 494,260
 495,335
 502,445
 510,719
 471,991
 493,474
 493,567
 482,371
 487,661
 487,525
 486,377
 494,974
 493,201
 505,178
 487,801
 496,083
 468,659
 493,633
 468,094
 487,242
 484,214
 509,637
 520,397
 460,029
 502,295
 503,862
 480,123
 502,324
 525,156
 544,358
 502,247
 520,302
 520,408
 526,847
 503,739
 477,842
 491,634
 503,776
 479,741
 502,441
 500,568
 504,016
 511,333
 524,474
 503,177
 488,649
 492,822
 488,329
 476,474
 494,703
 506,864
 516,591
 490,902
 496,246
 490,319
 489,419
 489,505
 523,808
 523,935
 519,586
 531,437
 506,451
 533,294
 525,683
 495,100
 496,511
 531,553
 484,875
 483,463
 535,720
 503,426
 493,253
 499,543
 452,851
 488,726
 503,451
 507,239
 491,861
 518,216
 487,230
 507,407
 468,312
 517,439
 478,823
 503,550
 509,772
 522,580
 518,256
 517,505
 540,993
 509,057
 514,297
 474,991
 515,878
 493,409
 520,521
 506,220
 492,614
 506,475
 531,320
 510,969
 498,318
 485,759
 515,763
 490,258
 544,697
 509,262
 461,327
 520,721
 523,379
 503,436
 517,472
 520,452
 506,514
 499,440
 516,637
 504,730
 511,063
 488,458
 501,608
 502,423
 553,322
 518,646
 471,012
 484,985
 483,260
 501,799
 506,437
 508,105
 526,958
 499,750
 497,817
 527,704
 497,474
 514,337
 520,127
 521,884
 530,722
 520,019
 516,589
 521,398
 522,861
 499,306
 506,701
 518,750
 502,508
 552,462
 497,344
 523,259
 503,245
 500,598
 509,386
 504,499
 522,768
 511,561
 500,105
 499,126
 513,861
 539,992
 567,505
 499,006
 525,939
 522,654
 532,745
 483,026
 482,634
 524,332
 532,716
 508,254
 550,115
 500,622
 509,920
 555,489
 516,063
 514,883
 547,667
 514,913
 509,897
 527,214
 493,273
 550,179
 497,729
 535,396
 533,900
 525,760
 547,716
 495,681
 516,352
 536,091
 520,244
 519,323
 526,116
 501,038
 489,365
 522,788
 502,263
 493,007
 544,268
 550,802
 521,257
 528,607
 539,197
 514,707
 509,050
 499,585
 526,077
 512,379
 458,437
 500,145
 500,203
 543,229
 525,817
 531,663
 534,854
 571,007
 556,905
 557,669
 536,135
 537,923
 541,821
 513,229
 563,745
 499,495
 535,501
 557,367
 520,692
 553,968
 535,508
 508,809
 507,764
 516,787
 538,279
 550,656
 547,654
 529,304
 556,282
 538,004
 483,226
 524,546
 543,064
 525,799
 557,939
 541,422
 554,281
 546,977
 518,806
 561,272
 541,455
 525,515
 570,014
 513,736
 527,015
 503,425
 541,877
 549,500
 539,762
 536,073
 576,214
 516,299
 535,219
 544,831
 535,942
 502,188
 564,014
 544,226
 532,006
 552,036
 560,585
 559,434
 538,347
 538,391
 575,408
 542,252
 547,365
 545,108
 509,651
 565,654
 532,405
 559,022
 553,590
 552,675
 548,748
 550,650
 551,367
 566,173
 547,073
 537,846
 542,768
 535,309
 529,217
 565,780
 540,095
 545,900
 524,494
 557,682
 576,011
 540,324
 540,789
 547,594
 541,528
 552,452
 554,813
 586,537
 522,943
 493,522
 532,367
 523,845
 545,064
 559,986
 567,966
 553,300
 525,650
 570,328
 558,717
 509,488
 561,760
 543,089
 569,954
 558,393
 576,286
 549,820
 561,010
 581,108
 599,530
 563,830
 576,777
 549,431
 563,021
 600,460
 581,467
 561,366
 599,025
 540,947
 557,366
 574,541
 568,904
 530,634
 590,863
 562,734
 593,111
 588,390
 600,565
 567,363
 560,011
 594,235
 594,545
 579,655
 580,984
 569,098
 559,555
 575,464
 615,192
 580,331
 531,260
 592,037
 592,591
 587,303
 528,406
 569,366
 589,262
 563,761
 561,252
 571,802
 603,576
 572,858
 586,678
 544,159
 552,815
 567,537
 581,895
 594,621
 567,580
 594,816
 626,233
 574,010
 582,111
 596,234
 596,842
 597,537
 596,652
 560,364
 581,819
 598,065
 579,140
 625,209
 575,837
 613,520
 556,533
 600,934
 586,448
 634,870
 588,512
 598,309
 636,667
 604,971
 618,066
 612,943
 572,415
 569,466
 596,471
 603,906
 617,648
 551,413
 561,638
 557,749
 599,754
 596,449
 603,512
 610,831
 613,404
 616,143
 620,138
 583,355
 599,514
 586,206
 598,914
 593,891
 627,104
 610,018
 643,024
 602,329
 591,598
 632,658
 617,459
 613,577
 625,242
 628,567
 656,463
 624,546
 610,461
 614,953
 638,870
 604,935
 613,565
 627,078
 657,119
 649,677
 641,616
 626,498
 640,072
 649,846
 616,211
 626,786
 663,977
 664,067
 629,321
 629,398
 657,792
 642,480
 671,419
 620,577
 684,349
 669,620
 679,780
 680,892
 686,928
 696,650
 699,742
 644,595
 671,023
 676,497
 624,051
 664,772
 657,125
 651,248
 680,891
 707,456
 682,982
 631,839
 719,262
 705,370
 680,309
 712,687
 684,556
 699,844
 658,201
 697,272
 665,231
 707,560
 733,473
 719,978
 722,064
 717,172
 695,177
 730,390
 738,192
 699,383
 765,347
 702,778
 751,237
 745,221
 717,939
 717,612
 722,807
 731,265
 707,541
 737,284
 747,736
 736,155
 739,758
 757,759
 744,164
 718,329
 770,409
 784,816
 778,864
 751,551
 787,330
 753,359
 776,500
 777,484
 806,002
 756,155
 770,361
 773,243
 788,681
 760,537
 804,345
 789,962
 813,097
 807,843
 737,449
 774,262
 810,040
 774,280
 830,617
 765,177
 802,641
 782,821
 782,389
 819,793
 817,765
 804,704
 789,561
 846,770
 830,027
 855,337
 831,076
 837,790
 834,084
 830,342
 841,242
 857,290
 810,177
 858,832
 880,317
 848,163
 887,744
 870,903
 845,936
 836,301
 856,919
 893,909
 876,991
 863,290
 882,148
 888,477
 837,573
 867,965
 900,406
 862,357
 886,113
 947,658
 910,785
 896,972
 963,065
 926,327
 850,102
 915,679
 898,681
 943,945
 947,317
 918,725
 942,836
 936,256
 985,500
 979,648
 935,622
 930,226
 959,149
 986,004
 934,196
 964,452
 961,664
 1014,396
 987,223
 971,862
 1015,488
 989,372
 992,534
 1056,472
 1020,551
 1022,748
 1008,379
 1038,813
 1038,000
 1040,355
 999,874
 1063,100
 1002,142
 1022,451
 1058,212
 1070,184
 1060,278
 1027,787
 1050,015
 1110,676
 1029,342
 1050,669
 1058,435
 1036,782
 1088,903
 1129,983
 1089,817
 1091,201
 1105,129
 1087,684
 1104,637
 1134,302
 1116,002
 1155,537
 1163,031
 1108,019
 1147,353
 1162,663
 1165,504
 1149,325
 1163,408
 1133,751
 1195,536
 1202,692
 1181,532
 1155,507
 1181,327
 1182,840
 1181,223
 1174,391
 1186,614
 1190,964
 1208,952
 1186,929
 1199,042
 1293,178
 1210,597
 1191,451
 1226,460
 1221,977
 1289,173
 1274,585
 1197,070
 1262,052
 1244,538
 1315,342
 1236,347
 1297,918
 1263,732
 1276,875
 1297,499
 1288,109
 1313,239
 1290,692
 1321,165
 1314,659
 1312,954
 1302,046
 1335,738
 1309,657
 1322,962
 1348,451
 1343,466
 1348,132
 1312,464
 1383,366
 1376,568
 1387,350
 1365,135
 1430,940
 1389,175
 1426,820
 1370,645
 1391,767
 1385,437
 1452,481
 1421,178
 1430,124
 1432,295
 1430,489
 1391,868
 1434,826
 1486,738
 1450,802
 1466,991
 1458,607
 1456,148
 1493,045
 1464,869
 1488,227
 1499,355
 1484,784
 1492,290
 1467,803
 1500,574
 1507,054
 1533,188
 1549,674
 1520,222
 1510,568
 1530,902
 1571,996
 1496,425
 1560,012
 1565,785
 1547,440
 1594,415
 1521,395
 1582,237
 1624,109
 1637,129
 1553,178
 1563,071
 1595,091
 1638,545
 1612,322
 1593,182
 1631,182
 1628,837
 1625,350
 1605,032
 1611,651
 1666,593
 1629,196
 1627,352
 1678,964
 1691,018
 1700,693
 1678,466
 1681,809
 1685,520
 1677,336
 1664,307
 1681,861
 1683,575
 1638,262
 1672,490
 1739,250
 1730,186
 1703,627
 1716,003
 1724,671
 1740,574
 1763,249
 1700,263
 1747,737
 1760,060
 1687,917
 1767,425
 1751,059
 1793,395
 1791,186
 1792,547
 1794,842
 1842,112
 1800,274
 1765,901
 1853,301
 1792,109
 1868,484
 1828,209
 1830,629
 1808,309
 1829,144
 1843,139
 1802,533
 1875,561
 1908,180
 1854,681
 1834,910
 1867,572
 1845,411
 1882,897
 1876,485
 1864,571
 1883,267
 1858,788
 1905,094
 1944,136
 1976,898
 1937,234
 1962,354
 1897,192
 1957,596
 1966,939
 1932,526
 1976,025
 2011,236
 1967,909
 1958,002
 1996,688
 1980,503
 1968,578
 1975,395
 1992,562
 2040,022
 2014,848
 2029,590
 1981,204
 2003,336
 2061,048
 2006,500
 1990,109
 2068,738
 2023,466
 2004,084
 2037,614
 2076,762
 2066,213
 2004,706
 2071,428
 2110,957
 2051,739
 2033,247
 2082,858
 2100,301
 2132,171
 2089,007
 2102,133
 2075,162
 2110,318
 2142,585
 2140,720
 2099,749
 2172,355
 2133,840
 2147,967
 2057,202
 2150,702
 2149,468
 2133,497
 2132,006
 2142,441
 2148,494
 2168,874
 2161,544
 2154,504
 2227,006
 2143,830
 2216,405
 2162,822
 2209,725
 2255,615
 2263,513
 2232,137
 2244,304
 2214,163
 2261,944
 2249,878
 2218,165
 2208,610
 2255,944
 2265,715
 2317,400
 2224,283
 2305,493
 2266,758
 2224,042
 2333,461
 2230,280
 2272,642
 2315,203
 2235,347
 2311,348
 2278,416
 2280,713
 2296,232
 2316,711
 2320,493
 2335,436
 2336,430
 2353,816
 2311,296
 2349,073
 2381,785
 2364,693
 2306,776
 2349,432
 2403,452
 2333,315
 2367,013
 2361,113
 2416,684
 2366,623
 2391,448
 2376,209
 2386,729
 2375,059
 2369,420
 2364,426
 2411,044
 2379,511
 2469,560
 2428,571
 2481,016
 2451,421
 2463,291
 2431,921
 2458,167
 2439,105
 2466,788
 2504,905
 2459,521
 2473,032
 2470,361
 2495,122
 2505,820
 2443,980
 2486,221
 2478,027
 2494,056
 2474,026
 2513,672
 2484,439
 2485,186
 2473,682
 2522,076
 2537,544
 2480,065
 2511,917
 2534,674
 2533,441
 2549,102
 2517,494
 2559,170
 2604,185
 2548,409
 2549,775
 2522,872
 2600,245
 2582,326
 2543,951
 2575,045
 2613,385
 2598,245
 2572,260
 2604,190
 2624,146
 2561,586
 2564,628
 2612,082
 2664,510
 2665,118
 2677,802
 2617,906
 2612,432
 2652,027
 2667,649
 2682,523
 2746,185
 2687,244
 2698,225
 2679,016
 2673,752
 2700,811
 2737,655
 2703,408
 2650,240
 2645,207
 2694,252
 2721,688
 2689,803
 2733,943
 2728,105
 2750,405
 2648,517
 2666,966
 2801,339
 2725,385
 2707,403
 2705,129
 2758,164
 2730,780
 2786,015
 2815,294
 2757,461
 2789,346
 2766,787
 2761,781
 2730,228
 2771,931
 2783,877
 2790,777
 2777,096
 2809,046
 2792,690
 2818,405
 2852,716
 2752,134
 2842,166
 2855,774
 2845,283
 2792,062
 2774,431
 2833,665
 2808,634
 2818,565
 2809,267
 2831,399
 2850,023
 2805,253
 2845,552
 2813,775
 2807,506
 2854,640
 2894,473
 2866,028
 2832,160
 2903,690
 2923,906
 2873,083
 2890,086
 2924,825
 2902,459
 2903,238
 2916,838
 2965,549
 2919,406
 2946,642
 3010,489
 2895,762
 2923,267
 2899,042
 2889,362
 2947,481
 2952,200
 2928,483
 2954,542
 2991,497
 2967,411
 2979,018
 2978,633
 2971,561
 2974,457
 3038,394
 3016,631
 3031,134
 3012,319
 2980,374
 2957,166
 3038,706
 3014,412
 3012,027
 3049,903
 3042,195
 3048,228
 3031,265
 3054,355
 3047,020
 3076,018
 3038,828
 3086,251
 3062,427
 3044,323
 3034,658
 3068,836
 3086,290
 3078,475
 3022,113
 3087,181
 3125,107
 3042,948
 3157,775
 3077,084
 3132,983
 3084,217
 3083,145
 3102,959
 3105,507
 3137,414
 3156,522
 3104,752
 3154,600
 3155,130
 3097,540
 3125,272
 3161,499
 3140,008
 3107,767
 3211,449
 3133,225
 3166,609
 3161,728
 3190,201
 3184,533
 3151,337
 3233,636
 3147,233
 3205,629
 3151,233
 3157,270
 3149,131
 3231,193
 3200,932
 3155,999
 3185,890
 3203,151
 3186,616
 3198,841
 3186,051
 3257,755
 3287,208
 3227,797
 3250,124
 3202,953
 3171,035
 3204,986
 3266,623
 3164,840
 3241,277
 3280,270
 3282,802
 3306,187
 3313,241
 3206,375
 3275,465
 3303,844
 3327,261
 3322,553
 3352,970
 3271,246
 3312,298
 3301,751
 3285,654
 3305,203
 3326,899
 3368,892
 3333,375
 3347,895
 3325,176
 3329,709
 3356,019
 3329,007
 3351,191
 3351,637
 3357,383
 3332,534
 3344,859
 3385,076
 3328,114
 3399,880
 3348,673
 3329,191
 3365,278
 3410,968
 3396,641
 3435,643
 3398,168
 3371,473
 3369,627
 3380,348
 3413,849
 3406,146
 3438,303
 3419,282
 3381,818
 3369,460
 3394,628
 3410,370
 3391,616
 3444,018
 3405,212
 3475,313
 3405,486
 3461,308
 3442,129
 3477,087
 3459,959
 3324,020
 3468,578
 3469,904
 3367,087
 3432,275
 3490,606
 3433,383
 3522,762
 3488,779
 3446,617
 3503,168
 3519,160
 3466,267
 3527,831
 3451,374
 3458,673
 3488,724
 3537,763
 3438,088
 3521,612
 3540,377
 3430,503
 3511,723
 3462,320
 3531,301
 3529,267
 3531,214
 3536,670
 3576,692
 3561,810
 3585,630
 3590,315
 3596,981
 3619,073
 3546,122
 3552,421
 3575,081
 3563,871
 3553,865
 3596,861
 3603,687
 3504,627
 3591,211
 3541,941
 3554,516
 3553,875
 3599,890
 3638,240
 3522,111
 3631,376
 3624,489
 3631,567
 3596,189
 3626,526
 3629,058
 3575,620
 3609,996
 3655,465
 3694,760
 3641,529
 3583,539
 3627,420
 3582,205
 3578,670
 3670,159
 3704,935
 3605,329
 3586,034
 3646,973
 3724,721
 3647,467
 3658,603
 3681,254
 3630,743
 3638,811
 3720,573
 3688,640
 3689,548
 3709,519
 3703,968
 3681,609
 3698,465
 3680,933
 3656,208
 3697,571
 3674,297
 3696,079
 3657,331
 3756,523
 3681,738
 3701,981
 3745,227
 3751,815
 3750,676
 3717,199
 3692,521
 3721,851
 3661,986
 3749,929
 3692,987
 3688,143
 3794,271
 3750,699
 3730,155
 3776,721
 3730,789
 3729,941
 3730,286
 3806,653
 3724,049
 3680,694
 3748,066
 3746,875
 3734,038
 3713,885
 3752,938
 3741,690
 3769,216
 3741,515
 3746,538
 3857,067
 3788,404
 3759,897
 3765,397
 3748,543
 3708,788
 3800,265
 3802,536
 3798,978
 3825,345
 3837,962
 3861,048
 3775,775
 3826,155
 3803,213
 3887,097
 3851,445
 3856,866
 3831,731
 3848,087
 3834,235
 3731,609
 3813,402
 3827,865
 3839,618
 3861,884
 3793,225
 3855,265
 3900,496
 3847,944
 3832,388
 3860,639
 3836,360
 3868,287
 3900,383
 3864,283
 3844,379
 3877,794
 3841,403
 3896,313
 3929,248
 3846,382
 3848,102
 3875,721
 3933,578
 3845,645
 3894,621
 3874,456
 3865,974
 3833,392
 3873,942
 3912,263
 3933,690
 3811,016
 3988,943
 3878,390
 3966,474
 3930,686
 3922,132
 3895,614
 3827,478
 3888,651
 4016,644
 3965,916
 3919,252
 3887,650
 3905,969
 3860,680
 3904,858
 3956,510
 3970,233
 3890,310
 3966,100
 3935,626
 4002,160
 3985,639
 3908,157
 3991,044
 3935,938
 3983,403
 3982,636
 3974,233
 3928,085
 3956,997
 3940,453
 4009,308
 3953,612
 3938,821
 4002,053
 4016,570
 3985,164
 3959,453
 4023,648
 3991,526
 4005,068
 4028,996
 3972,679
 3993,414
 3945,991
 3956,398
 4034,377
 4007,042
 4021,057
 3999,247
 4022,556
 4061,886
 4012,933
 4036,811
 3982,931
 4050,463
 4087,675
 4078,956
 4022,587
 4027,403
 4049,191
 3975,804
 4053,598
 4015,861
 4065,378
 4104,438
 4126,422
 4073,578
 4052,209
 4033,287
 4104,492
 4017,026
 4069,141
 4102,334
 4006,874
 4070,155
 4025,897
 4096,626
 4106,511
 4079,241
 4044,695
 4117,473
 4117,709
 4080,922
 4107,508
 4012,457
 4126,117
 4118,285
 4104,553
 4116,797
 4185,318
 4139,795
 4099,582
 4120,980
 4146,950
 4122,604
 4174,274
 4176,720
 4147,423
 4186,681
 4161,707
 4119,994
 4132,602
 4108,627
 4212,480
 4177,973
 4141,049
 4207,427
 4182,957
 4184,045
 4116,829
 4162,498
 4211,483
 4199,726
 4236,152
 4165,765
 4138,162
 4191,092
 4232,131
 4211,899
 4174,435
 4139,023
 4192,501
 4212,420
 4221,295
 4265,706
 4154,184
 4237,499
 4220,538
 4197,711
 4276,004
 4165,203
 4224,536
 4169,850
 4239,812
 4255,857
 4257,112
 4271,853
 4254,119
 4279,559
 4285,732
 4267,016
 4199,996
 4324,438
 4240,398
 4241,982
 4305,653
 4269,565
 4291,489
 4325,208
 4317,894
 4316,935
 4355,911
 4267,998
 4314,618
 4291,867
 4261,469
 4297,643
 4318,114
 4251,556
 4358,235
 4316,388
 4296,942
 4265,304
 4349,251
 4354,566
 4394,143
 4305,170
 4364,642
 4313,521
 4269,263
 4305,675
 4399,798
 4327,812
 4345,668
 4384,609
 4375,646
 4357,222
 4387,603
 4368,281
 4340,627
 4294,671
 4376,072
 4354,986
 4357,876
 4372,551
 4390,509
 4430,754
 4408,693
 4394,488
 4332,425
 4321,983
 4401,680
 4354,593
 4474,484
 4419,133
 4423,612
 4361,526
 4383,006
 4438,636
 4400,538
 4489,044
 4436,541
 4360,720
 4463,347
 4488,334
 4420,995
 4431,259
 4433,695
 4473,989
 4497,159
 4491,275
 4456,801
 4500,207
 4457,458
 4424,503
 4432,163
 4479,204
 4542,661
 4463,537
 4505,419
 4509,349
 4479,580
 4513,062
 4497,737
 4473,834
 4473,639
 4571,758
 4519,157
 4460,471
 4475,931
 4450,972
 4483,420
 4489,767
 4505,293
 4553,889
 4560,293
 4432,345
 4547,125
 4524,721
 4560,110
 4528,342
 4625,004
 4466,214
 4508,380
 4614,000
 4518,737
 4543,595
 4463,264
 4604,566
 4561,114
 4606,059
 4569,352
 4559,204
 4456,385
 4582,324
 4622,283
 4589,989
 4529,167
 4561,081
 4566,559
 4583,182
 4601,168
 4578,460
 4538,311
 4576,378
 4580,107
 4668,925
 4564,551
 4635,056
 4624,588
 4538,344
 4624,164
 4604,983
 4620,665
 4615,473
 4565,622
 4568,249
 4596,377
 4673,634
 4647,014
 4602,530
 4632,302
 4633,391
 4618,693
 4634,270
 4637,009
 4652,058
 4666,156
 4656,263
 4629,299
 4684,635
 4629,163
 4697,490
 4674,929
 4674,636
 4685,303
 4642,447
 4620,591
 4698,719
 4652,326
 4664,363
 4571,266
 4693,747
 4624,944
 4659,366
 4681,945
 4697,303
 4797,334
 4642,363
 4760,590
 4747,998
 4720,002
 4708,342
 4743,225
 4701,317
 4680,054
 4725,777
 4740,360
 4717,984
 4690,047
 4656,963
 4714,963
 4743,339
 4815,646
 4703,997
 4673,518
 4723,969
 4800,345
 4716,714
 4766,145
 4734,657
 4791,895
 4718,108
 4630,065
 4766,208
 4730,518
 4722,378
 4758,567
 4727,992
 4727,887
 4761,406
 4761,313
 4774,083
 4732,237
 4739,935
 4705,786
 4781,482
 4757,326
 4650,010
 4789,453
 4705,401
 4795,034
 4739,804
 4787,399
 4855,250
 4770,200
 4809,967
 4786,723
 4774,804
 4792,043
 4819,692
 4757,733
 4802,563
 4803,719
 4806,070
 4764,473
 4846,374
 4797,164
 4767,332
 4801,386
 4817,491
 4766,303
 4738,033
 4781,124
 4794,967
 4805,800
 4844,904
 4825,807
 4842,117
 4824,300
 4787,363
 4828,225
 4812,922
 4878,161
 4884,637
 4779,025
 4786,494
 4821,563
 4863,173
 4877,541
 4852,086
 4811,580
 4858,823
 4823,556
 4884,812
 4872,556
 4831,841
 4760,922
 4860,659
 4881,214
 4749,817
 4818,075
 4861,448
 4822,685
 4751,777
 4888,273
 4958,054
 4858,095
 4908,270
 4811,072
 4787,033
 4866,477
 4858,197
 4907,083
 4924,614
 4867,404
 4898,076
 4893,594
 4835,470
 4883,930
 4945,130
 4924,776
 4860,281
 4858,412
 4860,413
 4873,961
 4918,470
 4821,071
 4937,868
 4929,546
 4921,907
 4878,433
 4852,060
 4902,841
 4898,100
 4840,666
 4845,906
 4893,568
 4851,478
 4922,138
 4919,612
 4889,431
 4822,849
 4949,066
 4945,352
 5019,853
 5004,027
 4923,013
 4958,033
 4865,210
 4929,091
 4974,129
 4907,583
 4933,814
 4953,091
 4916,493
 4937,528
 5018,207
 4917,240
 4985,681
 5017,274
 5069,027
 4951,270
 4979,459
 5013,405
 4944,515
 5022,973
 5046,163
 5000,899
 4970,409
 4945,789
 4957,399
 5063,973
 5039,440
 5004,032
 5013,409
 5073,018
 4960,049
 5012,432
 5017,805
 5031,024
 4993,488
 4957,413
 5019,970
 4977,239
 4952,124
 5023,240
 5036,028
 5070,889
 5051,135
 4963,419
 4951,661
 5019,412
 5051,189
 5061,176
 5012,785
 4997,875
 4954,911
 5020,212
 5063,023
 5023,996
 5049,814
 5020,446
 5140,127
 5077,956
 5032,175
 5057,125
 5055,401
 5012,008
 5023,268
 5065,370
 5095,669
 5007,398
 5080,677
 5063,009
 4998,013
 5045,884
 5078,993
 5123,377
 5032,021
 4990,949
 5108,795
 5063,781
 5052,448
 5086,932
 5044,743
 5026,392
 5072,244
 5068,122
 5027,767
 5090,971
 5061,761
 5060,477
 4910,150
 5108,100
 5027,475
 5043,377
 4978,416
 5029,586
 5013,185
 5064,427
 5053,266
 5059,331
 5024,643
 5027,059
 5057,975
 5109,698
 5058,891
 5046,579
 5069,260
 5051,692
 4995,960
 5088,655
 5019,548
 5062,171
 5143,602
 5081,752
 5101,282
 5099,074
 4984,440
 5024,936
 5042,473
 5032,205
 5031,018
 5160,185
 5084,148
 5039,696
 5175,157
 5109,353
 5124,602
 5048,426
 4967,447
 5017,246
 4996,787
 5063,784
 5045,613
 5034,382
 4980,534
 5028,626
 5001,586
 5018,749
 5033,670
 5080,699
 4989,278
 5020,047
 5055,078
 5020,854
 5094,402
 5024,189
 4976,344
 5035,360
 5063,298
 4999,610
 5027,374
 5021,270
 4980,435
 5107,407
 5018,510
 5106,165
 5042,397
 5046,294
 5019,631
 5046,055
 5019,849
 4949,123
 5035,388
 5046,350
 5063,946
 5028,545
 5045,084
 5003,876
 5020,218
 5034,310
 5039,209
 4929,101
 5057,186
 5103,942
 5043,862
 5039,008
 4971,925
 5088,210
 5001,730
 5020,176
 5049,073
 4999,836
 4976,160
 5082,265
 5041,013
 5012,021
 5043,312
 5056,937
 5097,767
 5100,729
 5062,026
 5077,931
 5059,448
 5109,681
 5038,462
 5077,373
 5065,592
 5121,606
 5080,829
 5068,953
 5099,533
 5097,231
 5155,694
 5092,905
 5074,541
 5151,280
 5115,430
 5098,386
 5135,051
 5033,471
 5119,080
 5064,938
 5039,738
 5149,913
 5149,697
 5114,474
 5079,537
 5098,928
 5108,651
 5060,482
 5069,220
 5082,040
 5121,689
 5133,329
 5183,277
 5171,215
 5149,238
 5114,322
 5073,401
 5146,254
 5059,800
 5141,098
 5121,896
 5085,470
 5114,952
 5077,459
 5176,650
 5122,051
 5148,936
 5107,451
 5128,970
 5096,284
 5128,712
 5155,654
 5120,088
 5157,447
 5233,610
 5151,914
 5152,452
 5133,876
 5093,524
 5144,334
 5155,315
 5134,972
 5169,053
 5221,062
 5223,959
 5190,571
 5198,914
 5127,414
 5184,352
 5190,550
 5228,752
 5178,134
 5172,880
 5132,245
 5178,603
 5237,216
 5152,099
 5215,042
 5207,200
 5288,086
 5271,448
 5258,062
 5113,799
 5207,218
 5246,777
 5167,834
 5224,850
 5206,049
 5183,568
 5181,189
 5244,411
 5203,403
 5275,396
 5277,107
 5292,589
 5232,939
 5271,269
 5204,446
 5273,025
 5207,233
 5268,220
 5242,511
 5199,022
 5275,163
 5264,491
 5299,078
 5258,918
 5262,732
 5266,911
 5267,382
 5256,606
 5243,437
 5246,843
 5244,656
 5216,226
 5302,164
 5235,394
 5270,127
 5297,767
 5255,098
 5240,512
 5249,284
 5284,143
 5308,883
 5297,588
 5370,467
 5255,406
 5337,009
 5421,930
 5313,081
 5290,768
 5265,832
 5296,693
 5285,065
 5310,007
 5286,470
 5293,143
 5269,281
 5340,762
 5320,410
 5284,252
 5384,662
 5271,252
 5302,099
 5321,416
 5273,534
 5261,176
 5323,573
 5279,266
 5362,865
 5325,899
 5271,929
 5255,285
 5314,818
 5323,608
 5421,518
 5306,658
 5298,106
 5356,971
 5341,088
 5326,189
 5305,951
 5329,137
 5353,851
 5351,746
 5344,045
 5312,824
 5297,733
 5307,144
 5306,657
 5339,928
 5393,796
 5313,373
 5421,226
 5336,487
 5358,479
 5377,825
 5382,353
 5352,656
 5332,366
 5372,082
 5324,142
 5490,188
 5296,047
 5347,610
 5293,449
 5314,131
 5312,378
 5305,191
 5303,762
 5389,846
 5352,860
 5342,501
 5335,096
 5302,509
 5305,941
 5332,780
 5428,348
 5363,931
 5435,772
 5319,249
 5397,471
 5288,010
 5386,911
 5311,327
 5337,973
 5282,646
 5358,118
 5365,366
 5393,774
 5371,278
 5333,186
 5332,174
 5316,109
 5418,790
 5383,728
 5322,116
 5378,868
 5404,866
 5324,241
 5309,979
 5444,129
 5315,141
 5429,173
 5217,124
 5393,075
 5364,834
 5280,277
 5441,990
 5408,187
 5441,360
 5381,362
 5361,883
 5353,437
 5408,238
 5425,516
 5441,190
 5406,091
 5407,428
 5413,403
 5288,090
 5369,406
 5348,252
 5400,158
 5352,801
 5421,805
 5452,232
 5408,597
 5350,435
 5382,496
 5428,966
 5391,544
 5387,659
 5291,101
 5383,570
 5371,791
 5382,838
 5351,880
 5310,583
 5280,568
 5319,119
 5343,803
 5420,798
 5402,974
 5363,085
 5342,953
 5496,191
 5412,651
 5374,804
 5362,778
 5340,311
 5379,943
 5304,535
 5392,885
 5414,754
 5340,574
 5404,553
 5326,492
 5346,621
 5358,645
 5373,465
 5372,734
 5390,308
 5405,516
 5345,130
 5295,070
 5335,331
 5406,473
 5327,804
 5284,678
 5396,919
 5396,185
 5324,640
 5347,258
 5280,212
 5319,788
 5387,938
 5328,652
 5331,729
 5322,109
 5357,864
 5344,129
 5362,173
 5353,295
 5339,396
 5249,810
 5340,370
 5397,338
 5357,066
 5292,467
 5326,441
 5353,634
 5339,131
 5300,760
 5317,499
 5257,650
 5293,796
 5278,351
 5372,455
 5352,066
 5321,779
 5378,533
 5399,702
 5380,794
 5371,951
 5393,313
 5324,946
 5322,331
 5319,173
 5355,136
 5291,619
 5356,111
 5310,916
 5376,563
 5319,456
 5251,946
 5313,873
 5276,306
 5365,761
 5291,026
 5270,151
 5312,563
 5366,914
 5329,848
 5323,704
 5340,721
 5258,357
 5283,766
 5296,997
 5292,888
 5315,851
 5363,465
 5363,502
 5340,832
 5312,840
 5255,401
 5251,379
 5241,557
 5289,798
 5295,244
 5233,617
 5254,066
 5330,956
 5325,924
 5330,842
 5304,603
 5259,247
 5284,371
 5307,873
 5234,036
 5378,362
 5257,174
 5297,829
 5257,642
 5280,221
 5236,996
 5190,725
 5249,187
 5233,976
 5219,789
 5117,241
 5355,849
 5254,769
 5234,379
 5247,984
 5278,679
 5259,654
 5277,716
 5270,066
 5245,271
 5176,711
 5251,258
 5210,268
 5262,791
 5253,885
 5272,609
 5248,690
 5278,003
 5252,346
 5137,284
 5251,936
 5246,873
 5274,630
 5219,310
 5195,062
 5182,818
 5212,679
 5158,590
 5172,806
 5233,629
 5190,273
 5150,955
 5200,222
 5157,909
 5139,647
 5213,603
 5257,795
 5154,433
 5233,727
 5231,485
 5169,643
 5169,134
 5114,335
 5147,344
 5213,819
 5225,299
 5149,769
 5128,505
 5133,147
 5140,409
 5191,774
 5151,930
 5176,685
 5198,245
 5163,663
 5092,675
 5192,002
 5170,737
 5181,868
 5158,442
 5122,154
 5180,743
 5211,504
 5162,878
 5225,954
 5149,525
 5170,540
 5107,252
 5201,958
 5102,303
 5162,829
 5155,294
 5075,363
 5144,207
 5152,022
 5088,022
 5187,545
 5089,515
 5109,560
 5131,367
 5124,896
 5105,170
 5132,322
 5090,093
 5105,215
 5048,063
 5136,300
 5088,676
 5091,806
 5020,032
 5065,663
 5053,234
 5107,138
 5093,539
 5107,337
 5190,009
 4999,494
 5074,076
 5099,280
 5050,020
 5052,590
 5085,911
 5041,308
 5052,079
 5062,713
 4996,473
 5102,907
 5055,641
 5100,106
 5030,236
 5000,141
 5014,070
 5026,223
 5002,838
 4894,114
 5060,801
 5100,080
 5060,829
 4969,316
 4970,435
 5065,542
 4956,365
 5029,421
 4963,150
 5067,301
 5015,274
 5047,938
 4954,969
 5025,362
 5028,655
 5036,656
 5024,718
 5080,866
 4974,982
 4902,528
 4947,219
 4975,573
 5016,590
 4934,489
 4941,015
 5021,120
 4998,264
 5016,746
 4954,453
 4936,752
 4961,704
 4946,491
 5007,290
 5022,414
 4967,663
 4983,172
 4931,173
 4971,812
 4961,817
 4909,125
 4946,171
 4917,166
 4863,378
 4948,662
 5004,747
 5009,687
 4904,539
 4858,504
 4863,485
 4941,419
 4912,815
 4916,174
 4912,102
 4926,257
 4963,304
 4875,401
 4854,783
 4935,495
 4855,314
 4867,064
 4865,076
 4857,120
 4872,585
 4900,925
 4861,250
 4875,422
 4771,757
 4867,039
 4885,349
 4890,197
 4895,970
 4812,722
 4800,325
 4844,383
 4900,800
 4807,141
 4879,785
 4876,892
 4878,516
 4775,701
 4838,911
 4817,123
 4883,296
 4805,592
 4747,067
 4766,381
 4752,854
 4849,982
 4778,777
 4788,336
 4753,879
 4834,065
 4775,245
 4741,652
 4774,584
 4744,839
 4741,329
 4782,753
 4785,786
 4797,862
 4759,794
 4829,579
 4753,542
 4729,270
 4772,875
 4818,878
 4841,102
 4777,362
 4788,876
 4794,183
 4724,674
 4752,928
 4845,544
 4819,839
 4720,316
 4738,726
 4788,073
 4658,733
 4748,806
 4709,988
 4744,742
 4757,506
 4668,981
 4721,686
 4735,026
 4699,046
 4687,984
 4656,652
 4767,742
 4709,156
 4771,703
 4684,052
 4656,420
 4656,197
 4706,188
 4666,867
 4673,106
 4552,947
 4637,091
 4681,007
 4691,808
 4695,461
 4619,831
 4647,675
 4680,066
 4683,688
 4658,198
 4717,349
 4622,184
 4624,854
 4654,246
 4633,536
 4610,263
 4619,457
 4571,596
 4600,505
 4593,084
 4629,969
 4557,079
 4640,272
 4590,661
 4615,605
 4587,370
 4640,303
 4640,744
 4581,763
 4643,320
 4607,395
 4528,425
 4556,151
 4545,471
 4554,058
 4617,110
 4635,026
 4481,884
 4570,646
 4513,493
 4624,646
 4551,738
 4599,297
 4473,673
 4555,577
 4529,689
 4517,380
 4537,102
 4451,118
 4525,334
 4611,419
 4529,059
 4432,838
 4544,618
 4520,265
 4449,675
 4469,261
 4515,761
 4525,435
 4479,065
 4505,604
 4513,955
 4460,976
 4522,307
 4487,939
 4482,765
 4507,076
 4531,106
 4461,462
 4489,704
 4496,776
 4440,101
 4445,906
 4488,973
 4421,444
 4400,483
 4399,921
 4422,340
 4521,260
 4483,703
 4421,545
 4459,098
 4497,663
 4441,984
 4461,256
 4371,404
 4419,890
 4455,288
 4470,595
 4426,802
 4468,805
 4296,293
 4399,375
 4435,581
 4368,013
 4321,825
 4409,447
 4453,179
 4378,537
 4416,453
 4294,725
 4370,932
 4303,710
 4315,437
 4303,758
 4351,055
 4361,841
 4320,078
 4398,588
 4406,701
 4335,714
 4368,478
 4435,890
 4338,803
 4303,765
 4264,693
 4296,231
 4360,985
 4320,023
 4414,096
 4353,568
 4384,569
 4337,260
 4342,020
 4319,167
 4249,560
 4316,196
 4343,878
 4351,733
 4321,008
 4352,003
 4253,608
 4232,898
 4281,077
 4258,781
 4313,766
 4309,659
 4236,318
 4316,583
 4263,486
 4265,552
 4242,701
 4267,422
 4331,852
 4184,517
 4289,387
 4299,180
 4190,763
 4222,828
 4285,732
 4201,741
 4248,522
 4250,029
 4264,514
 4264,222
 4248,886
 4213,042
 4188,261
 4206,739
 4147,639
 4142,198
 4182,152
 4218,812
 4218,982
 4165,605
 4156,737
 4155,371
 4112,025
 4149,883
 4229,603
 4103,267
 4130,951
 4175,152
 4164,040
 4095,186
 4151,301
 4130,829
 4211,100
 4064,793
 4062,851
 4107,726
 4149,352
 4085,279
 4129,550
 4097,272
 4160,310
 4130,071
 4165,930
 4057,185
 4123,162
 4075,713
 4122,404
 4147,279
 4122,102
 4099,538
 4070,618
 4089,313
 4083,318
 4093,011
 4083,873
 4130,034
 4069,100
 4092,813
 4047,859
 4116,230
 4094,379
 4118,918
 4067,346
 4024,811
 4019,953
 4038,644
 3986,103
 3977,573
 3979,218
 3996,447
 4030,724
 4033,935
 3950,286
 4014,992
 3882,193
 3955,591
 4107,587
 4055,966
 4039,335
 3966,494
 4028,561
 3975,552
 3924,319
 3963,984
 3924,305
 3933,440
 3930,530
 3932,533
 3959,068
 3915,590
 3895,631
 3827,987
 3920,023
 3910,741
 3890,855
 3910,565
 3929,415
 3846,948
 3907,265
 3930,524
 3924,939
 3914,370
 3928,776
 3868,885
 3965,675
 3902,461
 3873,656
 3838,544
 3876,844
 3957,519
 3825,845
 3826,677
 3895,913
 3811,680
 3857,315
 3807,654
 3841,654
 3846,184
 3878,269
 3862,795
 3856,161
 3800,132
 3788,327
 3841,230
 3820,281
 3856,847
 3814,955
 3789,509
 3886,504
 3846,067
 3927,393
 3861,202
 3817,029
 3929,495
 3881,503
 3803,274
 3823,244
 3794,405
 3825,294















































































































































































































































































































































































































































































































































































































































































































































































































































































































































































































































































































































































































































































































































































































































































































































































































































































































































































































































































































































































































































































































































































































































































































































































































































































































































































































































































































































































































































































































































































































































































































































































































































































































































































































































































































































































































































































































































































































































































































































































































































































































































































































































































































































































































































































































































































































































































































































































































































































































































































































































































































































































































































































































































































































































































































































































































































































































































































































































































































































































































































































































































































































































































































































































































































































































































































































































































































































































































































































































































































































































































































































































































































































































































































































































































































































































































































































































































































































































































































































































































































































































































































































































































































































































































































































































































































































































































































































































































































































































































































































































































































































































































































































































































































































































































































































































































































































































































































































































































































































































































































































































































































































































































































































































































































































































































































































































































































































































































































































































































































































































































































































































































































































































































































































































































































































































































































































































































































































































































































































































































































































































































































































































































































































































































































































































































































































































































































































































































































































































































































































































































































































































































































































































































































































































































































































































































































































































































































































































































































































































































































































































































































































































































































































































































































































































































































































































































































































































































































































































































































































































































































































































































































































































































































































































































































































































































































































































































































































































































































































































































































































































































































































































































































































































































































































































































































































































































































































































































































































































































































































































































































































































































































































































































































































































































































































































































































































































































































































































































































































































































































































































































































































































































































































































































































































































































































































































































































































































































































































































































































































































































































































































































































































































































































































































































































































































































































































































































































































































































































































































































































































































































































































































































































































































































































































































































































































































































































































































































































































































































































































































































































































































































































































































































































































































































































































































































































































































































































































































































































































































































































































































































































































































































































































































































































































































































































































































































































































































































































































































































































































































































































































































































































































































































































































































































































































































































































































































































































































































































































































































































































































































































































































































































































































































































































































































































































































































































































































































































































































































































































































































































































































































































































































































































































































































































































































































































































































































































































































































































































































































































































































































































































































































































































































































































































































































































































































































































































































































































































































































































































































































































































































































































































































































































































































































































































































































































































































































































































































































































































































































































































































































































































































































































































































































































































































































































































































































































































































































































































































































































































































































































































































































































































































































































































































































































































































































































































































































































































































































































































































































































































































































































































































































































































































































































































































































































































































































































































































































































































































































































































































































































































































































































































































































































































































































