 650,313
 636,270
 598,004
 637,474
 603,381
 638,032
 635,195
 620,870
 640,518
 618,666
 640,409
 656,566
 615,844
 617,511
 619,606
 611,046
 658,050
 631,459
 624,570
 643,996
 623,516
 607,428
 612,270
 622,302
 626,355
 640,338
 632,601
 616,733
 640,418
 653,521
 658,279
 613,213
 601,310
 622,111
 648,525
 631,810
 647,653
 615,351
 621,754
 618,622
 629,910
 651,319
 618,992
 610,623
 626,021
 657,327
 605,710
 607,401
 646,975
 643,555
 636,605
 569,328
 618,319
 627,615
 659,141
 643,159
 630,588
 633,442
 636,210
 599,249
 600,960
 612,383
 648,024
 596,912
 609,962
 641,520
 645,980
 632,150
 637,096
 592,781
 615,318
 620,205
 671,487
 669,145
 583,887
 655,006
 624,072
 626,477
 621,028
 624,134
 609,807
 602,427
 636,197
 642,723
 623,657
 621,187
 586,135
 620,465
 604,100
 611,157
 655,027
 617,875
 622,583
 631,001
 627,505
 624,216
 647,894
 623,976
 609,912
 632,528
 648,876
 629,556
 585,419
 604,038
 651,593
 599,042
 624,279
 599,542
 616,617
 646,023
 625,012
 601,529
 611,706
 609,987
 622,437
 633,719
 608,445
 627,407
 603,555
 590,764
 629,542
 621,999
 601,451
 635,103
 581,215
 631,633
 616,952
 625,281
 612,683
 649,220
 619,352
 632,503
 608,143
 613,035
 600,425
 574,882
 612,655
 607,446
 587,323
 639,451
 632,226
 611,364
 644,694
 582,153
 673,186
 600,539
 575,662
 621,279
 608,461
 597,634
 575,452
 626,920
 592,952
 607,111
 601,777
 605,041
 578,366
 609,165
 624,049
 607,212
 587,935
 609,237
 592,641
 584,844
 617,382
 579,288
 575,307
 575,954
 563,704
 616,802
 591,580
 574,990
 599,438
 581,886
 639,264
 572,325
 605,177
 590,173
 562,416
 618,823
 589,102
 595,634
 593,968
 556,362
 592,201
 581,355
 605,629
 583,294
 615,538
 583,474
 573,269
 572,059
 554,758
 577,075
 529,572
 576,598
 589,692
 577,219
 589,996
 623,442
 631,351
 533,504
 587,306
 543,209
 591,193
 571,605
 603,024
 576,322
 571,826
 575,200
 535,887
 606,398
 572,449
 614,978
 596,568
 584,151
 562,835
 572,503
 554,597
 588,109
 593,246
 557,837
 571,846
 565,073
 549,950
 566,843
 567,678
 562,053
 546,516
 614,889
 568,241
 567,703
 557,724
 591,262
 577,226
 579,351
 576,987
 542,698
 560,067
 540,061
 579,705
 565,732
 602,090
 526,580
 556,475
 564,206
 524,364
 567,974
 566,388
 543,590
 571,899
 544,223
 547,490
 549,312
 550,360
 530,127
 546,079
 575,366
 549,669
 573,335
 547,435
 552,670
 523,651
 548,588
 549,129
 528,363
 556,294
 540,749
 554,061
 543,846
 527,020
 558,691
 537,192
 542,971
 563,738
 555,871
 514,312
 568,450
 505,420
 538,855
 509,896
 521,792
 526,762
 575,387
 541,991
 547,316
 530,591
 532,864
 541,951
 529,991
 522,994
 569,797
 525,353
 503,004
 547,850
 538,358
 528,583
 536,796
 529,102
 532,676
 541,293
 537,525
 528,511
 511,067
 529,326
 550,591
 540,582
 523,184
 522,908
 566,028
 500,857
 506,543
 531,019
 548,734
 515,746
 528,720
 511,611
 524,667
 505,495
 506,425
 558,092
 498,012
 553,628
 511,503
 536,784
 533,976
 525,128
 531,064
 486,691
 495,891
 517,098
 514,632
 509,156
 517,069
 520,460
 513,200
 517,028
 502,555
 524,577
 527,239
 538,924
 555,041
 498,124
 535,795
 526,716
 505,241
 504,417
 506,548
 516,589
 512,479
 514,978
 520,011
 507,123
 500,659
 539,942
 476,305
 516,644
 510,947
 492,770
 499,152
 493,163
 497,754
 478,638
 506,672
 516,244
 524,523
 533,400
 506,806
 508,552
 486,421
 531,830
 486,363
 488,147
 519,915
 517,256
 499,370
 512,460
 483,575
 495,130
 518,364
 544,242
 503,599
 509,757
 493,606
 528,388
 513,805
 507,132
 476,517
 515,157
 521,872
 488,572
 506,900
 473,567
 519,788
 493,795
 509,949
 496,853
 530,273
 505,839
 486,810
 503,864
 501,638
 500,775
 482,242
 522,881
 515,710
 499,626
 477,593
 515,012
 489,153
 484,856
 499,535
 504,597
 509,950
 536,337
 523,190
 507,481
 509,876
 493,831
 494,957
 500,205
 481,152
 500,021
 494,488
 486,910
 496,724
 506,699
 504,403
 444,287
 502,711
 513,174
 508,956
 501,623
 492,686
 470,071
 491,093
 502,375
 488,201
 480,000
 519,266
 475,715
 504,105
 467,416
 509,703
 471,248
 474,100
 500,835
 495,502
 499,383
 490,139
 455,330
 466,331
 477,864
 492,785
 482,307
 506,278
 511,908
 489,921
 473,641
 493,425
 474,388
 509,538
 485,496
 471,758
 472,084
 489,864
 483,058
 487,876
 487,095
 488,458
 498,881
 474,049
 493,321
 466,355
 497,246
 483,804
 487,726
 463,995
 457,971
 457,551
 475,704
 460,497
 492,353
 508,271
 483,295
 509,500
 493,711
 523,895
 457,546
 488,595
 510,521
 500,935
 507,774
 482,764
 492,541
 521,495
 497,830
 481,318
 520,532
 497,407
 516,653
 461,175
 503,126
 507,225
 464,308
 528,297
 490,283
 501,551
 489,661
 467,347
 492,959
 496,212
 451,395
 477,011
 463,304
 497,301
 522,451
 505,545
 491,691
 452,678
 504,790
 504,805
 502,371
 468,415
 485,522
 487,132
 470,731
 517,587
 481,860
 486,705
 482,199
 456,998
 524,892
 486,477
 491,516
 516,128
 497,363
 493,211
 492,410
 485,496
 468,078
 501,566
 546,587
 498,569
 485,821
 457,312
 470,779
 484,380
 467,202
 473,021
 482,636
 519,155
 505,961
 528,656
 523,711
 521,251
 481,843
 516,169
 455,475
 515,000
 505,198
 474,134
 540,582
 503,404
 513,415
 464,958
 496,876
 480,351
 497,442
 480,013
 477,510
 457,248
 481,772
 511,183
 479,540
 504,342
 493,713
 470,810
 485,235
 513,759
 485,738
 551,405
 500,689
 500,545
 464,010
 494,900
 496,171
 474,788
 487,509
 479,049
 487,457
 508,970
 483,358
 460,620
 465,240
 506,980
 488,040
 487,913
 483,025
 479,771
 475,930
 496,959
 472,934
 499,432
 496,246
 522,119
 494,697
 470,020
 526,133
 497,204
 514,493
 520,555
 506,320
 509,627
 495,577
 492,804
 516,493
 464,747
 511,150
 490,245
 494,371
 469,073
 500,733
 491,091
 503,201
 466,768
 521,192
 481,323
 470,989
 486,956
 478,367
 479,844
 476,255
 494,664
 459,116
 492,009
 465,972
 491,878
 523,982
 473,429
 503,536
 509,314
 511,992
 493,412
 504,522
 512,263
 469,788
 504,237
 482,273
 468,094
 465,947
 472,446
 515,926
 493,806
 491,360
 487,164
 476,096
 510,452
 496,359
 501,476
 512,007
 524,189
 484,582
 476,950
 484,742
 455,759
 492,947
 476,965
 484,521
 503,986
 502,300
 460,444
 486,898
 491,301
 501,092
 496,936
 492,415
 504,690
 479,662
 507,991
 482,877
 492,420
 499,746
 492,101
 494,648
 489,786
 509,005
 461,747
 515,552
 501,435
 499,571
 521,600
 488,924
 449,877
 506,775
 482,064
 464,805
 488,420
 509,039
 463,671
 474,147
 519,840
 488,047
 512,202
 489,666
 510,999
 503,602
 493,526
 483,533
 497,439
 489,188
 500,312
 499,784
 508,058
 499,761
 532,070
 497,058
 504,191
 508,939
 521,932
 523,127
 497,503
 487,811
 499,953
 471,549
 469,400
 507,121
 469,336
 512,698
 491,706
 499,354
 485,918
 522,313
 510,994
 515,795
 521,464
 502,768
 494,200
 477,795
 486,143
 505,337
 510,445
 489,778
 494,317
 521,750
 506,205
 488,566
 508,363
 490,423
 506,022
 535,241
 492,961
 507,250
 491,155
 502,578
 498,310
 480,489
 508,271
 520,569
 452,851
 462,238
 520,927
 472,286
 495,411
 517,397
 459,923
 469,451
 452,474
 508,701
 479,916
 499,181
 526,429
 530,226
 492,587
 482,006
 511,775
 491,853
 551,161
 520,320
 510,963
 481,940
 489,119
 511,408
 500,806
 513,575
 514,117
 501,138
 484,119
 512,246
 520,951
 511,831
 483,530
 497,521
 486,176
 508,433
 484,876
 485,960
 528,122
 485,500
 498,868
 493,160
 518,548
 546,236
 497,137
 498,015
 505,158
 509,250
 531,477
 498,712
 491,219
 508,742
 499,644
 485,415
 501,522
 498,001
 456,233
 495,654
 514,201
 494,663
 479,451
 501,230
 501,559
 494,851
 523,622
 494,624
 522,324
 527,951
 482,174
 470,087
 475,845
 513,835
 501,689
 537,170
 529,839
 508,513
 494,234
 553,026
 491,090
 532,625
 522,768
 494,904
 503,109
 488,749
 525,876
 511,866
 535,556
 529,043
 544,780
 486,883
 498,338
 489,033
 521,955
 515,048
 502,952
 526,003
 529,089
 551,686
 505,824
 548,116
 534,085
 499,865
 521,999
 527,201
 527,646
 519,841
 509,384
 527,788
 490,083
 523,382
 532,261
 529,037
 502,933
 486,943
 525,363
 521,619
 518,332
 515,500
 559,430
 502,949
 515,033
 510,227
 491,341
 550,625
 530,614
 545,068
 520,984
 534,342
 528,820
 536,825
 524,614
 481,017
 487,848
 539,959
 478,371
 505,334
 525,872
 538,860
 505,884
 509,545
 534,035
 532,504
 528,506
 506,059
 504,732
 528,366
 527,622
 550,912
 507,494
 524,344
 521,301
 525,418
 525,607
 548,506
 529,228
 495,975
 505,579
 540,544
 530,633
 529,903
 523,898
 502,817
 546,998
 531,723
 512,990
 528,642
 538,968
 510,234
 584,426
 535,141
 524,243
 545,338
 502,968
 539,700
 547,189
 530,703
 533,696
 534,762
 508,719
 543,839
 516,209
 527,382
 541,946
 506,582
 543,446
 511,383
 516,650
 548,654
 546,864
 502,188
 507,216
 536,580
 536,921
 503,430
 525,359
 544,416
 531,520
 554,502
 580,323
 520,680
 551,734
 538,828
 535,046
 559,646
 516,567
 533,353
 548,675
 559,501
 547,383
 546,008
 554,371
 565,627
 542,431
 535,934
 540,311
 531,213
 561,166
 567,419
 564,125
 566,107
 576,650
 556,863
 541,331
 550,155
 560,723
 530,937
 522,413
 559,279
 543,890
 544,212
 561,718
 489,153
 543,835
 551,152
 554,622
 529,402
 576,431
 557,942
 550,226
 518,992
 528,953
 540,891
 567,221
 558,927
 568,862
 570,681
 557,718
 542,720
 567,290
 574,554
 577,685
 587,860
 535,270
 560,081
 560,018
 577,249
 545,149
 545,255
 556,153
 537,943
 598,599
 556,792
 554,705
 577,055
 603,151
 576,661
 591,199
 576,102
 575,169
 570,093
 528,062
 579,489
 589,630
 585,389
 596,821
 577,837
 561,740
 571,095
 554,571
 577,327
 549,828
 558,995
 566,377
 556,447
 572,370
 569,913
 575,609
 564,580
 559,614
 579,175
 596,476
 591,426
 564,833
 558,085
 565,649
 566,717
 611,113
 556,937
 539,182
 608,469
 599,472
 569,641
 585,661
 600,330
 593,839
 637,132
 584,910
 571,014
 599,842
 585,504
 579,413
 627,667
 604,236
 599,867
 578,652
 575,539
 589,179
 616,301
 596,158
 559,807
 573,042
 609,613
 601,135
 591,643
 620,475
 586,396
 613,674
 611,279
 581,057
 594,831
 595,498
 595,705
 624,330
 586,619
 586,309
 578,063
 611,765
 609,316
 635,976
 601,377
 586,134
 584,295
 637,416
 597,168
 625,466
 617,391
 631,009
 611,067
 610,986
 633,477
 630,293
 621,223
 623,058
 612,456
 616,322
 663,868
 638,587
 618,776
 655,527
 597,016
 618,753
 662,304
 684,972
 643,943
 618,678
 615,302
 616,042
 643,019
 609,384
 603,848
 654,693
 641,129
 670,008
 653,701
 633,762
 656,953
 678,519
 650,614
 633,559
 660,063
 668,038
 645,393
 674,640
 663,882
 669,159
 628,211
 654,093
 647,006
 660,642
 703,820
 635,826
 672,001
 668,876
 694,348
 708,924
 670,068
 669,017
 669,326
 672,937
 690,296
 699,848
 667,349
 661,204
 690,172
 657,585
 677,249
 720,365
 712,059
 705,953
 706,249
 699,819
 738,036
 691,770
 714,947
 714,830
 713,427
 727,480
 714,637
 710,566
 707,235
 685,943
 734,542
 766,250
 758,583
 772,585
 754,450
 747,404
 751,206
 742,799
 692,934
 735,730
 760,786
 757,291
 741,994
 786,511
 697,381
 775,135
 766,834
 793,987
 722,295
 750,427
 765,324
 787,042
 759,171
 781,954
 758,833
 798,351
 756,233
 742,910
 761,701
 779,184
 749,704
 820,240
 799,310
 795,814
 781,728
 797,408
 798,767
 798,923
 799,789
 800,484
 856,601
 852,965
 847,145
 809,504
 852,535
 845,826
 844,541
 864,180
 836,264
 855,233
 842,448
 880,864
 835,875
 873,544
 874,726
 871,604
 816,094
 868,934
 898,278
 902,659
 909,985
 879,690
 875,643
 874,164
 881,891
 940,547
 854,438
 879,559
 918,986
 900,681
 904,891
 892,614
 911,854
 926,015
 941,894
 910,969
 904,896
 923,014
 914,629
 916,076
 952,367
 926,517
 1003,131
 965,387
 954,802
 982,359
 961,974
 942,934
 933,595
 980,505
 1000,197
 1021,357
 947,286
 998,558
 1007,121
 976,423
 979,194
 1038,846
 1034,763
 1009,472
 1014,237
 1022,162
 1052,097
 1027,727
 1068,834
 1000,777
 1018,628
 1055,209
 1030,863
 1060,005
 1037,345
 1088,790
 1041,590
 1078,494
 1054,491
 1069,357
 1024,494
 1098,187
 1116,057
 1053,772
 1125,334
 1107,040
 1061,197
 1079,242
 1134,302
 1123,648
 1121,950
 1139,821
 1130,410
 1129,603
 1124,980
 1127,274
 1153,694
 1165,047
 1117,094
 1193,351
 1166,101
 1156,956
 1197,559
 1186,242
 1187,209
 1178,766
 1173,026
 1171,595
 1190,691
 1205,948
 1200,309
 1222,252
 1236,653
 1226,981
 1252,618
 1247,759
 1265,122
 1242,478
 1298,342
 1246,222
 1268,606
 1259,284
 1340,737
 1255,461
 1290,818
 1282,573
 1302,270
 1290,126
 1261,075
 1297,128
 1311,172
 1287,851
 1324,762
 1270,082
 1283,751
 1325,634
 1321,945
 1300,024
 1343,536
 1304,144
 1357,963
 1307,275
 1330,391
 1341,342
 1345,571
 1395,172
 1397,898
 1411,567
 1371,387
 1405,324
 1360,910
 1355,127
 1411,521
 1405,614
 1405,821
 1397,615
 1410,282
 1452,762
 1453,941
 1417,652
 1386,904
 1402,547
 1455,877
 1439,764
 1440,889
 1505,829
 1475,939
 1466,041
 1484,784
 1448,599
 1488,283
 1543,172
 1518,523
 1493,320
 1507,895
 1565,551
 1542,244
 1556,297
 1520,659
 1517,997
 1556,735
 1572,339
 1580,481
 1603,153
 1503,100
 1549,742
 1593,253
 1587,158
 1547,444
 1578,363
 1558,227
 1593,762
 1638,536
 1624,312
 1605,786
 1591,154
 1610,058
 1572,264
 1625,850
 1634,371
 1612,539
 1636,363
 1635,546
 1646,508
 1658,368
 1679,558
 1687,817
 1683,063
 1680,613
 1680,418
 1690,053
 1686,306
 1698,337
 1688,328
 1695,013
 1705,883
 1728,476
 1687,331
 1736,959
 1691,422
 1695,802
 1794,744
 1738,999
 1753,233
 1716,042
 1739,299
 1802,122
 1788,480
 1781,902
 1753,225
 1812,864
 1852,761
 1767,506
 1779,008
 1812,068
 1818,323
 1851,554
 1861,523
 1830,356
 1828,789
 1829,690
 1846,416
 1826,289
 1836,513
 1876,504
 1855,774
 1876,689
 1837,535
 1871,899
 1888,631
 1908,433
 1910,446
 1859,783
 1878,449
 1908,097
 1890,888
 1872,313
 1917,574
 1857,496
 1871,797
 1945,581
 1876,281
 1918,054
 1972,748
 1974,099
 1973,098
 1954,725
 1939,890
 1939,816
 1995,338
 1956,553
 1966,347
 1972,302
 1978,530
 2003,376
 1948,982
 1959,646
 2064,871
 1993,393
 2031,342
 2024,502
 2081,083
 2026,203
 2083,489
 2019,691
 2095,704
 2031,739
 2006,165
 2088,839
 2059,658
 2055,092
 2119,995
 2060,979
 2047,248
 2054,874
 2080,288
 2115,576
 2126,975
 2086,880
 2065,626
 2143,986
 2139,041
 2136,843
 2128,033
 2099,801
 2111,108
 2180,871
 2132,131
 2147,571
 2146,264
 2132,657
 2116,991
 2130,141
 2178,533
 2177,034
 2190,524
 2191,010
 2197,774
 2187,880
 2190,079
 2253,683
 2204,830
 2216,997
 2213,344
 2229,722
 2198,269
 2191,131
 2238,647
 2260,313
 2213,832
 2278,898
 2284,085
 2282,283
 2234,536
 2295,039
 2268,198
 2284,621
 2300,222
 2290,080
 2280,403
 2255,370
 2256,298
 2321,400
 2316,712
 2294,320
 2280,898
 2305,399
 2319,500
 2324,325
 2353,894
 2267,972
 2351,202
 2287,688
 2347,190
 2381,107
 2433,762
 2339,049
 2362,371
 2421,734
 2345,959
 2380,550
 2367,691
 2352,452
 2380,448
 2399,362
 2370,239
 2458,088
 2388,106
 2407,364
 2390,644
 2417,102
 2433,230
 2435,583
 2375,910
 2487,081
 2478,101
 2471,600
 2466,788
 2493,983
 2489,831
 2465,659
 2493,571
 2427,401
 2427,449
 2519,346
 2468,472
 2537,009
 2477,672
 2541,474
 2495,923
 2496,454
 2481,363
 2529,115
 2490,400
 2532,629
 2511,741
 2574,722
 2536,312
 2510,777
 2580,504
 2525,686
 2564,905
 2567,048
 2538,305
 2607,938
 2608,069
 2608,437
 2501,498
 2553,781
 2586,240
 2557,134
 2612,444
 2631,242
 2565,415
 2650,087
 2640,230
 2617,603
 2591,875
 2635,565
 2673,857
 2685,721
 2640,571
 2599,325
 2682,883
 2647,988
 2674,604
 2728,436
 2593,309
 2698,225
 2658,263
 2660,099
 2677,328
 2706,798
 2651,253
 2685,466
 2670,330
 2621,617
 2718,957
 2673,419
 2737,493
 2734,112
 2748,494
 2739,721
 2677,069
 2744,541
 2736,308
 2712,864
 2760,289
 2688,805
 2786,213
 2715,837
 2720,540
 2723,055
 2704,968
 2805,835
 2722,732
 2733,778
 2815,076
 2766,673
 2756,098
 2807,953
 2786,654
 2793,236
 2845,439
 2817,217
 2791,456
 2869,200
 2830,378
 2808,146
 2812,542
 2788,903
 2773,591
 2823,653
 2867,444
 2828,109
 2860,071
 2850,296
 2774,396
 2813,876
 2809,133
 2900,622
 2887,682
 2815,010
 2882,685
 2743,686
 2854,265
 2870,932
 2903,120
 2885,444
 2896,426
 2916,385
 2926,176
 2854,851
 2923,497
 2909,575
 2912,782
 2966,252
 2919,519
 2965,593
 2930,991
 2990,943
 2986,803
 2957,934
 2868,408
 2950,719
 2985,490
 2997,175
 3025,712
 3007,032
 3061,126
 3010,229
 3071,435
 2972,394
 2992,085
 2979,824
 2963,716
 2986,384
 3027,510
 3034,892
 2996,189
 2998,566
 3023,899
 2988,153
 3018,431
 3035,513
 2996,230
 3028,231
 3099,176
 2992,589
 3098,745
 3072,995
 3043,669
 3129,729
 3108,408
 3125,442
 3107,310
 3106,023
 3105,446
 3086,639
 3167,878
 3181,941
 3082,466
 3113,708
 3106,356
 3118,797
 3135,817
 3084,985
 3198,574
 3155,270
 3117,462
 3138,746
 3148,603
 3183,435
 3137,742
 3131,269
 3162,926
 3140,179
 3191,115
 3212,757
 3190,400
 3145,964
 3175,795
 3190,932
 3221,894
 3192,835
 3177,776
 3167,617
 3177,750
 3157,323
 3194,875
 3212,401
 3242,834
 3203,366
 3199,875
 3178,424
 3209,217
 3253,225
 3159,725
 3177,435
 3202,128
 3244,663
 3152,162
 3219,641
 3205,533
 3196,445
 3165,933
 3221,344
 3260,063
 3309,835
 3319,294
 3306,960
 3275,734
 3249,797
 3294,833
 3292,035
 3283,231
 3370,173
 3296,915
 3338,512
 3288,097
 3339,994
 3310,938
 3320,892
 3357,151
 3374,335
 3271,709
 3367,228
 3299,671
 3345,915
 3374,063
 3335,353
 3308,492
 3282,290
 3304,681
 3359,878
 3374,427
 3336,033
 3349,090
 3348,947
 3388,719
 3357,086
 3416,157
 3407,018
 3416,255
 3430,663
 3394,411
 3414,137
 3323,004
 3447,709
 3453,113
 3421,919
 3367,946
 3378,541
 3377,106
 3412,378
 3391,802
 3353,933
 3433,369
 3439,891
 3450,190
 3439,619
 3466,769
 3397,073
 3484,187
 3450,948
 3384,095
 3430,622
 3451,609
 3464,299
 3377,115
 3474,495
 3484,174
 3496,275
 3462,838
 3463,001
 3524,741
 3521,071
 3532,622
 3447,276
 3496,157
 3454,850
 3462,236
 3492,707
 3455,018
 3449,522
 3553,757
 3508,327
 3552,683
 3486,077
 3472,319
 3527,355
 3515,649
 3603,571
 3565,496
 3505,832
 3506,167
 3528,602
 3522,980
 3568,828
 3489,324
 3555,698
 3549,413
 3581,074
 3537,208
 3574,197
 3581,023
 3568,798
 3597,219
 3579,078
 3613,225
 3599,750
 3590,059
 3645,612
 3578,909
 3599,700
 3613,020
 3587,877
 3582,535
 3611,234
 3618,955
 3604,565
 3582,689
 3552,792
 3583,622
 3629,241
 3578,624
 3562,703
 3575,378
 3663,048
 3627,015
 3666,979
 3613,794
 3598,049
 3638,235
 3681,850
 3572,647
 3641,127
 3661,047
 3643,031
 3651,918
 3666,779
 3636,211
 3653,503
 3615,038
 3682,942
 3619,077
 3667,609
 3650,350
 3642,281
 3699,756
 3716,622
 3698,810
 3743,347
 3703,275
 3688,292
 3680,135
 3680,783
 3710,309
 3696,882
 3660,674
 3716,278
 3692,906
 3652,156
 3703,234
 3743,778
 3669,029
 3756,041
 3779,371
 3730,701
 3762,248
 3768,472
 3742,775
 3755,681
 3742,755
 3694,557
 3719,197
 3734,959
 3772,544
 3707,824
 3773,687
 3734,370
 3791,934
 3754,743
 3776,195
 3779,852
 3739,649
 3764,374
 3781,196
 3736,725
 3724,513
 3726,264
 3758,213
 3812,640
 3721,973
 3792,577
 3882,471
 3809,712
 3747,649
 3813,594
 3817,413
 3842,587
 3807,208
 3851,132
 3808,247
 3790,197
 3820,035
 3802,607
 3804,117
 3778,440
 3831,699
 3821,743
 3819,712
 3748,769
 3864,178
 3866,512
 3820,646
 3851,082
 3847,283
 3898,870
 3874,441
 3839,434
 3901,177
 3876,156
 3832,938
 3835,693
 3780,427
 3910,552
 3911,727
 3870,806
 3853,570
 3928,384
 3799,866
 3832,677
 3893,553
 3870,529
 3813,867
 3851,642
 3871,157
 3836,957
 3870,706
 3892,589
 3971,116
 3942,701
 3933,601
 3891,518
 3900,386
 3906,401
 3913,971
 3908,299
 3903,141
 3970,663
 3928,088
 3946,969
 3937,080
 3959,514
 3971,598
 3866,827
 3901,930
 3950,644
 4027,282
 3950,140
 3939,013
 4009,339
 3968,980
 3942,989
 3910,546
 3964,130
 3946,654
 3989,765
 3963,391
 3930,119
 3955,797
 4032,483
 3958,362
 3998,275
 3933,008
 3998,774
 3997,979
 3992,618
 4009,164
 4000,324
 3907,689
 4034,921
 3945,718
 3929,365
 4009,255
 3971,543
 4065,567
 4002,797
 4013,818
 4018,196
 3996,549
 4058,929
 4006,961
 4030,802
 3980,906
 4008,231
 4036,513
 4045,153
 4031,715
 4059,362
 4030,660
 3978,178
 4090,773
 4076,312
 4032,214
 4062,383
 4031,183
 4064,690
 4019,022
 4089,388
 4074,875
 4083,492
 4031,996
 4028,102
 4109,182
 4109,460
 4071,831
 4040,193
 4101,492
 4122,662
 4086,307
 4041,600
 4108,873
 4070,620
 4051,297
 4113,097
 4091,719
 4070,376
 4131,524
 4100,474
 4062,991
 4144,464
 4108,448
 4112,228
 4201,854
 4099,169
 4170,360
 4111,041
 4176,180
 4125,182
 4088,638
 4157,233
 4160,871
 4111,617
 4180,371
 4154,179
 4199,068
 4108,952
 4103,995
 4178,063
 4097,068
 4140,197
 4140,579
 4093,676
 4113,040
 4153,682
 4176,971
 4190,600
 4134,568
 4148,034
 4127,785
 4113,843
 4200,815
 4283,455
 4214,259
 4213,196
 4204,973
 4146,920
 4251,155
 4270,879
 4220,167
 4155,105
 4201,856
 4192,233
 4265,577
 4218,878
 4243,196
 4256,621
 4257,879
 4203,391
 4222,388
 4277,197
 4213,910
 4247,444
 4266,332
 4298,510
 4284,662
 4362,891
 4327,179
 4297,821
 4311,129
 4290,935
 4266,285
 4310,708
 4286,864
 4269,790
 4280,158
 4234,353
 4314,545
 4271,059
 4270,727
 4308,175
 4289,176
 4319,886
 4293,108
 4327,015
 4366,827
 4347,927
 4312,134
 4367,388
 4335,901
 4296,410
 4330,103
 4335,457
 4334,686
 4348,483
 4322,340
 4423,441
 4338,169
 4311,055
 4352,042
 4332,049
 4387,914
 4281,074
 4278,552
 4317,158
 4370,464
 4320,213
 4358,367
 4287,850
 4414,241
 4385,176
 4367,988
 4371,619
 4328,858
 4453,277
 4423,693
 4378,561
 4329,267
 4403,301
 4470,947
 4381,746
 4499,118
 4404,776
 4414,441
 4431,806
 4461,002
 4522,321
 4443,092
 4458,507
 4403,553
 4459,520
 4482,580
 4465,190
 4484,865
 4446,436
 4485,317
 4409,197
 4477,293
 4403,672
 4482,857
 4444,522
 4467,700
 4456,631
 4393,084
 4531,618
 4538,545
 4529,284
 4457,363
 4520,331
 4515,642
 4555,576
 4452,045
 4541,601
 4543,362
 4476,036
 4585,081
 4453,723
 4542,907
 4534,077
 4558,649
 4466,487
 4509,746
 4538,360
 4463,305
 4554,517
 4534,261
 4526,469
 4541,180
 4530,147
 4587,921
 4525,344
 4596,196
 4485,658
 4568,762
 4574,970
 4629,655
 4517,936
 4520,138
 4595,743
 4583,965
 4546,238
 4646,991
 4525,860
 4653,015
 4612,400
 4571,651
 4656,902
 4573,524
 4624,360
 4588,392
 4597,610
 4533,557
 4617,931
 4607,674
 4601,290
 4564,155
 4696,025
 4620,799
 4693,188
 4564,581
 4567,035
 4695,971
 4653,112
 4529,694
 4659,977
 4638,577
 4662,271
 4648,686
 4595,069
 4660,019
 4567,783
 4684,759
 4642,687
 4668,373
 4606,675
 4630,694
 4604,238
 4670,075
 4639,787
 4697,150
 4641,318
 4626,036
 4673,019
 4706,521
 4696,757
 4671,450
 4676,496
 4646,722
 4664,167
 4662,931
 4667,655
 4712,642
 4647,796
 4713,368
 4776,841
 4708,685
 4651,356
 4684,040
 4661,059
 4743,089
 4747,161
 4711,061
 4705,909
 4663,415
 4746,088
 4743,548
 4740,744
 4691,325
 4732,472
 4760,492
 4727,666
 4666,656
 4805,257
 4750,998
 4728,113
 4780,686
 4673,924
 4751,644
 4743,929
 4770,871
 4750,326
 4789,854
 4661,019
 4800,540
 4700,109
 4777,533
 4773,436
 4741,120
 4767,387
 4755,712
 4795,783
 4750,262
 4814,290
 4703,026
 4779,930
 4790,819
 4821,772
 4773,202
 4781,462
 4785,585
 4760,237
 4784,605
 4770,299
 4749,181
 4860,027
 4778,322
 4767,878
 4783,637
 4883,846
 4780,229
 4784,454
 4748,356
 4834,561
 4848,398
 4803,125
 4811,335
 4834,471
 4721,627
 4831,873
 4786,992
 4834,767
 4876,796
 4759,026
 4810,700
 4842,200
 4819,652
 4818,936
 4751,658
 4881,031
 4859,094
 4879,576
 4889,365
 4783,777
 4805,382
 4881,266
 4762,561
 4845,914
 4820,866
 4788,592
 4896,172
 4829,772
 4872,656
 4699,348
 4794,611
 4834,628
 4870,656
 4894,071
 4800,150
 4797,956
 4815,686
 4871,031
 4900,803
 4913,418
 4826,444
 4937,398
 4872,841
 4781,949
 4865,907
 4754,803
 4949,079
 4970,053
 4801,614
 4917,757
 4865,769
 4837,096
 4930,571
 4829,734
 4830,969
 4963,140
 4865,872
 4879,094
 4800,714
 4927,592
 4865,242
 4949,944
 4955,827
 4876,873
 4944,802
 4932,446
 4818,434
 4929,345
 4931,862
 4997,507
 4903,800
 4904,631
 4902,260
 4965,406
 4962,149
 4999,815
 4945,730
 4930,248
 4885,481
 4952,545
 4948,442
 4986,406
 4998,819
 4901,949
 4944,175
 4950,100
 5000,487
 4979,396
 4984,647
 5007,943
 5037,357
 4938,868
 5043,160
 5045,682
 4966,040
 4935,959
 4964,499
 5036,394
 5011,314
 4970,445
 4974,906
 4965,703
 5061,357
 4983,487
 5041,288
 5064,338
 5031,991
 4972,432
 5028,435
 4917,437
 5015,748
 4998,118
 5020,736
 5052,594
 4968,942
 4969,154
 4997,536
 5054,092
 5023,063
 5063,907
 4987,936
 4989,137
 4998,328
 5050,795
 5049,097
 4983,036
 5055,002
 5053,760
 4972,191
 4994,124
 5131,571
 5004,423
 5014,168
 5019,654
 5053,851
 5035,879
 5002,826
 5046,446
 5022,787
 5019,865
 4969,614
 5016,665
 5068,070
 5051,561
 4978,499
 5064,950
 5107,156
 5027,463
 5057,636
 5037,780
 5033,275
 5067,079
 5039,749
 5107,717
 4970,969
 5079,775
 4989,125
 5100,618
 5050,506
 5091,443
 5052,597
 4974,564
 5010,911
 4995,999
 5075,991
 5024,013
 5132,182
 5066,977
 5016,724
 5031,155
 5109,858
 5034,604
 5146,818
 5027,464
 5031,850
 5023,567
 5063,135
 5117,873
 5063,512
 5064,082
 5066,870
 5061,545
 5005,708
 5031,354
 5022,942
 5083,099
 5059,403
 5094,465
 5060,782
 5032,390
 5027,896
 5052,257
 4996,845
 5033,714
 5048,962
 5042,145
 5096,608
 5016,700
 5038,839
 5041,666
 5065,820
 5044,759
 5035,420
 5075,320
 4983,290
 4945,021
 4979,329
 5035,643
 5046,622
 5041,073
 5021,490
 4953,133
 4997,736
 5034,566
 5122,708
 5092,431
 5093,062
 4989,780
 5031,197
 5051,854
 5035,048
 5087,473
 5026,156
 4991,477
 4965,938
 5000,965
 5030,008
 5058,616
 5038,144
 5009,471
 5075,802
 5019,043
 5075,961
 5078,244
 5019,416
 5017,529
 5009,022
 5076,635
 5041,940
 5019,486
 5006,395
 5111,860
 4997,714
 5025,081
 4987,217
 5109,236
 5044,329
 5025,091
 5105,324
 5061,276
 5038,692
 5056,051
 5060,401
 4970,242
 5023,925
 5064,309
 5072,917
 5013,894
 5058,749
 5057,724
 5029,411
 5046,330
 5035,731
 5017,571
 5047,569
 5054,977
 5121,516
 5083,425
 5092,980
 5160,583
 5078,962
 5072,425
 5093,110
 5075,913
 5082,389
 5146,719
 5086,445
 5201,953
 5084,674
 5115,183
 5059,399
 5110,865
 5053,851
 5076,244
 5091,279
 5055,511
 5128,585
 5155,237
 5104,992
 5151,126
 5067,895
 5075,985
 5092,892
 5114,417
 5150,057
 5091,657
 5015,511
 5073,345
 5121,786
 5072,831
 5102,782
 5072,363
 5104,575
 5052,883
 5095,550
 5129,151
 5198,361
 5093,252
 5125,420
 5151,990
 5207,082
 5150,466
 5134,833
 5183,389
 5140,221
 5165,841
 5171,839
 5181,936
 5146,772
 5119,485
 5242,423
 5149,990
 5122,086
 5136,411
 5218,770
 5185,383
 5228,679
 5151,170
 5166,330
 5149,317
 5121,164
 5207,352
 5134,377
 5252,940
 5202,360
 5197,075
 5173,398
 5148,414
 5143,302
 5243,576
 5157,852
 5258,335
 5189,166
 5163,527
 5243,501
 5253,031
 5230,585
 5123,583
 5183,841
 5205,492
 5273,903
 5188,658
 5194,568
 5259,357
 5353,210
 5249,869
 5263,896
 5277,628
 5205,031
 5273,588
 5250,470
 5275,553
 5185,369
 5298,647
 5321,289
 5272,863
 5273,664
 5308,607
 5262,542
 5288,681
 5348,357
 5226,234
 5305,553
 5280,701
 5210,764
 5247,004
 5222,286
 5307,810
 5227,042
 5283,224
 5244,062
 5272,222
 5323,465
 5276,388
 5272,739
 5319,404
 5279,982
 5338,647
 5330,999
 5275,671
 5260,458
 5243,168
 5287,955
 5219,529
 5275,873
 5328,796
 5261,467
 5260,816
 5221,159
 5333,244
 5362,349
 5374,286
 5316,582
 5309,744
 5276,633
 5338,797
 5293,398
 5281,794
 5413,615
 5329,824
 5387,612
 5308,793
 5399,191
 5243,274
 5311,047
 5365,812
 5293,005
 5353,265
 5419,503
 5352,010
 5275,945
 5289,294
 5355,351
 5334,190
 5380,691
 5291,070
 5307,908
 5375,830
 5307,690
 5377,654
 5262,650
 5316,245
 5329,757
 5342,583
 5315,461
 5295,947
 5330,857
 5399,010
 5368,494
 5326,632
 5335,491
 5300,658
 5356,932
 5288,128
 5365,633
 5351,339
 5337,888
 5400,032
 5459,201
 5285,194
 5383,292
 5397,096
 5361,616
 5366,771
 5342,650
 5300,206
 5383,844
 5328,952
 5340,175
 5246,263
 5404,172
 5374,533
 5377,303
 5334,755
 5375,224
 5342,343
 5290,019
 5340,095
 5328,775
 5370,290
 5280,893
 5440,228
 5353,747
 5325,939
 5361,446
 5433,972
 5299,178
 5392,794
 5443,914
 5303,761
 5352,577
 5343,641
 5300,941
 5396,132
 5385,333
 5313,067
 5469,419
 5353,186
 5350,512
 5384,430
 5342,509
 5403,754
 5362,156
 5394,670
 5381,478
 5296,083
 5361,181
 5385,338
 5315,404
 5298,988
 5308,570
 5354,660
 5359,174
 5379,405
 5352,801
 5366,372
 5345,463
 5411,873
 5363,542
 5303,580
 5343,769
 5314,266
 5383,290
 5355,545
 5365,547
 5366,876
 5375,192
 5422,877
 5325,056
 5351,019
 5417,150
 5422,446
 5339,424
 5355,733
 5443,913
 5323,838
 5408,809
 5373,875
 5295,615
 5427,768
 5279,963
 5349,360
 5371,163
 5446,133
 5355,499
 5436,966
 5400,730
 5327,038
 5338,975
 5409,981
 5373,465
 5283,441
 5334,603
 5282,636
 5309,632
 5335,484
 5321,405
 5369,609
 5408,904
 5370,148
 5304,350
 5332,833
 5305,252
 5375,657
 5442,960
 5339,176
 5318,579
 5326,468
 5361,493
 5380,546
 5305,708
 5319,007
 5394,668
 5383,333
 5395,101
 5406,550
 5378,053
 5335,625
 5344,778
 5398,690
 5319,341
 5394,594
 5317,558
 5394,422
 5411,707
 5309,806
 5338,033
 5321,496
 5411,231
 5326,944
 5337,070
 5362,695
 5338,262
 5328,365
 5337,817
 5266,883
 5264,599
 5269,356
 5312,619
 5354,317
 5316,742
 5344,096
 5308,185
 5288,636
 5333,928
 5284,987
 5329,984
 5330,373
 5336,816
 5328,163
 5243,663
 5327,035
 5314,758
 5277,146
 5324,797
 5289,658
 5342,462
 5288,135
 5292,901
 5292,615
 5339,335
 5332,335
 5305,338
 5252,085
 5332,500
 5211,711
 5250,560
 5359,248
 5269,318
 5306,713
 5254,916
 5239,320
 5249,309
 5330,020
 5260,937
 5267,739
 5325,056
 5299,662
 5280,839
 5252,332
 5215,888
 5336,091
 5208,263
 5203,575
 5265,475
 5329,565
 5270,188
 5256,014
 5242,714
 5312,632
 5246,129
 5306,970
 5278,526
 5237,656
 5225,866
 5256,015
 5251,189
 5265,155
 5282,354
 5207,314
 5262,181
 5218,490
 5258,601
 5196,982
 5229,855
 5180,585
 5191,892
 5276,637
 5279,925
 5270,813
 5164,555
 5238,954
 5260,431
 5178,077
 5228,103
 5229,512
 5206,672
 5155,860
 5195,470
 5135,052
 5208,569
 5224,410
 5073,519
 5172,108
 5184,157
 5200,769
 5250,968
 5239,084
 5196,590
 5237,766
 5143,429
 5168,587
 5162,941
 5164,548
 5178,593
 5153,755
 5198,102
 5174,380
 5153,900
 5138,498
 5129,788
 5193,437
 5126,714
 5128,886
 5103,315
 5142,100
 5155,684
 5161,179
 5126,436
 5156,531
 5156,833
 5116,299
 5143,238
 5080,685
 5110,447
 5146,248
 5065,955
 5112,986
 5152,260
 5131,794
 5136,888
 5132,083
 5129,430
 5181,891
 5155,572
 5097,034
 5180,992
 5093,611
 5078,158
 5128,363
 5111,242
 5144,492
 5127,953
 5071,524
 5121,599
 5065,266
 5104,351
 5137,555
 5122,662
 5049,250
 5110,719
 5118,224
 5072,732
 5099,274
 5095,049
 5085,971
 5127,563
 5146,165
 5108,291
 5072,958
 5093,823
 5100,384
 5087,729
 5066,824
 5075,001
 4992,377
 5076,419
 5086,771
 5035,936
 5017,402
 5017,891
 5014,889
 5033,050
 5102,234
 5019,998
 5023,937
 5037,548
 4987,374
 4970,681
 4985,454
 4999,460
 4974,660
 5060,823
 4994,007
 4983,470
 4978,137
 4988,137
 4932,304
 4988,225
 5009,814
 4963,474
 4999,323
 5044,548
 5002,835
 4959,326
 4991,455
 4984,585
 5050,723
 5020,778
 4963,133
 4918,447
 4974,507
 4904,516
 4899,839
 5038,879
 4909,548
 4900,616
 4969,880
 4838,367
 4981,316
 4979,076
 4938,819
 4904,364
 4978,201
 4937,250
 4942,348
 4948,842
 4936,014
 4933,370
 5010,481
 4930,225
 4938,945
 4962,269
 4932,844
 4952,068
 4922,645
 4902,521
 4823,628
 4941,549
 4892,852
 4921,003
 4916,223
 4878,970
 4879,344
 4908,570
 4904,944
 4863,401
 4807,595
 4828,835
 4854,969
 4859,038
 4861,596
 4859,939
 4819,813
 4843,503
 4861,290
 4854,501
 4823,535
 4828,272
 4797,854
 4789,392
 4837,733
 4767,393
 4815,711
 4884,382
 4829,354
 4865,183
 4850,801
 4711,111
 4685,900
 4840,382
 4677,214
 4822,402
 4741,640
 4777,413
 4784,736
 4739,857
 4788,079
 4754,486
 4759,019
 4804,914
 4771,640
 4821,801
 4804,628
 4769,190
 4765,529
 4812,922
 4702,752
 4736,369
 4794,447
 4727,127
 4692,281
 4751,966
 4713,510
 4689,326
 4777,103
 4719,340
 4803,765
 4733,549
 4696,559
 4735,722
 4677,481
 4588,554
 4731,330
 4675,309
 4696,409
 4660,295
 4622,014
 4599,080
 4642,184
 4677,474
 4721,845
 4756,049
 4766,649
 4697,415
 4638,447
 4604,044
 4707,211
 4648,551
 4606,519
 4669,051
 4676,110
 4681,561
 4622,072
 4650,150
 4636,102
 4689,454
 4631,846
 4592,516
 4703,549
 4627,436
 4715,269
 4632,698
 4672,974
 4658,714
 4579,699
 4612,510
 4625,555
 4631,198
 4596,991
 4632,454
 4603,460
 4607,304
 4656,202
 4618,700
 4586,838
 4667,488
 4500,262
 4619,004
 4600,603
 4603,881
 4605,364
 4602,206
 4535,798
 4584,550
 4538,644
 4650,177
 4624,210
 4552,833
 4548,239
 4607,783
 4508,305
 4497,124
 4548,188
 4535,127
 4515,179
 4553,392
 4573,926
 4564,074
 4531,640
 4571,267
 4479,459
 4558,444
 4510,764
 4558,995
 4449,318
 4521,357
 4493,638
 4555,823
 4530,233
 4436,962
 4522,482
 4435,699
 4449,784
 4485,825
 4441,206
 4493,947
 4454,912
 4520,730
 4507,622
 4415,314
 4506,361
 4527,359
 4502,633
 4421,330
 4497,438
 4456,669
 4474,484
 4379,441
 4446,370
 4481,665
 4372,019
 4424,276
 4364,071
 4455,065
 4374,810
 4374,694
 4411,817
 4327,867
 4380,740
 4398,779
 4404,683
 4421,019
 4398,693
 4480,202
 4414,009
 4360,367
 4358,962
 4408,900
 4323,472
 4358,057
 4361,567
 4345,789
 4382,947
 4310,537
 4396,265
 4351,545
 4321,018
 4352,284
 4335,097
 4321,037
 4391,955
 4373,397
 4315,776
 4368,716
 4324,876
 4336,533
 4286,266
 4254,179
 4364,808
 4363,714
 4277,290
 4368,040
 4246,124
 4314,868
 4319,082
 4318,894
 4290,520
 4286,431
 4290,357
 4339,991
 4234,446
 4311,043
 4244,051
 4296,523
 4302,376
 4277,076
 4243,042
 4318,670
 4284,651
 4257,600
 4217,337
 4290,674
 4232,052
 4231,104
 4225,083
 4180,967
 4251,977
 4296,722
 4269,407
 4204,260
 4244,226
 4300,045
 4229,680
 4110,492
 4239,392
 4150,080
 4235,233
 4100,266
 4177,611
 4238,688
 4140,266
 4200,089
 4194,167
 4184,132
 4226,081
 4165,878
 4152,641
 4107,039
 4066,150
 4181,012
 4124,473
 4135,216
 4156,619
 4149,483
 4146,291
 4161,268
 4084,946
 4215,753
 4093,408
 4235,459
 4149,686
 4160,155
 4079,174
 4133,885
 4117,262
 4128,128
 4093,955
 4146,182
 4142,992
 4102,241
 4087,664
 4109,300
 4139,334
 4081,197
 4087,422
 4102,815
 4094,375
 4052,722
 4078,949
 4052,597
 4065,305
 4040,468
 4052,716
 4014,989
 4017,002
 4063,802
 4077,449
 4125,472
 4006,998
 4035,734
 4034,698
 4052,297
 4003,579
 4041,471
 3993,964
 4033,585
 3974,745
 4000,621
 3937,452
 4010,623
 3991,420
 3972,521
 3954,124
 4007,633
 4043,158
 3941,918
 3983,778
 3959,168
 3937,153
 3975,998
 3975,914
 3948,186
 3939,541
 3920,245
 4016,139
 3950,815
 3907,919
 3911,545
 3936,953
 3885,073
 3923,077
 3877,797
 3937,880
 3875,074
 3931,568
 3887,652
 3882,886
 3941,949
 3836,752
 3863,151
 3868,737
 3867,509
 3879,117
 3928,929
 3891,043
 3922,293
 3855,336
 3766,329
 3822,458
 3901,519
 3884,075
 3852,164
 3881,522
 3827,343
 3837,582
 3767,222
 3877,187
 3820,339
 3815,634
 3832,765
 3833,115
 3795,407
 3785,737
 3825,008
 3796,119
 3793,092
 3841,377
 3805,224
 3855,531
 3818,630
 3836,173
 3769,414
 3822,425
 3846,014
 3812,187




























































































































































































































































































































































































































































































































































































































































































































































































































































































































































































































































































































































































































































































































































































































































































































































































































































































































































































































































































































































































































































































































































































































































































































































































































































































































































































































































































































































































































































































































































































































































































































































































































































































































































































































































































































































































































































































































































































































































































































































































































































































































































































































































































































































































































































































































































































































































































































































































































































































































































































































































































































































































































































































































































































































































































































































































































































































































































































































































































































































































































































































































































































































































































































































































































































































































































































































































































































































































































































































































































































































































































































































































































































































































































































































































































































































































































































































































































































































































































































































































































































































































































































































































































































































































































































































































































































































































































































































































































































































































































































































































































































































































































































































































































































































































































































































































































































































































































































































































































































































































































































































































































































































































































































































































































































































































































































































































































































































































































































































































































































































































































































































































































































































































































































































































































































































































































































































































































































































































































































































































































































































































































































































































































































































































































































































































































































































































































































































































































































































































































































































































































































































































































































































































































































































































































































































































































































































































































































































































































































































































































































































































































































































































































































































































































































































































































































































































































































































































































































































































































































































































































































































































































































































































































































































































































































































































































































































































































































































































































































































































































































































































































































































































































































































































































































































































































































































































































































































































































































































































































































































































































































































































































































































































































































































































































































































































































































































































































































































































































































































































































































































































































































































































































































































































































































































































































































































































































































































































































































































































































































































































































































































































































































































































































































































































































































































































































































































































































































































































































































































































































































































































































































































































































































































































































































































































































































































































































































































































































































































































































































































































































































































































































































































































































































































































































































































































































































































































































































































































































































































































































































































































































































































































































































































































































































































































































































































































































































































































































































































































































































































































































































































































































































































































































































































































































































































































































































































































































































































































































































































































































































































































































































































































































































































































































































































































































































































































































































































































































































































































































































































































































































































































































































































































































































































































































































































































































































































































































































































































































































































































































































































































































































































































































































































































































































































































































































































































































































































































































































































































































































































































































































































































































































































































































































































































































































































































































































































































































































































































































































































































































































































































































































































































































































































































































































































































































































































































































































































































































































































































































































































































































































































































































































































































































































































































































































































































































































































































































































































































































































































































































































































































































































































































































































































































