 552,555
 555,442
 571,244
 592,418
 584,266
 587,241
 558,736
 564,892
 583,174
 562,960
 572,143
 573,281
 568,604
 594,574
 568,816
 544,417
 587,872
 599,783
 566,407
 623,243
 608,771
 565,922
 541,000
 579,158
 535,697
 561,968
 580,445
 541,640
 575,428
 566,140
 600,661
 572,253
 530,586
 557,121
 546,125
 574,739
 567,645
 561,557
 553,487
 601,692
 550,447
 577,045
 599,604
 584,408
 553,932
 567,215
 583,865
 573,814
 599,189
 592,764
 609,845
 522,907
 560,702
 595,121
 585,140
 575,985
 559,045
 602,858
 584,327
 543,271
 576,111
 547,120
 575,388
 574,793
 530,226
 578,441
 549,315
 517,189
 607,878
 570,663
 544,867
 556,854
 570,999
 607,432
 598,360
 567,351
 573,008
 588,248
 581,706
 564,606
 589,054
 553,275
 573,392
 580,464
 578,874
 569,031
 573,301
 530,353
 559,590
 572,382
 564,369
 597,395
 569,881
 568,469
 557,873
 573,425
 600,926
 564,448
 546,560
 595,664
 576,240
 559,378
 547,189
 549,698
 584,145
 545,794
 594,788
 546,020
 556,815
 558,915
 565,484
 559,476
 618,806
 557,832
 591,580
 563,814
 580,320
 551,495
 541,023
 545,435
 601,689
 530,795
 546,292
 571,479
 587,223
 572,923
 547,593
 584,321
 550,696
 589,692
 529,786
 582,259
 544,245
 541,491
 565,473
 526,276
 549,850
 528,803
 555,101
 561,081
 581,709
 538,728
 551,579
 559,216
 579,797
 524,900
 555,455
 560,658
 567,774
 542,474
 544,595
 576,949
 537,246
 535,840
 522,588
 531,040
 513,103
 528,883
 544,314
 565,979
 549,160
 549,709
 536,116
 546,069
 569,323
 530,409
 562,473
 536,633
 543,498
 612,160
 562,362
 545,772
 523,525
 523,177
 560,621
 523,173
 531,176
 533,649
 529,102
 575,132
 555,788
 539,110
 522,424
 551,174
 556,702
 555,959
 523,982
 523,766
 569,390
 541,148
 545,689
 573,151
 519,259
 509,901
 523,565
 562,126
 571,670
 521,241
 543,848
 533,057
 544,516
 500,736
 546,346
 538,293
 525,111
 549,760
 559,333
 509,694
 555,715
 513,487
 511,037
 528,301
 515,105
 558,726
 539,497
 533,087
 548,635
 531,543
 513,637
 535,134
 536,448
 500,493
 527,063
 537,493
 514,452
 527,521
 548,564
 497,882
 498,183
 591,132
 502,159
 519,097
 480,719
 523,268
 512,237
 519,276
 527,288
 519,487
 533,853
 504,016
 528,368
 549,348
 480,303
 494,085
 502,408
 517,512
 493,507
 507,626
 501,671
 500,445
 477,964
 483,056
 496,973
 510,264
 489,739
 534,496
 503,207
 542,325
 523,455
 526,640
 487,633
 527,001
 490,337
 536,573
 499,704
 495,322
 522,434
 505,250
 513,101
 515,720
 493,706
 482,506
 503,605
 485,354
 514,040
 508,358
 491,101
 484,072
 489,583
 488,884
 482,863
 484,928
 497,544
 521,866
 469,628
 494,068
 509,565
 508,288
 511,094
 463,636
 454,181
 526,379
 510,334
 485,801
 500,609
 507,775
 523,395
 492,559
 484,592
 494,446
 521,086
 522,506
 492,466
 470,380
 492,189
 523,011
 495,253
 494,785
 467,475
 514,145
 483,654
 472,137
 467,394
 508,047
 484,616
 476,291
 488,946
 468,688
 504,129
 493,318
 499,383
 529,961
 471,708
 468,358
 460,052
 486,735
 495,091
 488,466
 488,056
 511,183
 515,733
 501,525
 468,469
 470,920
 492,061
 458,859
 466,511
 479,345
 468,598
 465,799
 483,218
 517,085
 472,729
 472,717
 488,213
 494,864
 451,715
 458,761
 477,813
 495,275
 460,911
 470,859
 481,728
 488,098
 493,521
 468,932
 486,880
 472,444
 434,060
 487,137
 468,860
 468,262
 450,785
 485,372
 470,642
 485,748
 492,987
 456,289
 462,950
 447,373
 466,840
 481,448
 471,490
 453,833
 447,078
 471,244
 470,135
 471,014
 476,015
 494,061
 471,060
 432,602
 509,757
 460,565
 481,147
 484,587
 476,821
 441,838
 492,766
 473,812
 459,081
 491,062
 442,164
 506,408
 467,580
 441,682
 478,285
 490,406
 462,421
 450,492
 485,841
 442,928
 472,649
 472,138
 507,589
 473,658
 483,515
 477,866
 471,322
 467,307
 446,353
 493,800
 480,567
 469,809
 486,093
 444,274
 466,794
 456,628
 471,167
 464,920
 483,548
 480,060
 451,961
 493,942
 469,160
 476,244
 485,127
 438,867
 467,224
 478,954
 474,126
 454,616
 478,412
 465,379
 445,768
 474,436
 495,002
 499,943
 467,985
 442,261
 437,213
 482,533
 447,755
 483,762
 469,610
 430,137
 483,359
 470,653
 488,461
 458,190
 472,533
 459,777
 480,868
 476,674
 446,535
 460,403
 469,856
 460,157
 472,276
 463,661
 425,236
 454,105
 439,074
 414,687
 452,696
 456,549
 470,770
 479,138
 497,198
 465,521
 463,929
 481,695
 478,575
 442,325
 481,955
 470,150
 452,773
 420,031
 465,617
 447,174
 480,619
 447,936
 461,497
 487,245
 458,719
 477,278
 487,977
 481,570
 438,432
 471,119
 474,476
 477,724
 476,644
 446,173
 466,873
 482,720
 452,774
 465,753
 470,014
 472,011
 468,320
 484,385
 465,715
 489,749
 462,397
 476,414
 482,364
 478,340
 474,643
 453,420
 481,217
 457,710
 456,584
 466,088
 437,363
 454,430
 473,845
 465,677
 467,115
 449,674
 502,332
 476,133
 464,415
 452,851
 472,688
 455,456
 498,038
 478,538
 456,465
 481,517
 454,346
 434,061
 489,120
 447,156
 454,379
 495,648
 463,776
 481,469
 461,826
 463,105
 446,505
 467,706
 484,874
 507,854
 468,891
 435,466
 490,167
 464,992
 454,368
 475,478
 473,898
 487,207
 477,562
 498,618
 510,604
 474,011
 473,105
 458,279
 433,356
 478,682
 467,241
 473,315
 475,592
 487,566
 471,089
 470,693
 463,835
 471,612
 452,113
 463,902
 475,326
 447,145
 475,219
 492,888
 458,787
 445,359
 479,240
 471,083
 474,039
 491,094
 494,749
 509,899
 456,452
 470,781
 439,434
 472,508
 480,060
 467,961
 484,506
 479,595
 435,028
 473,745
 450,863
 487,927
 473,159
 498,242
 480,667
 449,137
 458,995
 473,217
 454,631
 481,667
 515,806
 463,388
 476,585
 471,601
 479,678
 436,160
 499,646
 449,144
 481,452
 467,034
 468,091
 470,851
 488,204
 492,257
 474,986
 436,622
 469,644
 455,565
 475,256
 469,346
 462,231
 454,227
 448,314
 441,373
 474,225
 448,828
 470,170
 495,694
 445,599
 469,467
 475,982
 483,468
 466,762
 466,614
 463,514
 482,047
 466,638
 490,632
 461,483
 486,649
 467,482
 483,309
 456,189
 462,019
 433,197
 512,702
 488,008
 504,958
 436,183
 439,678
 488,619
 480,972
 482,349
 489,622
 476,096
 486,149
 463,318
 479,904
 487,431
 500,705
 462,737
 461,932
 476,550
 499,449
 477,109
 481,881
 490,801
 461,934
 492,743
 450,068
 451,672
 468,091
 465,867
 482,464
 487,227
 461,818
 478,570
 472,493
 461,851
 474,125
 494,831
 459,333
 479,903
 442,546
 482,791
 442,087
 466,127
 495,974
 469,533
 487,739
 462,164
 477,456
 465,815
 473,599
 478,731
 481,867
 471,083
 486,063
 445,475
 476,422
 423,876
 486,260
 445,703
 474,408
 483,122
 472,500
 485,990
 453,748
 460,516
 471,367
 461,555
 495,770
 480,646
 463,530
 465,383
 460,501
 472,075
 500,087
 465,236
 507,060
 510,748
 490,123
 476,464
 491,519
 466,434
 468,790
 467,096
 485,699
 475,597
 494,110
 485,449
 484,233
 489,581
 457,839
 457,985
 508,946
 472,607
 471,943
 488,953
 494,334
 479,129
 493,771
 490,621
 506,478
 494,027
 501,809
 462,570
 528,686
 478,716
 478,762
 470,113
 472,314
 499,574
 464,723
 484,312
 488,337
 483,159
 415,168
 511,390
 466,860
 469,828
 492,407
 495,824
 459,650
 483,104
 431,175
 494,502
 460,255
 477,609
 508,953
 470,971
 470,196
 459,615
 477,915
 502,230
 502,828
 493,287
 507,413
 483,306
 503,591
 485,740
 496,437
 488,179
 496,094
 503,869
 501,868
 505,146
 521,770
 530,945
 484,349
 493,152
 491,637
 479,761
 485,695
 493,605
 489,620
 467,204
 500,779
 496,437
 505,714
 487,526
 481,572
 461,697
 468,294
 490,954
 523,012
 489,701
 475,108
 498,638
 498,279
 496,611
 496,607
 493,086
 466,064
 461,247
 472,421
 480,191
 480,544
 512,152
 503,743
 512,054
 501,504
 495,170
 484,641
 476,888
 488,454
 449,881
 459,461
 487,893
 494,862
 512,594
 513,455
 507,148
 482,219
 501,417
 489,998
 488,115
 463,512
 496,542
 514,851
 485,199
 523,145
 501,216
 498,419
 510,202
 503,547
 469,952
 485,777
 468,280
 500,110
 508,495
 492,029
 514,261
 501,509
 520,283
 496,813
 521,629
 503,228
 487,304
 513,261
 483,237
 497,609
 488,438
 491,635
 517,138
 460,865
 519,286
 531,988
 536,410
 499,110
 483,939
 497,783
 501,958
 508,502
 497,478
 516,831
 467,997
 513,668
 498,212
 486,972
 508,845
 483,374
 494,823
 513,884
 530,246
 532,916
 500,781
 498,946
 439,237
 518,705
 504,461
 456,253
 517,895
 507,303
 491,073
 497,418
 475,958
 523,659
 509,294
 515,672
 512,066
 510,193
 510,071
 508,234
 501,214
 487,014
 495,672
 516,659
 529,787
 523,969
 508,912
 482,806
 544,308
 492,745
 511,053
 509,880
 529,903
 503,418
 513,739
 529,795
 530,358
 492,510
 475,940
 516,850
 488,116
 548,108
 534,868
 496,664
 495,094
 480,850
 484,268
 514,967
 522,238
 521,135
 515,102
 508,446
 519,263
 530,408
 537,212
 543,039
 486,375
 554,095
 509,745
 520,746
 488,579
 490,613
 463,139
 477,178
 500,535
 525,999
 524,183
 523,721
 530,762
 505,033
 517,911
 534,448
 516,037
 507,497
 529,544
 518,389
 521,963
 505,098
 494,032
 523,007
 544,756
 519,257
 523,070
 521,057
 509,921
 497,375
 538,938
 517,373
 523,567
 543,417
 523,182
 525,896
 505,486
 525,586
 551,128
 539,966
 523,667
 522,220
 488,066
 491,556
 487,462
 520,406
 545,850
 503,282
 494,614
 515,983
 531,764
 519,669
 522,576
 503,795
 503,875
 511,450
 511,073
 522,399
 465,251
 538,276
 509,501
 535,001
 537,367
 523,857
 515,414
 540,803
 551,070
 538,909
 527,512
 516,156
 531,682
 548,003
 500,517
 541,872
 546,075
 534,854
 549,958
 557,639
 548,600
 507,737
 518,892
 539,253
 568,196
 539,044
 517,939
 541,582
 513,568
 512,770
 535,252
 544,847
 530,776
 522,001
 553,261
 529,518
 539,146
 525,899
 545,105
 563,755
 541,792
 534,701
 541,155
 508,200
 535,233
 550,487
 561,304
 547,326
 523,197
 520,837
 526,709
 524,146
 523,952
 509,943
 533,403
 543,392
 503,143
 524,436
 531,464
 551,958
 525,404
 553,985
 503,665
 514,103
 549,750
 531,662
 513,124
 519,014
 516,418
 556,202
 554,758
 542,523
 540,611
 497,278
 573,627
 501,524
 573,430
 517,788
 537,142
 546,009
 549,539
 542,153
 536,484
 556,031
 523,318
 529,843
 567,315
 516,340
 507,176
 521,497
 516,516
 557,974
 556,035
 532,515
 520,992
 542,952
 554,976
 541,222
 522,734
 548,997
 513,298
 560,958
 530,812
 575,221
 526,732
 491,745
 545,531
 531,796
 549,100
 542,912
 554,322
 569,537
 532,994
 545,871
 552,456
 531,818
 544,502
 556,130
 491,339
 547,756
 563,181
 531,508
 544,273
 548,227
 563,146
 545,864
 527,785
 541,391
 523,566
 534,816
 529,991
 549,586
 549,936
 520,440
 535,984
 537,889
 549,033
 549,454
 533,906
 551,984
 526,063
 522,815
 553,563
 570,582
 481,574
 560,704
 537,779
 524,928
 561,280
 518,680
 514,715
 561,560
 565,461
 551,364
 527,254
 530,300
 536,888
 567,260
 553,216
 530,820
 558,122
 505,556
 549,270
 558,462
 531,158
 537,138
 548,492
 541,294
 563,435
 545,263
 589,215
 572,986
 572,680
 540,613
 556,141
 561,455
 553,528
 557,649
 549,676
 558,148
 565,787
 579,745
 568,802
 538,294
 578,596
 552,161
 551,321
 564,759
 514,895
 583,358
 530,591
 572,152
 601,365
 579,526
 534,633
 553,404
 587,703
 564,611
 559,820
 543,989
 569,808
 554,390
 562,017
 556,401
 533,280
 617,581
 552,798
 519,268
 570,827
 541,343
 548,727
 574,207
 551,639
 561,250
 557,268
 569,397
 563,384
 574,463
 586,524
 594,865
 558,958
 577,441
 600,566
 571,663
 561,173
 571,394
 560,552
 583,194
 582,312
 564,144
 579,212
 589,501
 564,993
 578,359
 580,360
 545,563
 556,954
 564,465
 597,086
 566,787
 569,471
 564,845
 570,081
 598,913
 562,403
 593,752
 539,319
 567,990
 526,589
 576,005
 517,136
 559,472
 581,717
 533,618
 596,738
 552,979
 561,925
 574,854
 561,007
 586,484
 582,361
 584,092
 579,605
 560,975
 550,937
 580,132
 563,570
 531,696
 562,498
 560,529
 596,604
 583,904
 567,997
 572,574
 583,868
 559,997
 566,590
 560,433
 563,450
 586,764
 600,814
 576,517
 589,795
 564,606
 576,495
 525,095
 597,559
 564,781
 601,875
 560,293
 556,474
 573,513
 607,687
 610,185
 556,691
 573,741
 544,443
 578,269
 590,677
 589,832
 580,293
 580,568
 552,747
 552,497
 569,600
 607,006
 593,020
 592,049
 594,927
 572,001
 572,020
 563,392
 592,542
 565,665
 575,875
 613,358
 604,949
 573,959
 566,502
 593,688
 574,174
 564,912
 574,737
 568,664
 565,095
 605,748
 551,503
 601,572
 609,419
 605,754
 583,332
 594,857
 605,119
 617,975
 591,918
 552,632
 591,674
 599,008
 615,745
 590,271
 620,985
 617,383
 569,905
 585,614
 552,467
 591,250
 591,368
 568,593
 583,113
 574,582
 600,265
 614,842
 616,341
 591,689
 579,222
 571,779
 573,442
 565,080
 594,203
 565,560
 613,206
 626,489
 621,570
 616,670
 596,697
 609,608
 582,124
 575,249
 631,642
 576,583
 576,791
 583,604
 609,104
 584,956
 600,607
 619,478
 571,800
 569,421
 594,624
 622,476
 593,837
 598,975
 610,864
 596,323
 577,657
 581,339
 599,724
 563,682
 601,565
 600,939
 581,926
 602,445
 615,456
 640,977
 616,808
 622,065
 618,751
 614,421
 612,187
 642,505
 572,215
 594,828
 617,585
 590,738
 563,038
 590,681
 607,682
 563,482
 618,086
 621,611
 592,436
 548,039
 601,623
 587,858
 591,747
 635,220
 604,377
 600,894
 616,734
 594,928
 622,080
 596,030
 639,514
 614,826
 612,376
 631,023
 611,439
 601,685
 579,037
 570,939
 594,009
 625,631
 599,619
 614,179
 627,490
 587,413
 612,273
 592,158
 608,503
 641,579
 604,115
 635,563
 624,659
 631,497
 600,069
 601,703
 573,961
 604,573
 614,618
 582,976
 607,298
 640,314
 586,163
 613,608
 625,585
 600,262
 618,912
 609,424
 611,962
 626,827
 616,575
 606,767
 653,351
 617,200
 618,250
 591,837
 607,544
 622,118
 629,345
 611,692
 618,130
 632,324
 624,399
 623,784
 586,644
 642,724
 605,370
 618,263
 634,094
 643,460
 648,361
 611,314
 616,698
 636,816
 621,450
 602,152
 620,165
 590,637
 647,382
 622,208
 609,097
 607,133
 628,173
 618,710
 666,016
 597,469
 627,766
 609,527
 658,139
 593,091
 633,331
 605,033
 631,453
 637,828
 631,209
 606,670
 600,466
 605,841
 591,335
 630,578
 615,266
 652,422
 626,816
 621,832
 613,958
 605,539
 631,469
 633,079
 643,715
 653,746
 593,565
 662,762
 650,605
 596,677
 642,700
 651,224
 626,967
 642,977
 651,485
 624,238
 626,289
 649,336
 641,357
 642,933
 642,323
 651,622
 651,328
 659,819
 630,207
 628,738
 650,578
 623,766
 614,171
 601,066
 640,482
 637,964
 626,298
 618,105
 663,817
 607,605
 629,879
 680,316
 658,782
 661,549
 657,415
 627,257
 631,169
 672,784
 654,328
 638,991
 640,901
 620,653
 614,570
 608,464
 625,304
 620,194
 598,442
 641,804
 618,704
 609,120
 649,865
 634,526
 632,656
 645,055
 627,686
 643,662
 669,514
 613,784
 623,121
 625,722
 638,082
 657,838
 651,479
 638,022
 615,774
 655,851
 633,158
 627,167
 624,878
 611,353
 665,180
 634,901
 662,260
 650,895
 650,783
 621,509
 641,574
 676,586
 650,283
 639,955
 645,017
 674,970
 638,649
 642,664
 682,982
 669,380
 636,597
 658,096
 664,343
 676,419
 679,872
 667,449
 662,982
 661,710
 605,591
 656,477
 664,463
 669,276
 660,770
 657,422
 673,261
 633,797
 695,605
 656,113
 657,060
 641,460
 655,770
 644,999
 685,915
 651,490
 652,059
 671,146
 676,372
 666,209
 676,858
 680,743
 696,976
 684,321
 644,440
 700,966
 671,258
 697,329
 675,521
 655,901
 680,808
 665,968
 680,912
 671,380
 668,083
 662,508
 681,429
 693,600
 641,064
 671,230
 660,917
 663,551
 686,931
 657,349
 702,917
 690,509
 669,235
 643,798
 702,274
 647,572
 665,108
 680,323
 674,117
 687,832
 691,712
 653,145
 687,111
 691,936
 665,298
 688,432
 690,548
 687,891
 692,778
 687,045
 687,073
 674,559
 695,762
 675,736
 722,623
 672,606
 711,813
 691,906
 690,932
 704,564
 667,518
 721,959
 702,012
 696,291
 684,331
 709,193
 682,864
 681,124
 697,520
 714,890
 689,186
 708,802
 627,420
 700,042
 702,509
 713,125
 731,767
 719,539
 691,711
 682,660
 723,020
 718,210
 720,400
 691,658
 710,448
 713,959
 681,663
 680,375
 678,614
 719,257
 699,127
 724,562
 709,934
 721,494
 726,080
 731,952
 740,305
 732,960
 679,605
 733,438
 746,081
 725,086
 694,256
 744,777
 750,241
 721,735
 684,608
 714,990
 723,101
 727,955
 768,121
 732,044
 756,499
 719,673
 747,032
 732,507
 724,497
 744,637
 724,075
 731,887
 748,315
 727,267
 762,596
 730,265
 709,043
 755,707
 768,576
 722,566
 733,079
 752,934
 740,486
 757,983
 719,634
 741,842
 751,084
 787,395
 781,774
 783,835
 748,593
 775,927
 774,714
 769,981
 734,836
 789,977
 718,897
 744,164
 755,976
 765,022
 774,380
 772,809
 762,823
 769,755
 786,026
 760,044
 738,143
 762,748
 728,941
 761,031
 745,516
 777,862
 779,353
 803,169
 752,773
 782,747
 763,403
 765,749
 772,810
 811,703
 803,447
 784,128
 773,783
 778,789
 741,302
 795,441
 776,305
 799,186
 801,718
 854,048
 790,378
 778,539
 812,131
 825,218
 828,428
 808,974
 794,881
 809,550
 807,184
 802,371
 781,087
 809,647
 783,010
 797,697
 812,697
 821,755
 803,132
 790,735
 792,742
 827,170
 813,582
 823,039
 826,328
 832,881
 811,620
 812,788
 816,174
 805,201
 788,127
 853,568
 860,710
 811,101
 859,306
 827,583
 847,452
 807,377
 813,996
 812,156
 828,726
 807,916
 816,863
 825,422
 845,848
 811,918
 845,278
 834,806
 818,235
 855,073
 843,300
 845,134
 879,346
 856,525
 803,759
 890,600
 863,914
 833,106
 837,307
 830,442
 848,593
 811,381
 821,106
 851,265
 857,359
 866,793
 874,875
 859,337
 888,435
 850,562
 877,173
 854,510
 858,532
 849,808
 883,828
 832,485
 871,227
 867,328
 863,677
 887,826
 872,010
 890,201
 902,092
 869,360
 911,953
 853,944
 874,561
 918,314
 895,420
 863,584
 907,794
 870,342
 895,483
 875,817
 909,936
 887,096
 876,025
 888,312
 859,157
 876,929
 905,210
 903,857
 909,497
 877,688
 906,208
 878,007
 882,687
 925,498
 893,801
 876,445
 880,568
 912,591
 884,821
 897,352
 895,580
 920,130
 910,863
 893,832
 890,746
 897,413
 913,539
 943,862
 910,098
 901,969
 954,218
 942,521
 937,803
 901,509
 941,863
 935,842
 906,629
 908,964
 933,382
 885,064
 920,379
 924,239
 965,928
 905,886
 989,098
 890,192
 896,596
 924,852
 948,272
 973,605
 939,225
 931,922
 944,245
 910,420
 960,493
 891,442
 970,038
 999,640
 937,552
 934,933
 878,618
 950,449
 924,910
 927,712
 931,713
 973,611
 941,052
 983,249
 940,594
 959,952
 958,659
 943,822
 962,252
 933,917
 963,059
 929,647
 932,101
 973,934
 925,333
 926,100
 950,894
 950,228
 983,377
 961,469
 935,404
 949,768
 979,844
 944,421
 881,456
 957,095
 954,178
 982,022
 936,027
 997,795
 994,940
 964,827
 951,582
 944,205
 986,583
 947,927
 959,902
 968,627
 974,060
 933,174
 967,083
 955,213
 977,868
 1011,467
 996,049
 936,402
 979,054
 997,251
 972,279
 950,169
 959,852
 1007,389
 1001,906
 993,588
 921,717
 1002,301
 969,361
 1006,425
 1029,660
 995,420
 964,709
 966,976
 961,008
 962,613
 994,829
 1024,144
 983,227
 1026,626
 960,458
 1006,196
 971,062
 996,312
 981,772
 992,856
 1021,020
 1002,062
 1014,334
 965,366
 1051,079
 1000,145
 982,949
 1015,368
 1001,778
 999,350
 1004,886
 1004,636
 1018,602
 998,883
 1054,904
 1014,286
 1006,726
 1013,976
 1008,624
 1050,583
 1054,542
 1029,488
 1075,238
 1058,089
 1029,914
 1057,819
 1031,940
 1025,660
 1051,021
 1028,470
 1031,789
 1056,375
 1029,296
 1048,290
 1068,269
 1061,985
 1054,843
 1033,568
 1030,391
 1076,974
 1064,584
 1080,084
 1081,431
 1060,496
 1033,493
 1092,357
 1043,176
 1079,310
 1076,887
 1055,141
 1068,530
 1073,916
 1072,126
 1051,287
 1051,372
 1121,079
 1026,070
 1123,984
 1088,387
 1063,480
 1132,087
 1110,212
 1082,306
 1104,243
 1094,424
 1113,950
 1082,679
 1129,850
 1071,606
 1130,523
 1119,788
 1114,560
 1118,807
 1102,537
 1125,950
 1150,505
 1143,137
 1104,689
 1143,775
 1175,310
 1163,438
 1166,132
 1155,831
 1177,229
 1141,980
 1140,679
 1194,560
 1166,083
 1208,637
 1198,515
 1203,236
 1217,090
 1249,957
 1181,992
 1207,345
 1222,150
 1207,120
 1198,576
 1231,280
 1151,693
 1229,310
 1256,664
 1178,622
 1213,935
 1226,668
 1253,096
 1279,060
 1239,571
 1223,730
 1284,308
 1229,762
 1260,179
 1256,067
 1293,859
 1279,451
 1290,623
 1277,471
 1318,510
 1312,750
 1265,183
 1311,691
 1354,793
 1306,445
 1282,278
 1363,553
 1318,660
 1360,468
 1300,090
 1350,172
 1347,637
 1354,527
 1355,151
 1318,488
 1345,032
 1365,720
 1403,565
 1380,350
 1327,390
 1374,403
 1369,653
 1398,177
 1354,914
 1382,691
 1418,254
 1397,174
 1463,302
 1447,421
 1442,038
 1470,023
 1493,020
 1457,654
 1439,559
 1505,382
 1474,725
 1510,683
 1494,484
 1501,440
 1470,848
 1503,960
 1506,600
 1545,853
 1547,160
 1502,961
 1559,875
 1563,278
 1546,876
 1511,971
 1571,170
 1537,252
 1578,737
 1609,961
 1586,392
 1584,311
 1574,861
 1563,284
 1618,219
 1640,208
 1618,980
 1639,253
 1643,547
 1634,456
 1609,907
 1657,361
 1657,520
 1699,501
 1641,820
 1711,556
 1700,418
 1766,221
 1702,247
 1681,155
 1742,557
 1733,972
 1776,039
 1744,172
 1754,931
 1736,809
 1788,053
 1777,055
 1798,759
 1835,655
 1810,732
 1764,675
 1776,917
 1846,961
 1801,466
 1845,045
 1889,260
 1855,006
 1895,653
 1841,163
 1898,167
 1915,085
 1859,775
 1876,245
 1929,234
 1933,676
 1900,741
 1966,889
 1971,906
 1972,833
 1993,581
 2028,155
 2048,876
 1998,758
 2041,707
 2068,010
 2040,531
 2027,720
 2068,302
 2037,336
 2079,341
 2068,485
 2066,808
 2089,462
 2120,715
 2115,101
 2183,460
 2128,561
 2117,256
 2216,833
 2197,987
 2148,424
 2219,535
 2176,333
 2199,309
 2159,996
 2242,140
 2264,658
 2281,007
 2307,657
 2290,065
 2337,807
 2293,697
 2296,210
 2288,928
 2304,148
 2354,191
 2345,145
 2378,203
 2364,788
 2401,070
 2410,037
 2365,246
 2430,347
 2452,371
 2475,653
 2440,639
 2445,335
 2461,627
 2504,816
 2474,856
 2475,063
 2486,922
 2500,845
 2508,610
 2568,855
 2503,867
 2536,068
 2549,862
 2558,899
 2577,748
 2559,176
 2637,594
 2646,618
 2662,737
 2713,831
 2654,747
 2695,371
 2678,510
 2737,123
 2740,088
 2727,041
 2676,081
 2705,552
 2772,198
 2729,615
 2793,502
 2817,562
 2794,380
 2829,901
 2774,487
 2847,270
 2852,468
 2855,487
 2895,270
 2847,823
 2923,004
 2862,241
 2923,398
 2948,216
 2878,167
 2975,187
 2969,111
 2981,817
 2982,672
 2985,523
 3020,860
 3044,358
 3054,924
 3006,275
 3051,714
 3063,979
 3100,514
 3139,871
 3097,378
 3146,190
 3074,018
 3134,020
 3176,351
 3119,740
 3125,096
 3222,522
 3173,800
 3161,668
 3224,283
 3203,035
 3252,878
 3267,358
 3246,500
 3235,236
 3318,702
 3334,475
 3233,101
 3314,527
 3386,601
 3380,650
 3365,505
 3367,416
 3373,875
 3376,386
 3351,330
 3346,618
 3376,190
 3440,218
 3418,247
 3493,513
 3481,191
 3481,834
 3426,983
 3514,979
 3518,829
 3536,079
 3592,669
 3637,618
 3534,308
 3551,765
 3610,416
 3560,650
 3533,265
 3610,536
 3669,121
 3599,072
 3661,824
 3704,885
 3666,839
 3685,736
 3671,008
 3694,144
 3723,569
 3725,133
 3743,877
 3756,700
 3775,245
 3733,661
 3846,502
 3801,270
 3797,563
 3773,637
 3814,220
 3865,223
 3795,499
 3821,170
 3863,181
 3952,016
 3881,597
 3944,647
 3808,466
 3886,904
 3923,842
 3893,753
 3884,460
 4002,380
 3949,964
 3837,822
 4011,729
 4012,698
 3994,385
 3993,497
 3995,422
 4041,288
 4080,864
 4050,193
 4120,651
 4090,941
 4103,364
 4100,721
 4120,270
 4154,715
 4122,074
 4135,761
 4089,465
 4165,326
 4161,000
 4172,012
 4126,031
 4185,832
 4094,441
 4137,237
 4180,524
 4181,896
 4260,211
 4193,423
 4221,812
 4250,113
 4255,211
 4329,810
 4272,341
 4276,399
 4257,493
 4357,913
 4225,060
 4337,610
 4348,046
 4380,104
 4374,051
 4376,247
 4378,245
 4416,269
 4376,148
 4413,268
 4412,158
 4448,285
 4470,692
 4382,109
 4422,242
 4465,395
 4481,085
 4502,179
 4432,721
 4555,245
 4588,976
 4490,607
 4601,262
 4624,012
 4502,147
 4569,136
 4614,172
 4681,411
 4548,248
 4520,078
 4592,036
 4627,067
 4600,076
 4624,469
 4604,901
 4641,573
 4585,129
 4650,072
 4687,667
 4728,193
 4714,687
 4654,583
 4688,467
 4674,681
 4739,951
 4821,171
 4839,420
 4772,701
 4750,489
 4745,239
 4683,782
 4788,125
 4753,273
 4764,080
 4747,364
 4737,916
 4864,252
 4862,652
 4809,617
 4778,509
 4813,884
 4783,151
 4838,662
 4906,197
 4879,531
 4852,871
 4781,242
 4948,930
 4824,475
 4833,263
 4923,910
 4908,548
 4830,002
 4924,837
 4860,388
 4982,259
 4913,788
 4844,849
 4881,834
 4957,362
 4941,405
 4980,223
 4903,626
 4935,107
 4991,222
 4955,940
 4941,718
 4978,830
 4970,150
 5035,539
 4913,486
 5047,370
 5020,469
 4980,305
 4991,430
 4981,118
 5014,461
 5023,306
 5032,573
 5132,420
 5037,155
 5026,836
 5012,628
 5010,129
 5039,406
 5039,792
 5074,455
 5041,117
 5093,290
 5096,202
 5017,259
 5089,747
 5109,660
 5111,323
 5072,605
 5107,147
 5122,581
 5141,673
 5095,851
 5080,095
 5123,028
 5102,930
 5131,780
 5187,764
 5134,119
 5095,129
 5143,481
 5138,571
 5181,127
 5139,357
 5146,306
 5120,192
 5203,226
 5212,878
 5131,902
 5260,755
 5142,189
 5190,281
 5125,831
 5153,371
 5158,461
 5241,809
 5237,495
 5245,873
 5291,826
 5180,871
 5238,854
 5294,798
 5168,856
 5245,894
 5257,721
 5199,768
 5303,990
 5235,354
 5223,464
 5262,236
 5178,527
 5194,366
 5241,735
 5191,839
 5256,380
 5175,489
 5272,162
 5179,864
 5245,923
 5217,016
 5283,765
 5253,279
 5231,315
 5296,604
 5234,029
 5255,221
 5277,324
 5247,769
 5284,650
 5346,698
 5240,743
 5322,451
 5269,295
 5279,357
 5337,876
 5337,752
 5303,571
 5286,556
 5297,559
 5391,104
 5356,405
 5313,759
 5439,532
 5302,970
 5322,500
 5407,929
 5382,333
 5364,651
 5381,667
 5461,664
 5343,204
 5407,510
 5358,865
 5345,793
 5345,977
 5353,761
 5436,225
 5362,925
 5405,277
 5424,681
 5460,658
 5386,663
 5484,343
 5422,789
 5390,915
 5420,679
 5459,867
 5396,168
 5465,449
 5449,468
 5475,465
 5494,309
 5477,941
 5537,200
 5438,789
 5466,259
 5471,448
 5489,183
 5465,480
 5468,655
 5444,875
 5530,298
 5453,434
 5486,512
 5455,148
 5534,009
 5452,743
 5559,436
 5477,156
 5508,997
 5507,349
 5549,864
 5499,415
 5600,464
 5551,164
 5485,648
 5551,950
 5527,729
 5580,637
 5546,140
 5623,077
 5591,077
 5492,477
 5614,762
 5593,454
 5551,395
 5581,767
 5599,536
 5587,306
 5585,805
 5573,738
 5636,123
 5595,875
 5594,983
 5653,843
 5609,376
 5725,570
 5662,682
 5537,318
 5601,114
 5603,779
 5620,761
 5658,108
 5636,166
 5551,322
 5636,384
 5583,486
 5700,690
 5543,422
 5699,338
 5667,032
 5630,471
 5662,658
 5730,898
 5758,423
 5683,370
 5722,329
 5802,689
 5703,709
 5721,684
 5777,839
 5775,180
 5703,554
 5777,980
 5772,892
 5738,018
 5702,285
 5696,841
 5700,757
 5847,900
 5673,066
 5672,475
 5786,322
 5734,619
 5765,184
 5786,201
 5764,438
 5732,687
 5725,735
 5770,729
 5781,508
 5838,849
 5825,437
 5859,493
 5878,466
 5811,072
 5845,811
 5785,940
 5810,402
 5818,902
 5825,634
 5778,284
 5739,683
 5902,674
 5829,392
 5832,352
 5847,914
 5899,082
 5778,192
 5847,464
 5782,752
 5911,480
 5881,262
 5850,626
 5726,773
 5867,570
 5847,301
 5849,340
 5906,571
 5890,382
 5794,721
 5827,479
 5898,678
 5847,794
 5873,119
 5847,042
 5839,599
 5885,515
 5903,708
 5866,941
 5869,958
 5917,749
 5874,384
 5912,219
 5859,891
 5905,952
 5887,812
 5820,866
 5762,823
 5939,465
 5913,499
 5882,781
 5900,883
 5862,325
 5968,730
 5903,668
 5842,628
 5959,832
 5916,918
 5868,386
 5941,699
 5944,149
 5885,351
 5946,938
 5864,976
 5907,734
 5936,746
 5908,537
 5855,137
 5909,597
 5954,402
 5958,780
 5887,736
 5940,071
 5987,786
 5944,800
 6048,752
 5853,719
 5952,363
 5892,985
 5944,340
 5984,994
 5948,312
 5951,470
 5903,217
 5989,773
 5939,556
 5927,018
 6000,550
 5954,800
 5930,263
 6001,584
 5955,218
 5938,720
 5947,563
 5924,458
 5958,194
 5986,601
 5952,637
 6001,653
 5929,371
 5953,447
 5934,340
 5911,839
 5958,088
 5976,064
 5925,058
 5923,623
 5958,512
 6018,661
 5970,228
 6018,178
 5910,987
 5984,811
 5939,913
 5955,844
 6029,629
 6002,380
 6010,157
 5945,245
 5837,565
 5954,457
 5963,929
 5898,468
 6053,679
 6004,107
 6030,020
 6000,496
 5922,697
 5913,628
 5983,405
 5957,214
 5933,614
 6030,471
 5941,840
 5910,220
 5904,487
 6020,926
 6003,771
 6006,217
 5979,395
 6006,263
 5966,294
 5986,464
 5992,050
 6013,793
 5980,689
 5958,319
 6004,243
 6049,953
 6010,622
 5996,347
 5972,024
 6022,616
 6051,881
 6066,645
 6005,862
 5987,008
 5980,925
 6019,465
 6015,600
 5959,771
 5993,109
 6067,204
 6005,300
 5944,988
 6041,849
 5965,945
 5981,038
 5951,362
 6074,340
 6042,307
 5927,035
 5969,272
 5955,739
 5941,684
 5965,414
 5974,445
 5975,548
 5961,433
 6116,806
 5886,292
 6024,592
 5931,457
 6040,840
 6042,175
 6022,314
 5930,502
 6029,062
 6027,615
 6110,648
 6024,220
 6016,328
 5877,044
 5989,176
 6001,362
 6005,600
 5928,166
 5960,502
 5987,149
 5976,468
 5949,020
 6004,807
 5964,893
 6011,142
 5961,291
 5893,740
 5934,244
 5977,139
 5942,416
 6022,021
 5885,421
 5963,413
 5950,369
 5978,941
 6033,942
 5991,190
 5909,189
 5868,336
 5938,289
 5971,191
 5869,721
 5864,497
 5893,380
 5909,158
 5867,769
 5918,175
 5945,020
 5966,744
 5847,227
 5910,589
 5927,318
 6010,467
 5931,911
 5978,980
 5844,918
 5868,526
 5879,708
 5960,289
 5895,399
 5917,554
 6030,598
 5882,730
 5948,172
 5889,263
 5959,176
 5964,273
 5965,896
 5854,843
 5969,500
 5918,322
 5850,212
 5896,910
 5884,596
 5818,487
 5968,949
 5923,911
 5893,492
 5904,562
 5856,283
 5874,819
 5878,050
 5930,939
 5915,839
 5934,832
 5936,223
 5964,429
 5900,271
 5946,545
 5905,259
 5863,435
 5902,300
 5912,355
 5893,079
 5892,077
 5856,071
 5880,370
 5857,759
 5863,474
 5790,019
 5844,875
 5884,837
 5911,976
 5967,563
 5921,526
 5856,085
 5843,262
 5821,589
 5797,251
 5933,636
 5830,594
 5831,799
 5860,252
 5863,027
 5865,582
 5795,382
 5797,582
 5789,865
 5800,577
 5855,740
 5796,600
 5813,815
 5896,314
 5915,112
 5869,191
 5754,634
 5853,862
 5827,044
 5847,395
 5854,258
 5866,361
 5878,071
 5883,378
 5843,249
 5838,170
 5728,433
 5797,791
 5832,087
 5793,340
 5747,216
 5788,354
 5727,448
 5797,450
 5788,722
 5747,420
 5711,136
 5809,922
 5785,677
 5729,727
 5776,574
 5818,259
 5771,544
 5753,519
 5768,294
 5795,316
 5779,269
 5783,044
 5817,191
 5798,255
 5813,384
 5835,853
 5738,127
 5810,386
 5703,788
 5751,974
 5716,749
 5720,410
 5675,316
 5707,347
 5691,171
 5675,452
 5833,926
 5725,349
 5719,261
 5714,655
 5706,353
 5764,096
 5744,751
 5656,579
 5775,222
 5718,807
 5719,954
 5704,260
 5629,646
 5668,781
 5700,217
 5604,453
 5576,219
 5652,245
 5766,394
 5695,575
 5665,113
 5693,770
 5657,021
 5689,727
 5657,753
 5707,134
 5701,707
 5723,222
 5632,839
 5583,552
 5654,102
 5651,874
 5675,474
 5649,764
 5604,231
 5695,946
 5636,445
 5637,890
 5649,135
 5691,061
 5730,468
 5671,325
 5609,467
 5523,347
 5577,288
 5676,080
 5554,309
 5621,565
 5606,077
 5703,731
 5690,963
 5608,133
 5583,737
 5579,324
 5618,156
 5596,403
 5564,972
 5599,203
 5526,921
 5601,928
 5711,940
 5627,338
 5609,691
 5573,725
 5559,431
 5587,662
 5572,779
 5582,553
 5641,693
 5612,972
 5579,766
 5592,064
 5545,553
 5536,755
 5555,329
 5493,976
 5487,529
 5552,544
 5619,973
 5517,960
 5611,414
 5520,593
 5583,466
 5471,592
 5555,720
 5551,853
 5563,777
 5518,200
 5476,829
 5499,651
 5473,810
 5517,236
 5519,071
 5512,753
 5461,316
 5475,184
 5548,832
 5521,498
 5479,546
 5404,707
 5491,011
 5472,648
 5457,668
 5405,550
 5544,431
 5405,808
 5463,590
 5444,479
 5465,787
 5520,237
 5456,052
 5403,754
 5373,029
 5409,132
 5447,725
 5413,166
 5425,364
 5411,091
 5317,828
 5419,872
 5345,117
 5392,632
 5413,335
 5372,006
 5381,999
 5319,734
 5382,704
 5352,959
 5416,896
 5388,961
 5356,496
 5296,482
 5344,976
 5368,339
 5375,042
 5372,615
 5424,958
 5304,936
 5303,677
 5326,499
 5402,730
 5350,147
 5416,625
 5370,604
 5381,028
 5286,783
 5292,937
 5297,694
 5297,342
 5288,970
 5247,153
 5286,432
 5339,754
 5306,916
 5252,525
 5210,203
 5248,119
 5233,711
 5241,764
 5272,964
 5342,820
 5289,696
 5300,087
 5302,548
 5244,333
 5210,795
 5234,572
 5253,960
 5244,361
 5165,708
 5294,635
 5243,251
 5299,108
 5242,687
 5218,666
 5248,422
 5288,185
 5241,563
 5224,538
 5233,172
 5206,546
 5302,878
 5235,605
 5233,191
 5279,003
 5172,417
 5108,445
 5146,092
 5164,885
 5224,435
 5223,908
 5170,294
 5157,820
 5129,244
 5153,711
 5185,344
 5181,142
 5217,189
 5212,118
 5149,978
 5104,049
 5139,422
 5142,668
 5073,158
 5079,139
 5172,148
 5169,193
 5135,074
 5095,125
 5132,277
 5173,238
 5102,559
 5136,406
 5135,570
 5165,662
 5111,573
 5074,497
 5078,079
 5048,803
 5164,106
 5054,986
 4975,149
 5031,496
 5069,675
 5043,322
 5082,296
 5102,035
 5155,946
 5026,017
 5115,089
 5019,401
 5046,430
 5116,773
 5063,018
 5070,677
 5033,276
 5018,530
 5028,894
 5022,730
 5064,481
 5018,183
 5070,410
 5015,172
 5007,445
 4957,265
 4990,291
 4957,277
 5048,825
 4980,411
 5018,469
 4992,670
 5032,601
 4957,534
 5007,935
 4998,092
 4932,709
 4903,936
 4931,259
 4965,562
 4963,056
 4947,011
 5017,051
 4912,902
 4973,948
 4956,705
 4902,332
 4895,274
 4923,851
 4898,416
 4915,952
 4928,534
 4891,623
 4862,663
 4903,958
 4918,215
 4913,709
 4898,160
 4888,742
 4925,528
 4848,533
 4901,777
 4783,231
 4901,320
 4876,112
 4852,060
 4870,490
 4922,684
 4810,178
 4872,302
 4889,324
 4876,362
 4870,559
 4877,777
 4904,349
 4774,667
 4796,247
 4847,140
 4873,836
 4813,894
 4788,636
 4771,889
 4780,943
 4830,760
 4757,947
 4869,184
 4881,187
 4789,005
 4821,756
 4881,435
 4752,703
 4824,333
 4815,193
 4742,271
 4712,354
 4826,509
 4781,962
 4763,657
 4705,337
 4715,539
 4704,730
 4810,493
 4728,442
 4748,115
 4714,235
 4758,428
 4736,511
 4719,922
 4671,771
 4708,245
 4793,735
 4664,115
 4694,494
 4688,383
 4759,525
 4690,582
 4675,017
 4577,877
 4628,295
 4714,843
 4621,820
 4637,217
 4708,724
 4702,528
 4638,589
 4740,033
 4608,150
 4620,973
 4643,694
 4662,505
 4603,888
 4622,304
 4598,098
 4666,399
 4592,888
 4641,454
 4628,145
 4602,291
 4659,843
 4577,272
 4633,861
 4597,540
 4592,924
 4574,027
 4625,191
 4536,743
 4589,571
 4556,270
 4577,431
 4589,320
 4516,150
 4526,759
 4556,207
 4512,345
 4604,474
 4619,486
 4561,013
 4483,227
 4512,781
 4473,516
 4553,375
 4537,970
 4549,375
 4525,624
 4495,340
 4457,254
 4508,525
 4399,208
 4532,726
 4483,759
 4395,774
 4464,212
 4519,906
 4520,478
 4433,984
 4383,274
 4476,629
 4498,032
 4481,718
 4466,342
 4366,524
 4461,918
 4430,060
 4437,207
 4459,812
 4429,750
 4413,169
 4335,630
 4435,575
 4350,700
 4358,395
 4404,551
 4308,704
 4314,681
 4406,479
 4348,192
 4360,561
 4325,269
 4390,170
 4368,176
 4313,700
 4371,183
 4320,506
 4339,692
 4338,174
 4298,523
 4274,233
 4376,237
 4337,607
 4295,313
 4295,351
 4326,620
 4334,700
 4333,471
 4275,945
 4303,717
 4284,552
 4205,300
 4316,366
 4224,693
 4278,188
 4250,497
 4337,827
 4328,326
 4273,144
 4315,421
 4310,670
 4266,496
 4226,865
 4296,291
 4383,541
 4283,908
 4328,250
 4244,724




























































































































































































































































































































































































































































































































































































































































































































































































































































































































































































































































































































































































































































































































































































































































































































































































































































































































































































































































































































































































































































































































































































































































































































































































































































































































































































































































































































































































































































































































































































































































































































































































































































































































































































































































































































































































































































































































































































































































































































































































































































































































































































































































































































































































































































































































































































































































































































































































































































































































































































































































































































































































































































































































































































































































































































































































































































































































































































































































































































































































































































































































































































































































































































































































































































































































































































































































































































































































































































































































































































































































































































































































































































































































































































































































































































































































































































































































































































































































































































































































































































































































































































































































































































































































































































































































































































































































































































































































































































































































































































































































































































































































































































































































































































































































































































































































































































































































































































































































































































































































































































































































































































































































































































































































































































































































































































































































































































































































































































































































































































































































































































































































































































































































































































































































































































































































































































































































































































































































































































































































































































































































































































































































































































































































































































































































































































































































































































































































































































































































































































































































































































































































































































































































































































































































































































































































































































































































































































































































































































































































































































































































































































































































































































































































































































































































































































































































































































































































































































































































































































































































































































































































































































































































































































































































































































































































































































































































































































































































































































































































































































































































































































































































































































































































































































































































































































































































































































































































































































































































































































































































































































































































































































































































































































































































































































































































































































































































































































































































































































































































































































































































































































































































































































































































































































































































































































































































































































































































































































































































































































































































































































































































































































































































































































































































































































































































































































































































































































































































































































































































































































































































































































































































































































































































































































































































































































































































































































































































































































































































































































































































































































































































































































































































































































































































































































































































































































































































































































































































































































































































































































































































































































































































































































































































































































































































































































































































































































































































































































































































































































































































































































































































































































































































































































































































































































































































































































































































































































































































































































































































































































































































































































































































































































































































































































































































































































































































































































































































































































































































































































































































































































































































































































































































































































































































































































































































































































































































































































































































































































































































































































































































































































































































































































































































































































































































































































































































































































































































































































































































































































































































































































































































































































































































































































































































































































































































































































































































































































































































































































































































































































































































































































































































































































































































































































































































































































































































































































































































































































































































































































































































































































































































































































































































































































































































































































































































































































































































































































































































































































































































































































































































































































































































































































































































