 564,570
 583,568
 556,498
 611,533
 525,830
 581,780
 593,143
 540,316
 570,613
 531,831
 570,504
 576,831
 574,065
 577,371
 562,809
 579,916
 549,370
 556,366
 602,725
 591,840
 595,117
 560,461
 580,594
 540,655
 582,118
 560,329
 586,179
 570,858
 584,985
 583,889
 591,923
 592,460
 540,689
 575,963
 577,255
 558,628
 582,936
 563,196
 552,395
 552,540
 586,492
 571,311
 540,075
 605,161
 563,762
 604,352
 564,477
 550,330
 583,624
 592,491
 556,870
 523,180
 571,624
 582,286
 560,837
 584,450
 591,813
 571,456
 554,563
 540,540
 583,210
 549,305
 553,270
 558,409
 521,215
 595,917
 580,717
 540,399
 562,002
 526,153
 538,587
 577,061
 624,247
 609,070
 595,629
 570,901
 561,266
 577,871
 548,392
 558,325
 576,493
 594,508
 587,045
 609,136
 544,468
 540,359
 561,013
 566,125
 577,066
 579,208
 564,915
 581,831
 559,778
 560,550
 556,507
 546,119
 582,631
 575,370
 572,228
 575,184
 561,221
 545,997
 554,562
 552,702
 592,610
 525,314
 572,942
 546,567
 581,665
 577,757
 528,620
 566,303
 596,415
 557,832
 554,443
 559,991
 572,947
 551,768
 568,056
 544,343
 597,866
 535,164
 526,904
 561,921
 557,458
 568,008
 543,224
 587,325
 549,604
 565,662
 539,343
 562,871
 584,659
 560,333
 544,447
 517,265
 567,873
 572,220
 531,617
 567,088
 572,971
 599,349
 545,025
 580,242
 561,229
 525,719
 534,156
 554,924
 559,036
 537,832
 520,565
 527,251
 528,781
 536,659
 540,064
 527,763
 567,170
 550,729
 567,525
 581,817
 548,613
 563,089
 569,976
 542,792
 578,334
 540,239
 551,550
 578,958
 542,951
 596,869
 551,439
 529,661
 537,451
 556,218
 553,794
 560,856
 555,206
 547,029
 528,829
 545,641
 558,791
 531,737
 565,569
 550,627
 566,533
 540,395
 546,373
 519,124
 545,633
 534,322
 555,246
 531,645
 541,378
 543,215
 525,476
 566,495
 543,271
 551,824
 543,574
 518,039
 543,969
 546,338
 523,409
 545,120
 531,392
 517,538
 527,657
 517,613
 563,361
 539,156
 531,791
 511,097
 520,293
 527,323
 522,294
 533,087
 549,181
 516,252
 541,489
 551,791
 525,525
 526,161
 527,336
 509,367
 512,540
 525,610
 536,822
 500,886
 520,302
 582,667
 514,720
 528,654
 494,646
 544,567
 540,362
 533,749
 551,864
 512,115
 530,030
 528,865
 531,918
 546,071
 521,536
 504,188
 514,423
 536,899
 513,987
 513,360
 539,901
 522,291
 483,698
 526,474
 490,692
 514,633
 487,008
 517,566
 499,384
 503,003
 500,790
 505,887
 505,109
 524,544
 508,359
 480,594
 507,896
 522,082
 501,134
 482,586
 490,983
 512,716
 489,610
 469,671
 522,174
 484,535
 492,195
 487,878
 512,674
 477,518
 452,446
 483,696
 476,036
 520,427
 496,179
 479,268
 487,377
 508,540
 485,262
 483,439
 523,109
 459,540
 492,410
 513,545
 500,504
 477,609
 470,299
 496,579
 477,520
 507,304
 495,788
 497,723
 515,352
 484,004
 508,304
 515,982
 474,986
 522,738
 514,914
 477,308
 436,619
 523,157
 468,089
 490,159
 500,982
 503,678
 461,952
 481,480
 467,647
 491,353
 453,885
 502,875
 488,734
 489,001
 475,258
 497,303
 496,370
 503,119
 470,515
 478,909
 483,960
 443,189
 500,441
 475,310
 469,015
 481,024
 468,031
 470,055
 505,559
 474,156
 499,728
 476,176
 467,653
 519,815
 451,976
 483,366
 483,571
 494,045
 463,457
 460,946
 474,536
 506,744
 468,830
 464,032
 471,351
 474,444
 480,960
 451,729
 490,703
 479,817
 460,275
 461,742
 483,606
 462,528
 481,369
 448,235
 488,391
 484,382
 479,879
 466,119
 492,441
 462,118
 494,420
 459,603
 448,279
 478,409
 475,477
 458,956
 467,131
 461,729
 480,931
 464,024
 491,813
 436,971
 491,189
 492,514
 485,789
 468,476
 485,013
 449,484
 493,585
 487,739
 459,900
 472,767
 451,995
 493,847
 458,296
 466,258
 482,927
 457,911
 455,048
 471,519
 507,413
 461,770
 471,557
 468,861
 465,810
 467,923
 485,427
 490,973
 468,864
 467,580
 455,091
 486,427
 455,718
 471,993
 491,008
 487,692
 497,651
 465,912
 465,159
 487,585
 483,002
 460,399
 481,999
 466,362
 454,415
 485,528
 473,112
 460,986
 457,121
 482,231
 495,152
 489,568
 480,050
 475,209
 455,599
 489,181
 464,145
 492,024
 444,502
 482,948
 463,973
 475,706
 467,689
 496,596
 478,621
 475,466
 486,636
 450,173
 470,984
 465,836
 457,241
 474,796
 447,827
 457,833
 466,469
 457,945
 445,280
 432,850
 460,534
 505,440
 460,188
 471,582
 440,440
 452,370
 443,958
 468,837
 462,032
 477,500
 491,191
 487,093
 498,608
 478,691
 461,645
 453,521
 456,013
 467,420
 481,992
 457,714
 464,251
 444,716
 455,770
 440,017
 480,065
 499,806
 448,616
 507,315
 462,308
 479,385
 464,100
 480,403
 464,373
 462,432
 463,264
 473,752
 464,415
 478,078
 485,815
 483,776
 462,915
 469,827
 516,107
 470,459
 447,966
 453,704
 458,847
 486,244
 441,404
 460,045
 477,647
 412,187
 484,494
 456,617
 464,230
 462,265
 436,816
 464,806
 486,952
 455,028
 448,274
 468,242
 484,037
 493,882
 461,411
 475,788
 463,950
 460,371
 472,369
 465,977
 458,650
 500,085
 470,457
 404,843
 489,940
 474,189
 477,044
 457,692
 486,713
 433,956
 462,373
 474,300
 471,901
 458,968
 435,449
 461,432
 493,740
 431,917
 481,702
 460,623
 453,003
 484,762
 470,895
 462,085
 497,223
 472,404
 514,427
 456,807
 456,448
 466,198
 432,537
 452,741
 482,533
 476,592
 508,633
 457,529
 502,219
 474,243
 452,093
 463,147
 450,475
 468,544
 477,237
 492,474
 469,757
 472,135
 460,425
 486,046
 474,598
 464,256
 466,666
 465,972
 499,391
 501,980
 504,512
 466,685
 486,675
 456,670
 470,776
 475,607
 480,410
 459,661
 456,054
 462,822
 469,431
 464,170
 496,369
 481,858
 468,652
 495,832
 504,597
 469,394
 471,561
 488,494
 432,794
 470,760
 476,312
 472,694
 457,560
 448,175
 469,881
 482,731
 484,183
 511,544
 497,036
 474,674
 479,739
 489,527
 477,717
 448,637
 452,987
 473,588
 465,425
 477,265
 476,430
 457,777
 468,248
 468,406
 464,668
 466,850
 448,052
 485,863
 458,980
 480,936
 475,709
 483,468
 439,456
 477,537
 453,684
 471,125
 480,565
 449,399
 464,760
 488,014
 460,109
 459,825
 479,400
 475,126
 482,895
 465,735
 471,624
 490,759
 437,821
 475,176
 482,339
 495,171
 512,386
 438,831
 505,314
 488,333
 461,406
 477,173
 498,627
 486,505
 478,575
 494,973
 489,657
 457,397
 456,902
 503,999
 459,945
 473,949
 496,839
 454,164
 464,233
 493,213
 432,553
 477,822
 480,946
 467,553
 491,950
 494,338
 469,496
 493,786
 488,550
 501,112
 480,995
 490,879
 484,429
 442,633
 500,807
 491,059
 477,725
 487,193
 470,356
 465,168
 489,845
 461,857
 477,366
 474,494
 458,795
 491,251
 484,524
 482,429
 486,408
 461,411
 472,736
 437,271
 484,760
 526,021
 481,075
 464,671
 493,284
 448,430
 483,400
 475,017
 477,915
 489,472
 432,615
 473,608
 478,083
 479,334
 493,635
 457,089
 507,198
 494,492
 432,773
 487,696
 482,818
 478,347
 527,990
 485,972
 479,693
 495,202
 485,722
 486,964
 516,068
 447,736
 495,122
 483,823
 501,006
 471,124
 480,488
 490,238
 493,328
 494,044
 504,547
 495,010
 479,009
 502,082
 486,873
 491,549
 497,558
 473,027
 481,581
 465,214
 471,721
 487,661
 490,865
 501,445
 486,709
 429,914
 510,571
 511,643
 503,143
 457,454
 507,293
 474,669
 486,381
 450,835
 491,771
 465,443
 477,882
 529,979
 480,801
 508,971
 487,195
 476,277
 507,145
 517,301
 480,726
 512,601
 479,483
 486,934
 487,651
 513,640
 480,261
 470,972
 480,385
 487,396
 506,512
 521,770
 463,771
 508,379
 488,236
 474,707
 507,068
 500,987
 485,960
 486,070
 492,326
 475,111
 474,318
 519,641
 504,184
 490,310
 467,158
 481,675
 483,855
 499,801
 486,424
 489,854
 477,339
 521,762
 449,916
 494,695
 494,178
 491,732
 506,303
 498,090
 492,206
 448,322
 489,215
 485,721
 473,279
 498,227
 488,889
 460,611
 460,777
 502,108
 465,991
 469,018
 496,631
 504,692
 526,520
 486,421
 508,513
 504,611
 520,532
 489,179
 470,638
 480,715
 509,377
 524,408
 461,442
 516,046
 473,364
 519,991
 513,479
 504,093
 503,540
 505,438
 450,804
 502,294
 500,029
 527,255
 517,265
 502,875
 480,415
 507,462
 531,186
 483,841
 485,938
 507,253
 497,436
 509,624
 493,899
 491,362
 499,662
 504,555
 538,946
 523,523
 538,048
 505,390
 466,463
 529,459
 500,866
 483,926
 519,869
 520,654
 478,919
 540,975
 510,227
 482,876
 522,226
 510,954
 540,699
 512,246
 523,965
 506,975
 504,057
 494,850
 464,906
 499,863
 517,295
 435,773
 482,396
 513,310
 532,852
 527,183
 472,408
 488,433
 492,090
 508,845
 515,343
 509,101
 503,517
 512,603
 527,702
 502,852
 506,868
 526,489
 522,687
 525,607
 524,203
 526,497
 486,145
 515,683
 526,345
 522,441
 512,427
 526,082
 512,101
 512,592
 516,978
 511,352
 529,188
 518,488
 478,286
 539,370
 508,927
 542,539
 498,917
 508,429
 518,947
 522,886
 490,289
 530,693
 511,279
 540,395
 531,551
 517,301
 528,474
 506,448
 498,663
 535,254
 495,819
 499,447
 530,631
 505,904
 457,678
 514,862
 524,565
 512,619
 473,119
 495,868
 535,678
 503,121
 541,668
 534,448
 506,480
 497,667
 525,175
 495,451
 534,797
 532,131
 521,065
 492,150
 548,579
 517,072
 509,963
 537,168
 521,117
 508,844
 523,646
 530,753
 507,183
 527,033
 520,997
 538,730
 504,940
 532,686
 557,682
 526,859
 509,195
 553,077
 501,446
 552,177
 516,953
 526,960
 547,216
 512,020
 463,758
 506,971
 533,129
 533,049
 511,107
 535,471
 526,813
 563,333
 489,773
 533,595
 499,112
 545,649
 532,439
 550,020
 525,079
 545,976
 532,344
 536,434
 514,479
 499,042
 575,299
 539,366
 533,320
 526,157
 548,304
 515,658
 550,171
 534,035
 507,360
 539,344
 541,500
 525,213
 503,873
 527,238
 549,354
 530,852
 538,692
 546,497
 517,118
 501,847
 519,141
 527,917
 540,333
 523,093
 552,987
 547,267
 541,330
 524,807
 504,418
 495,488
 501,105
 554,362
 555,354
 543,152
 544,790
 510,073
 539,458
 517,561
 519,920
 605,214
 536,540
 522,235
 533,236
 541,346
 536,407
 534,108
 503,689
 534,812
 517,538
 552,505
 520,762
 542,789
 547,901
 527,483
 532,547
 545,315
 542,615
 535,125
 534,714
 556,749
 543,289
 543,888
 536,515
 538,784
 545,775
 534,565
 572,610
 534,991
 532,773
 546,009
 522,232
 563,179
 555,326
 532,821
 519,768
 539,946
 560,488
 531,359
 518,099
 520,951
 516,516
 527,937
 530,640
 491,555
 538,741
 558,517
 544,873
 548,868
 522,734
 537,801
 543,881
 578,434
 536,547
 559,657
 527,279
 541,990
 521,228
 537,804
 537,631
 551,923
 527,288
 515,196
 545,828
 532,217
 511,223
 533,184
 540,406
 568,145
 500,623
 528,368
 557,446
 544,069
 549,735
 532,935
 559,869
 548,868
 569,018
 580,712
 560,157
 583,149
 553,475
 568,154
 555,124
 505,694
 549,911
 567,654
 553,402
 530,613
 516,976
 555,261
 510,225
 541,110
 549,740
 597,888
 524,172
 540,224
 539,690
 510,182
 546,807
 531,241
 501,880
 564,564
 570,649
 566,110
 525,343
 592,559
 530,335
 539,407
 550,759
 534,369
 525,627
 544,605
 524,421
 568,838
 537,712
 547,241
 541,938
 558,224
 545,413
 549,632
 583,480
 551,687
 558,480
 561,093
 565,425
 576,474
 529,771
 552,461
 562,510
 550,229
 562,510
 590,122
 549,141
 560,958
 589,518
 563,357
 538,214
 569,128
 511,072
 586,089
 580,016
 563,960
 556,309
 559,046
 542,006
 538,659
 575,415
 570,892
 515,856
 548,904
 575,542
 574,050
 564,748
 577,700
 560,586
 570,341
 560,717
 517,903
 549,255
 546,531
 542,447
 563,011
 568,296
 542,408
 525,319
 573,493
 569,937
 563,267
 561,675
 523,321
 557,866
 580,717
 576,536
 546,540
 551,070
 583,135
 540,345
 550,699
 570,843
 554,587
 534,975
 551,545
 555,982
 578,086
 592,375
 556,758
 553,404
 549,446
 597,359
 614,028
 637,191
 598,978
 569,262
 565,599
 571,960
 615,051
 528,124
 556,521
 574,649
 552,794
 571,477
 565,480
 597,282
 553,006
 572,981
 562,263
 560,013
 573,215
 567,015
 547,709
 585,638
 584,365
 615,923
 560,702
 586,162
 590,236
 588,146
 536,338
 568,778
 578,005
 555,917
 560,966
 561,989
 597,150
 607,352
 603,141
 604,000
 582,006
 594,853
 568,742
 616,925
 564,502
 608,090
 539,756
 578,133
 554,859
 578,991
 572,154
 560,642
 569,304
 567,124
 562,864
 579,561
 574,413
 555,326
 578,657
 525,328
 585,641
 592,042
 598,843
 611,969
 575,380
 562,577
 606,291
 579,703
 556,215
 593,020
 578,123
 621,687
 608,319
 592,500
 578,410
 573,427
 621,371
 569,868
 599,431
 603,857
 571,501
 587,528
 592,322
 554,787
 587,850
 598,767
 591,601
 538,608
 614,486
 561,606
 595,018
 596,858
 604,115
 569,678
 568,916
 593,104
 594,218
 612,671
 605,334
 613,246
 563,237
 640,321
 584,264
 608,697
 608,645
 566,355
 577,422
 592,608
 630,845
 557,235
 584,431
 591,305
 567,209
 571,593
 576,339
 608,968
 584,863
 624,824
 577,241
 604,025
 560,711
 619,598
 600,513
 612,114
 614,747
 588,529
 615,850
 587,959
 604,693
 580,213
 600,371
 619,081
 600,613
 561,499
 589,611
 589,170
 603,525
 577,670
 584,526
 599,380
 613,658
 612,647
 599,538
 621,416
 578,222
 630,525
 613,800
 639,643
 597,450
 595,082
 599,181
 609,757
 602,850
 602,952
 587,699
 613,817
 637,428
 596,328
 583,290
 650,154
 602,406
 588,430
 627,213
 552,828
 586,363
 605,570
 596,745
 599,356
 613,346
 633,623
 617,003
 655,223
 611,508
 592,436
 587,634
 597,800
 607,792
 653,460
 602,452
 608,473
 610,724
 620,557
 586,190
 627,268
 620,606
 611,661
 610,730
 618,930
 576,136
 617,993
 622,165
 602,247
 580,496
 615,308
 643,380
 637,302
 586,053
 632,132
 613,628
 600,258
 613,457
 633,898
 636,937
 574,897
 606,345
 615,920
 590,810
 646,218
 630,375
 623,386
 599,658
 644,383
 622,844
 603,748
 629,118
 618,385
 626,442
 620,124
 598,897
 595,701
 592,221
 636,811
 650,857
 639,239
 616,051
 620,037
 622,934
 620,161
 601,122
 584,606
 577,881
 642,452
 639,545
 626,322
 604,198
 632,864
 638,256
 621,324
 614,871
 619,296
 600,786
 593,134
 606,869
 647,268
 641,352
 583,111
 623,435
 641,657
 634,647
 639,552
 588,453
 633,456
 617,293
 612,920
 625,155
 601,685
 636,732
 630,517
 598,016
 611,655
 632,464
 619,090
 657,808
 610,394
 630,974
 655,756
 634,551
 623,290
 627,696
 629,411
 650,897
 562,936
 619,109
 619,908
 652,695
 617,259
 640,127
 640,446
 648,683
 627,373
 625,160
 651,088
 624,528
 624,695
 640,644
 648,967
 647,468
 604,198
 623,645
 624,509
 607,205
 638,651
 611,131
 607,174
 661,897
 649,003
 635,014
 636,861
 586,359
 656,243
 666,373
 644,406
 629,557
 625,728
 634,143
 628,917
 609,804
 653,316
 632,776
 626,844
 659,338
 663,270
 656,211
 647,082
 653,555
 638,575
 637,519
 679,533
 616,881
 630,896
 606,702
 627,021
 648,002
 634,620
 635,125
 638,600
 670,997
 652,338
 636,305
 580,693
 683,310
 635,088
 642,162
 648,499
 643,264
 662,693
 668,539
 651,169
 645,300
 657,772
 624,434
 636,774
 655,213
 641,632
 633,535
 652,844
 636,111
 633,796
 631,549
 642,442
 663,212
 639,897
 638,933
 645,519
 636,539
 661,168
 612,392
 682,732
 662,469
 663,965
 683,686
 639,088
 633,401
 650,751
 644,113
 644,384
 650,310
 629,734
 637,977
 669,365
 670,658
 654,785
 659,762
 637,820
 631,131
 664,621
 645,326
 644,912
 672,042
 676,205
 675,010
 652,304
 663,430
 682,818
 660,830
 694,513
 655,567
 663,887
 642,825
 663,962
 678,859
 684,004
 661,321
 634,855
 692,445
 667,088
 671,397
 660,201
 694,669
 686,053
 679,679
 652,632
 671,747
 699,657
 685,314
 655,314
 681,023
 663,605
 678,802
 670,262
 667,830
 688,290
 651,585
 686,345
 690,323
 662,090
 691,710
 680,851
 689,766
 705,227
 705,955
 638,746
 672,760
 651,485
 676,839
 666,503
 652,760
 695,145
 657,658
 670,294
 687,286
 689,254
 675,264
 690,115
 715,146
 678,132
 708,093
 694,917
 677,787
 697,147
 660,557
 689,530
 684,662
 722,523
 691,846
 693,405
 682,436
 717,548
 704,740
 705,678
 703,199
 647,858
 703,118
 693,001
 714,586
 660,574
 688,713
 686,687
 675,390
 723,461
 720,624
 694,374
 678,218
 599,294
 727,895
 723,262
 732,786
 685,619
 720,904
 729,667
 694,675
 706,363
 729,952
 700,739
 720,330
 721,371
 710,682
 685,213
 715,601
 718,755
 717,073
 741,725
 687,698
 712,119
 698,010
 756,936
 719,118
 703,441
 735,145
 732,580
 719,784
 729,697
 727,543
 727,843
 702,998
 765,260
 752,319
 726,933
 757,315
 705,625
 739,150
 738,084
 760,443
 765,510
 740,972
 761,778
 720,492
 729,685
 754,740
 746,740
 723,968
 724,012
 739,555
 758,773
 761,941
 753,553
 752,976
 754,649
 766,530
 750,010
 776,964
 732,567
 791,570
 769,878
 771,333
 776,479
 766,915
 787,782
 740,963
 752,962
 759,543
 740,035
 782,815
 741,663
 771,955
 784,433
 760,548
 787,106
 754,099
 773,561
 768,986
 785,214
 787,505
 774,557
 772,059
 792,483
 760,018
 780,277
 802,265
 796,853
 778,954
 735,936
 816,549
 769,976
 774,555
 743,743
 777,491
 794,383
 776,750
 790,613
 793,958
 764,498
 788,893
 813,119
 797,079
 788,320
 810,382
 807,726
 861,967
 804,850
 827,145
 819,777
 824,399
 822,967
 798,597
 802,527
 794,532
 790,254
 801,825
 818,497
 824,939
 809,225
 800,154
 824,712
 825,032
 802,859
 841,525
 829,333
 826,077
 832,970
 805,017
 828,239
 821,413
 834,557
 827,534
 824,912
 808,751
 829,360
 831,177
 838,046
 838,134
 836,641
 876,462
 881,312
 817,208
 834,476
 800,141
 832,549
 831,673
 820,140
 812,315
 858,955
 857,247
 822,886
 835,898
 813,866
 836,778
 845,758
 830,389
 848,217
 818,296
 816,047
 863,020
 881,118
 844,302
 860,791
 867,579
 911,125
 843,057
 857,970
 879,664
 857,359
 853,413
 857,672
 849,779
 855,394
 840,185
 865,977
 854,237
 836,414
 864,007
 881,098
 875,630
 863,035
 857,224
 877,876
 893,833
 868,460
 857,159
 855,125
 847,788
 854,336
 924,122
 878,657
 873,258
 890,778
 892,802
 893,048
 862,150
 928,251
 880,186
 905,293
 885,730
 873,021
 920,261
 889,741
 869,283
 878,995
 887,747
 898,028
 897,622
 883,543
 892,206
 892,517
 886,722
 916,739
 870,437
 894,221
 890,745
 888,371
 931,485
 890,665
 927,503
 929,704
 899,021
 923,514
 885,671
 905,893
 901,536
 937,404
 869,747
 890,866
 906,749
 930,703
 889,767
 921,929
 986,086
 911,272
 909,510
 950,039
 958,246
 941,951
 928,062
 933,979
 902,336
 936,942
 929,513
 901,784
 910,926
 920,692
 913,530
 955,882
 910,350
 972,098
 925,439
 947,113
 935,405
 952,289
 961,683
 931,817
 929,745
 876,433
 978,029
 933,102
 974,134
 953,558
 908,894
 960,440
 988,983
 948,240
 962,137
 951,014
 975,771
 943,684
 948,662
 949,952
 955,861
 940,020
 952,362
 968,205
 960,779
 956,902
 964,427
 938,867
 964,745
 972,814
 946,764
 937,246
 941,418
 920,231
 985,494
 960,459
 971,100
 960,876
 965,027
 1001,767
 1007,698
 950,490
 914,987
 967,741
 930,178
 990,485
 965,623
 978,702
 1007,722
 959,437
 952,209
 973,499
 1016,109
 959,731
 990,742
 998,169
 992,882
 975,555
 957,542
 962,583
 991,825
 1044,504
 1004,511
 1013,194
 965,983
 996,941
 1005,879
 976,958
 983,951
 999,388
 997,013
 942,439
 989,100
 1046,165
 1025,509
 984,319
 988,943
 965,100
 995,273
 1042,333
 1007,780
 1013,174
 1032,451
 985,249
 1012,439
 1020,615
 1051,382
 1055,721
 987,857
 970,115
 1040,490
 1027,446
 991,977
 1034,650
 1040,681
 1013,141
 1006,528
 1061,457
 1020,021
 972,866
 1004,965
 1034,565
 1025,187
 1025,323
 1050,787
 1020,897
 1042,797
 1016,260
 1034,335
 1029,209
 1047,778
 1075,324
 1033,658
 1066,196
 1035,349
 1047,045
 1049,110
 1039,324
 1055,431
 1048,289
 1074,528
 1040,494
 1036,560
 1038,370
 1058,239
 1084,981
 1018,443
 1055,338
 1091,811
 1066,114
 1096,513
 1032,651
 1083,813
 1067,710
 1088,662
 1100,798
 1050,468
 1105,166
 1159,035
 1120,551
 1076,198
 1133,989
 1074,949
 1130,722
 1118,677
 1147,569
 1140,834
 1123,642
 1095,382
 1112,443
 1129,304
 1123,489
 1161,652
 1114,327
 1161,254
 1094,231
 1112,367
 1209,235
 1172,077
 1133,853
 1123,531
 1130,121
 1183,229
 1156,338
 1162,582
 1158,289
 1151,288
 1161,914
 1160,067
 1226,509
 1183,559
 1187,065
 1203,703
 1216,890
 1211,902
 1222,650
 1184,450
 1185,499
 1209,862
 1262,826
 1201,853
 1218,719
 1224,602
 1240,779
 1244,103
 1232,416
 1271,552
 1269,540
 1305,798
 1247,930
 1260,597
 1279,981
 1284,855
 1225,939
 1256,083
 1269,447
 1277,475
 1263,613
 1274,239
 1313,516
 1287,107
 1273,156
 1312,970
 1293,668
 1319,567
 1285,145
 1303,304
 1326,416
 1343,509
 1335,073
 1295,175
 1347,441
 1367,025
 1363,266
 1386,281
 1283,262
 1354,590
 1377,188
 1402,200
 1371,339
 1373,812
 1403,075
 1401,602
 1384,251
 1430,827
 1432,662
 1463,856
 1379,151
 1500,166
 1443,052
 1490,644
 1447,358
 1448,237
 1475,950
 1434,917
 1451,861
 1506,127
 1482,830
 1474,824
 1479,322
 1483,682
 1521,436
 1520,253
 1526,192
 1476,163
 1497,227
 1574,347
 1582,666
 1598,759
 1551,293
 1629,607
 1573,570
 1583,925
 1568,182
 1570,828
 1618,991
 1605,171
 1594,687
 1637,880
 1643,758
 1652,568
 1639,799
 1656,654
 1669,954
 1669,162
 1667,464
 1685,919
 1699,774
 1727,836
 1748,693
 1736,463
 1748,472
 1763,960
 1688,255
 1773,413
 1798,416
 1758,290
 1774,209
 1812,548
 1777,496
 1762,931
 1825,114
 1828,796
 1842,755
 1784,518
 1819,834
 1827,434
 1843,957
 1888,575
 1862,794
 1897,179
 1909,347
 1900,568
 1902,057
 1911,820
 1888,871
 1944,153
 1906,282
 1981,117
 1953,337
 1947,981
 1991,465
 1997,028
 1992,767
 2009,146
 2022,148
 2052,972
 2002,854
 2032,150
 2046,165
 2063,741
 2026,355
 2077,860
 2086,488
 2059,953
 2166,516
 2138,897
 2237,465
 2114,708
 2125,205
 2155,061
 2196,554
 2139,101
 2159,216
 2206,999
 2148,697
 2178,302
 2280,645
 2211,051
 2250,381
 2196,537
 2277,765
 2291,110
 2313,392
 2287,880
 2344,634
 2321,004
 2254,977
 2345,453
 2354,392
 2380,405
 2342,687
 2339,428
 2400,287
 2407,350
 2471,750
 2421,771
 2434,443
 2474,763
 2470,192
 2461,392
 2514,967
 2459,988
 2506,454
 2484,414
 2523,396
 2524,059
 2567,200
 2545,201
 2576,500
 2535,543
 2573,205
 2584,814
 2527,223
 2633,727
 2653,111
 2662,443
 2660,271
 2673,113
 2692,259
 2721,376
 2694,825
 2705,544
 2681,144
 2732,442
 2787,661
 2761,004
 2788,291
 2789,128
 2768,390
 2821,354
 2799,813
 2812,129
 2872,499
 2804,798
 2877,854
 2888,240
 2854,941
 2879,705
 2900,798
 2945,942
 2944,161
 2943,332
 2984,534
 2960,087
 2998,398
 3030,824
 3039,161
 2970,657
 3027,302
 3033,967
 3090,234
 3081,958
 3021,021
 3102,777
 3050,598
 3047,266
 3110,926
 3101,747
 3161,482
 3173,414
 3246,524
 3153,413
 3141,040
 3171,791
 3147,156
 3196,465
 3233,485
 3174,584
 3249,730
 3325,513
 3225,579
 3295,652
 3281,111
 3287,027
 3282,866
 3332,770
 3303,058
 3405,989
 3374,916
 3366,324
 3411,106
 3415,927
 3450,933
 3434,343
 3396,043
 3397,490
 3524,050
 3457,569
 3479,587
 3519,693
 3512,963
 3503,715
 3507,606
 3577,539
 3559,017
 3573,554
 3563,071
 3581,002
 3558,591
 3650,830
 3649,397
 3670,617
 3694,367
 3719,912
 3741,613
 3686,946
 3625,968
 3707,252
 3667,440
 3705,141
 3717,901
 3796,477
 3777,835
 3751,796
 3809,675
 3830,131
 3779,263
 3823,837
 3820,111
 3773,533
 3806,678
 3761,791
 3923,660
 3926,844
 3865,953
 3870,553
 3905,048
 3912,454
 3905,872
 3901,308
 3955,990
 3951,695
 3942,905
 3936,070
 3984,631
 3935,765
 3884,790
 4056,239
 4077,687
 3997,935
 3965,917
 4077,342
 4072,418
 4092,059
 4100,437
 4135,397
 4109,237
 4132,309
 4119,836
 4062,652
 4176,287
 4127,535
 4145,864
 4122,233
 4236,050
 4269,681
 4236,729
 4248,911
 4250,002
 4181,276
 4228,168
 4251,248
 4185,719
 4173,648
 4324,222
 4324,485
 4248,202
 4321,293
 4344,829
 4376,926
 4347,124
 4328,491
 4386,585
 4380,981
 4455,847
 4389,552
 4407,956
 4394,531
 4402,188
 4451,973
 4417,908
 4432,672
 4457,505
 4495,170
 4448,285
 4479,704
 4491,882
 4482,044
 4541,854
 4531,875
 4522,932
 4526,110
 4529,031
 4560,031
 4548,770
 4603,446
 4540,180
 4640,045
 4599,992
 4599,426
 4651,373
 4643,275
 4685,284
 4612,243
 4676,219
 4675,169
 4700,655
 4709,758
 4686,629
 4704,459
 4698,405
 4695,859
 4735,020
 4706,768
 4665,232
 4791,686
 4756,601
 4754,424
 4779,665
 4725,005
 4788,812
 4758,954
 4761,623
 4753,961
 4859,941
 4784,949
 4850,369
 4797,062
 4761,945
 4841,042
 4841,626
 4889,080
 4766,767
 4894,439
 4860,975
 4932,870
 4876,706
 4964,455
 4863,794
 4888,011
 4936,642
 4883,458
 4986,454
 4941,386
 4860,215
 4884,069
 5005,119
 4923,466
 4925,188
 4953,928
 4963,360
 4959,385
 4999,141
 5008,033
 4932,163
 4939,398
 4970,605
 4964,189
 5023,661
 5006,435
 5038,631
 4994,999
 4986,114
 4991,310
 5003,953
 5031,664
 5133,222
 4989,518
 5023,989
 5032,483
 5067,270
 5047,319
 5058,966
 5004,660
 5118,314
 5110,386
 5067,746
 5027,392
 5166,222
 5155,010
 5086,993
 5070,352
 5122,417
 5092,353
 5255,225
 5119,764
 5184,232
 5090,627
 5155,753
 5119,850
 5158,876
 5202,893
 5163,107
 5102,548
 5239,190
 5131,507
 5210,429
 5198,836
 5153,019
 5147,031
 5207,111
 5212,802
 5186,871
 5280,654
 5262,460
 5243,639
 5235,543
 5208,361
 5147,432
 5156,935
 5229,330
 5241,065
 5262,324
 5127,332
 5222,421
 5259,068
 5241,504
 5256,055
 5264,975
 5237,489
 5192,125
 5228,112
 5304,057
 5269,190
 5254,382
 5253,473
 5271,399
 5210,630
 5234,110
 5344,279
 5289,666
 5300,718
 5353,494
 5384,721
 5306,288
 5287,727
 5289,091
 5219,435
 5368,568
 5329,094
 5313,081
 5284,290
 5413,476
 5339,706
 5237,471
 5334,668
 5258,419
 5329,706
 5343,967
 5372,907
 5371,057
 5190,106
 5337,247
 5356,717
 5316,180
 5350,811
 5345,812
 5355,996
 5368,712
 5392,723
 5318,948
 5340,955
 5342,564
 5398,959
 5517,429
 5444,046
 5361,647
 5465,498
 5398,040
 5498,852
 5487,246
 5374,703
 5453,382
 5468,584
 5423,120
 5496,572
 5552,980
 5449,787
 5461,545
 5473,765
 5551,049
 5497,996
 5450,642
 5471,742
 5557,486
 5445,668
 5501,572
 5441,692
 5482,509
 5446,247
 5500,590
 5603,006
 5447,908
 5534,908
 5515,411
 5584,224
 5535,058
 5455,103
 5509,615
 5566,935
 5504,902
 5565,391
 5489,516
 5576,663
 5538,651
 5531,113
 5535,952
 5616,420
 5527,019
 5555,954
 5520,100
 5662,982
 5553,497
 5602,773
 5491,929
 5624,859
 5580,431
 5593,198
 5618,229
 5624,715
 5571,417
 5595,423
 5694,498
 5674,555
 5694,482
 5692,359
 5620,562
 5549,350
 5662,536
 5679,415
 5585,606
 5702,098
 5653,419
 5570,285
 5690,477
 5782,914
 5639,198
 5624,153
 5691,226
 5714,644
 5584,716
 5696,611
 5725,186
 5756,668
 5658,775
 5722,750
 5682,667
 5665,210
 5803,650
 5630,441
 5643,851
 5700,068
 5693,760
 5747,227
 5689,923
 5753,185
 5771,832
 5715,724
 5757,456
 5703,838
 5695,445
 5764,175
 5820,579
 5771,254
 5838,780
 5733,961
 5761,012
 5806,707
 5798,748
 5813,149
 5829,761
 5869,607
 5746,361
 5775,014
 5785,655
 5808,402
 5769,278
 5800,009
 5745,607
 5870,801
 5791,335
 5847,556
 5897,176
 5723,637
 5879,338
 5882,129
 5883,971
 5842,078
 5922,940
 5928,581
 5863,208
 5810,680
 5923,973
 5795,805
 5970,524
 5880,955
 5774,837
 5803,861
 5838,726
 5874,775
 5939,060
 5794,154
 5875,748
 5912,185
 5907,165
 5884,984
 5818,483
 5885,818
 5840,956
 5943,270
 5850,143
 5885,844
 5908,414
 5854,277
 5849,773
 5923,430
 5941,766
 5959,959
 5902,167
 5930,032
 5935,498
 5921,351
 6012,980
 5866,718
 5899,125
 5956,898
 5930,366
 5939,770
 5833,515
 5888,104
 5892,065
 5919,725
 5914,481
 5985,660
 5982,858
 5955,131
 5993,419
 5970,712
 5985,259
 5964,091
 6009,685
 6062,299
 5994,998
 5866,887
 6046,725
 5945,211
 5952,228
 5933,507
 5999,709
 5904,704
 5921,097
 5992,594
 5906,757
 5948,465
 6022,078
 5993,319
 5894,406
 5991,412
 5920,019
 5977,108
 5948,130
 5905,440
 5919,522
 5937,350
 5949,359
 5986,523
 5929,749
 5990,446
 5983,199
 5992,796
 5984,654
 6011,469
 5993,880
 6051,056
 5954,495
 6088,720
 6013,089
 6027,457
 6014,487
 5975,520
 5963,277
 5957,004
 6018,335
 5921,770
 6026,036
 5971,206
 6036,945
 6031,967
 6053,068
 5987,158
 5988,687
 6076,465
 5956,958
 5999,987
 5942,737
 5985,119
 6050,166
 6071,870
 5973,644
 6094,248
 5977,395
 6040,661
 6090,980
 5984,866
 6035,237
 6069,614
 6119,553
 6044,485
 6043,334
 5946,541
 5975,509
 6020,722
 5996,337
 6059,259
 6042,384
 6007,707
 6068,167
 5970,457
 6007,036
 6111,559
 6008,993
 5956,464
 6056,916
 5892,927
 6049,838
 6051,686
 6050,616
 6062,679
 6033,569
 6067,147
 5958,937
 6088,896
 6057,568
 6097,210
 6044,254
 6046,002
 6020,322
 5976,829
 6122,412
 6028,434
 6086,747
 6093,871
 6125,368
 6034,791
 6020,354
 6111,754
 6026,293
 5997,149
 6084,892
 5982,590
 6040,122
 5986,291
 6065,118
 5989,053
 6104,704
 5996,271
 5990,829
 6054,464
 6095,235
 6047,174
 6020,368
 6012,850
 6099,120
 6003,430
 5988,381
 6034,329
 5961,085
 5980,729
 5995,666
 6065,046
 6043,062
 5992,298
 5973,164
 5991,361
 5992,077
 6010,515
 6002,713
 5951,217
 5987,149
 6051,016
 6045,959
 6000,438
 5981,004
 6016,877
 5988,598
 5980,302
 5983,670
 5888,392
 6117,179
 6089,741
 6020,589
 5979,797
 6002,524
 5942,623
 6019,470
 6069,833
 6037,257
 6069,040
 6083,288
 6015,701
 5936,896
 5982,462
 5971,204
 5995,174
 5952,692
 6032,317
 6032,675
 6011,800
 6059,946
 6027,189
 5958,448
 6011,832
 5904,058
 5952,493
 6049,445
 5997,959
 6017,880
 5951,551
 5979,776
 6039,069
 6005,749
 5961,919
 5959,094
 5939,234
 5961,907
 6013,425
 6024,332
 5981,819
 6001,449
 5963,378
 5921,482
 5975,553
 5958,324
 5912,968
 5882,660
 5986,717
 5968,859
 5940,061
 5922,638
 5966,842
 5932,936
 5896,532
 5981,648
 5958,316
 5979,095
 5915,004
 5966,353
 5960,471
 5984,721
 5857,974
 5926,330
 5962,600
 5834,370
 5967,170
 5856,071
 5996,424
 5895,716
 5935,017
 5958,501
 5918,603
 5939,723
 5959,490
 5988,862
 5913,880
 5897,318
 5846,812
 5926,173
 5869,613
 5890,218
 5979,961
 5869,755
 5875,817
 5833,263
 5858,209
 5857,914
 5906,263
 5854,309
 5831,161
 5857,652
 5921,118
 5852,317
 5946,559
 5927,673
 5874,925
 5856,761
 5876,526
 5901,045
 5898,185
 5937,543
 5877,283
 5940,876
 5816,204
 5801,196
 5874,488
 5843,394
 5793,968
 5855,844
 5828,019
 5741,208
 5774,428
 5813,738
 5764,136
 5809,475
 5835,620
 5857,226
 5817,022
 5877,700
 5793,624
 5771,113
 5829,181
 5854,829
 5711,467
 5834,922
 5758,452
 5864,193
 5831,377
 5801,081
 5831,296
 5808,196
 5854,422
 5804,483
 5829,774
 5791,988
 5816,145
 5835,533
 5804,515
 5764,882
 5724,004
 5778,553
 5875,336
 5819,727
 5792,524
 5729,637
 5715,201
 5747,040
 5691,733
 5798,545
 5733,311
 5726,070
 5810,558
 5771,291
 5768,977
 5749,796
 5675,607
 5783,230
 5766,108
 5707,018
 5732,799
 5739,633
 5726,978
 5785,263
 5722,715
 5637,361
 5731,779
 5725,747
 5689,111
 5745,124
 5817,703
 5674,618
 5745,208
 5737,114
 5652,967
 5660,455
 5714,753
 5713,185
 5675,739
 5701,435
 5673,389
 5764,369
 5634,809
 5686,504
 5701,089
 5715,144
 5691,010
 5697,710
 5691,645
 5738,629
 5657,610
 5638,845
 5634,099
 5643,996
 5634,620
 5716,174
 5684,181
 5625,802
 5651,016
 5653,173
 5660,643
 5583,719
 5614,762
 5640,396
 5562,621
 5645,736
 5720,908
 5662,923
 5583,839
 5559,672
 5642,901
 5528,097
 5635,910
 5600,519
 5689,276
 5682,359
 5632,055
 5641,345
 5490,153
 5607,678
 5647,298
 5511,020
 5470,173
 5518,026
 5549,538
 5562,167
 5553,785
 5601,049
 5489,047
 5492,507
 5487,343
 5592,883
 5517,946
 5547,811
 5571,576
 5512,244
 5502,650
 5479,885
 5551,369
 5391,272
 5508,937
 5494,291
 5497,277
 5358,573
 5481,386
 5472,414
 5511,772
 5506,475
 5469,160
 5470,963
 5403,792
 5539,515
 5488,289
 5566,098
 5515,985
 5388,867
 5482,314
 5477,762
 5471,056
 5411,984
 5382,146
 5406,575
 5432,160
 5445,606
 5431,954
 5392,036
 5446,281
 5470,199
 5465,279
 5439,501
 5374,258
 5407,612
 5364,931
 5450,431
 5416,904
 5512,366
 5425,410
 5433,205
 5474,742
 5382,359
 5385,218
 5411,538
 5387,120
 5387,438
 5318,744
 5407,068
 5355,040
 5346,622
 5387,817
 5378,133
 5336,196
 5379,535
 5351,230
 5379,044
 5365,621
 5356,411
 5318,658
 5275,735
 5300,042
 5321,574
 5383,897
 5265,520
 5320,478
 5367,669
 5329,291
 5386,376
 5274,149
 5364,482
 5276,331
 5235,665
 5243,037
 5298,429
 5331,460
 5311,838
 5221,952
 5253,779
 5322,422
 5278,740
 5297,574
 5320,134
 5276,243
 5331,854
 5254,198
 5243,137
 5318,170
 5234,785
 5243,840
 5218,109
 5170,778
 5215,214
 5228,285
 5149,048
 5166,545
 5283,163
 5293,447
 5263,224
 5248,301
 5215,697
 5266,445
 5233,025
 5224,016
 5157,504
 5106,014
 5179,143
 5162,632
 5117,819
 5214,060
 5262,367
 5205,735
 5157,724
 5112,956
 5192,610
 5098,963
 5157,400
 5149,254
 5192,384
 5155,231
 5124,975
 5110,481
 5094,158
 5125,319
 5148,745
 5102,939
 5076,012
 5125,335
 5046,788
 5113,366
 5035,130
 5123,529
 5139,172
 5097,783
 5057,966
 5043,545
 5061,999
 5079,198
 5078,271
 5095,786
 5087,607
 5035,733
 5089,527
 5056,474
 5086,900
 5080,046
 5061,873
 5078,602
 5109,380
 5098,649
 5012,152
 4997,937
 5043,293
 5000,219
 5090,730
 5009,458
 4983,113
 5036,970
 5035,904
 5041,523
 5103,495
 4978,857
 5048,388
 4978,772
 5064,958
 5041,699
 5063,884
 4985,103
 5004,379
 4933,534
 4931,310
 4900,693
 5020,885
 4942,147
 4874,932
 4966,196
 4962,668
 5020,783
 4936,118
 4947,376
 4911,388
 4953,576
 4936,936
 4948,817
 4920,339
 4894,408
 4907,239
 4914,849
 4941,188
 4917,891
 4792,804
 4931,657
 4797,619
 4946,438
 4934,288
 4873,760
 4900,119
 4791,370
 4898,257
 4927,833
 4860,410
 4881,990
 4845,501
 4876,294
 4891,991
 4795,190
 4795,099
 4820,538
 4787,616
 4843,144
 4859,081
 4759,946
 4831,057
 4833,498
 4861,775
 4813,870
 4771,358
 4861,888
 4843,306
 4742,938
 4839,616
 4800,530
 4765,296
 4780,431
 4775,614
 4777,912
 4735,127
 4756,022
 4768,868
 4764,753
 4846,356
 4765,183
 4726,475
 4756,422
 4744,290
 4662,117
 4731,289
 4631,962
 4719,786
 4686,889
 4681,298
 4798,716
 4696,661
 4756,091
 4753,345
 4697,733
 4746,170
 4724,289
 4739,665
 4601,179
 4629,168
 4648,291
 4699,616
 4763,570
 4730,499
 4629,830
 4661,079
 4687,391
 4686,060
 4593,434
 4687,056
 4710,065
 4593,006
 4607,960
 4616,321
 4631,131
 4677,821
 4583,366
 4617,445
 4758,448
 4559,408
 4616,605
 4613,887
 4629,587
 4636,287
 4565,302
 4594,753
 4592,525
 4547,571
 4544,126
 4591,906
 4551,183
 4566,512
 4531,077
 4484,985
 4557,471
 4556,539
 4550,467
 4481,115
 4564,972
 4490,295
 4495,964
 4462,559
 4545,833
 4455,087
 4503,090
 4436,087
 4626,402
 4455,488
 4440,264
 4533,734
 4514,312
 4463,626
 4519,128
 4408,179
 4467,558
 4468,198
 4475,389
 4483,629
 4429,228
 4387,151
 4474,609
 4357,749
 4416,734
 4417,874
 4420,654
 4440,869
 4441,414
 4374,209
 4364,427
 4355,565
 4435,381
 4369,778
 4396,723
 4384,014
 4398,896
 4324,216
 4325,968
 4413,966
 4377,495
 4276,132
 4319,562
 4330,908
 4332,691
 4322,347
 4376,179
 4222,036
 4328,966
 4346,578
 4299,428
 4362,153
 4321,689
 4283,943
 4289,333
 4209,128
 4299,215
 4276,711
 4303,147
 4366,282
 4303,727
 4369,488
 4339,342
 4366,712
 4298,135
 4397,325
 4364,426
 4387,400
 4336,442
 4293,876




























































































































































































































































































































































































































































































































































































































































































































































































































































































































































































































































































































































































































































































































































































































































































































































































































































































































































































































































































































































































































































































































































































































































































































































































































































































































































































































































































































































































































































































































































































































































































































































































































































































































































































































































































































































































































































































































































































































































































































































































































































































































































































































































































































































































































































































































































































































































































































































































































































































































































































































































































































































































































































































































































































































































































































































































































































































































































































































































































































































































































































































































































































































































































































































































































































































































































































































































































































































































































































































































































































































































































































































































































































































































































































































































































































































































































































































































































































































































































































































































































































































































































































































































































































































































































































































































































































































































































































































































































































































































































































































































































































































































































































































































































































































































































































































































































































































































































































































































































































































































































































































































































































































































































































































































































































































































































































































































































































































































































































































































































































































































































































































































































































































































































































































































































































































































































































































































































































































































































































































































































































































































































































































































































































































































































































































































































































































































































































































































































































































































































































































































































































































































































































































































































































































































































































































































































































































































































































































































































































































































































































































































































































































































































































































































































































































































































































































































































































































































































































































































































































































































































































































































































































































































































































































































































































































































































































































































































































































































































































































































































































































































































































































































































































































































































































































































































































































































































































































































































































































































































































































































































































































































































































































































































































































































































































































































































































































































































































































































































































































































































































































































































































































































































































































































































































































































































































































































































































































































































































































































































































































































































































































































































































































































































































































































































































































































































































































































































































































































































































































































































































































































































































































































































































































































































































































































































































































































































































































































































































































































































































































































































































































































































































































































































































































































































































































































































































































































































































































































































































































































































































































































































































































































































































































































































































































































































































































































































































































































































































































































































































































































































































































































































































































































































































































































































































































































































































































































































































































































































































































































































































































































































































































































































































































































































































































































































































































































































































































































































































































































































































































































































































































































































































































































































































































































































































































































































































































































































































































































































































































































































































































































































































































































































































































































































































































































































































































































































































































































































































































































































































































































































































































































































































































































































































































































































































































































































































































































































































































































































































































































































































































































































































































































































































































































































































































































































































































































































































































































































































































































































































































































































































































































































































































































































































































































































































































































































































































































































































































































































































































































































































































































































































































































































































































































































































































































































































































































































































































































































































































































































































































































































































































