 123,229
 133,216
 131,814
 123,771
 111,523
 123,782
 105,926
 85,867
 111,250
 115,612
 146,094
 113,372
 82,207
 116,096
 109,453
 88,877
 136,701
 132,501
 114,689
 134,389
 125,104
 106,559
 98,567
 126,075
 114,290
 123,904
 157,400
 126,786
 129,991
 139,545
 147,852
 135,827
 134,301
 104,858
 111,338
 87,523
 153,337
 112,024
 116,515
 122,395
 132,863
 113,859
 119,214
 102,107
 117,506
 110,309
 127,778
 80,317
 129,995
 141,866
 139,286
 106,142
 104,615
 147,772
 154,449
 157,854
 112,789
 121,377
 125,510
 108,756
 111,013
 109,875
 116,571
 95,769
 107,181
 132,731
 141,288
 119,812
 105,916
 120,038
 127,010
 117,970
 126,381
 134,415
 127,527
 109,900
 119,379
 116,597
 113,605
 95,139
 87,365
 116,849
 117,851
 122,466
 111,592
 94,376
 109,841
 120,688
 122,891
 117,114
 115,109
 93,795
 126,356
 145,423
 114,893
 98,224
 133,371
 137,033
 125,426
 121,009
 117,150
 124,590
 118,136
 84,327
 124,782
 150,874
 125,048
 116,695
 111,379
 124,401
 128,512
 115,951
 125,582
 103,384
 130,851
 125,477
 112,218
 119,165
 94,221
 107,644
 133,041
 124,953
 99,490
 127,134
 119,121
 134,313
 111,440
 112,397
 108,263
 118,313
 107,287
 103,508
 119,834
 146,571
 121,947
 116,884
 116,974
 105,757
 116,218
 105,813
 117,157
 110,768
 128,533
 91,661
 115,246
 109,500
 115,752
 102,114
 110,322
 113,967
 98,339
 108,848
 127,581
 98,322
 109,372
 113,456
 87,873
 154,717
 96,419
 125,730
 131,029
 120,383
 110,340
 104,182
 116,786
 99,717
 126,320
 116,864
 130,556
 130,952
 116,925
 122,180
 83,549
 128,804
 119,007
 110,504
 86,285
 120,434
 103,053
 93,650
 132,469
 106,780
 119,859
 119,936
 99,796
 137,556
 109,402
 125,023
 102,654
 110,457
 93,698
 138,091
 82,833
 99,962
 101,339
 88,836
 121,591
 86,180
 123,806
 85,709
 104,540
 106,636
 117,294
 97,499
 116,538
 92,854
 99,423
 96,479
 95,260
 135,498
 68,877
 125,735
 101,617
 112,197
 95,971
 114,684
 69,611
 91,568
 103,425
 95,158
 101,387
 80,724
 107,021
 82,226
 114,890
 105,022
 120,876
 89,582
 99,168
 88,078
 63,276
 74,752
 67,778
 121,522
 89,737
 88,858
 63,283
 95,350
 90,327
 83,974
 114,880
 106,915
 75,280
 91,519
 81,820
 91,189
 76,743
 78,027
 81,630
 97,061
 90,690
 99,605
 104,784
 58,546
 69,424
 84,417
 114,295
 99,892
 88,667
 89,941
 136,950
 99,860
 101,425
 109,978
 96,046
 109,686
 102,119
 78,109
 91,421
 75,198
 66,837
 67,106
 95,032
 80,058
 105,740
 86,132
 95,089
 101,986
 86,471
 95,330
 89,582
 67,344
 117,916
 112,201
 91,638
 98,056
 82,970
 96,711
 92,691
 103,669
 70,184
 81,762
 102,307
 56,202
 96,679
 94,833
 95,161
 109,654
 92,949
 101,165
 102,410
 98,368
 46,483
 90,752
 104,915
 107,066
 82,584
 93,311
 79,929
 88,096
 90,373
 76,398
 87,220
 89,644
 75,770
 99,121
 99,761
 78,684
 86,545
 97,306
 93,268
 103,366
 66,958
 104,841
 68,137
 114,753
 91,979
 89,724
 81,122
 74,757
 105,248
 45,165
 109,594
 103,580
 81,030
 57,932
 78,691
 79,237
 64,940
 94,091
 92,395
 86,394
 81,905
 74,247
 82,371
 75,095
 114,140
 96,610
 74,975
 72,230
 105,586
 69,658
 104,284
 93,178
 75,664
 73,194
 87,318
 90,632
 58,256
 87,848
 81,860
 101,469
 88,634
 56,866
 93,472
 74,717
 87,417
 63,007
 99,160
 91,502
 74,378
 81,886
 89,404
 92,774
 79,465
 74,686
 71,119
 93,843
 78,638
 66,920
 95,801
 61,166
 105,007
 75,203
 65,474
 101,682
 82,994
 82,144
 81,735
 90,907
 53,511
 89,316
 87,932
 79,267
 71,842
 57,958
 67,800
 72,549
 81,701
 69,499
 69,895
 84,873
 112,955
 67,661
 79,083
 84,746
 100,064
 90,046
 105,347
 83,856
 85,294
 77,855
 107,220
 95,642
 69,874
 72,292
 120,754
 77,546
 95,089
 59,897
 93,817
 82,956
 61,684
 87,554
 57,311
 102,623
 59,350
 64,974
 93,604
 56,455
 65,553
 89,187
 87,315
 114,150
 59,041
 106,550
 98,717
 74,167
 117,303
 66,729
 81,341
 95,259
 65,124
 94,577
 79,059
 86,281
 91,443
 71,091
 109,379
 83,204
 43,480
 86,976
 74,479
 77,112
 109,506
 109,993
 87,497
 62,780
 71,622
 106,971
 84,657
 91,681
 59,174
 52,262
 77,711
 76,648
 58,921
 77,938
 73,334
 80,705
 82,935
 85,956
 85,567
 98,742
 76,658
 99,261
 47,204
 74,536
 71,243
 58,262
 87,611
 84,419
 65,485
 100,244
 64,346
 107,207
 103,707
 88,015
 91,572
 72,649
 75,734
 87,720
 114,766
 68,729
 83,422
 83,704
 65,773
 50,627
 77,006
 106,310
 103,711
 88,100
 87,453
 91,826
 92,326
 80,948
 106,559
 77,140
 98,019
 27,644
 99,132
 86,274
 115,185
 88,099
 72,753
 76,987
 96,401
 84,957
 82,572
 69,500
 72,733
 113,162
 82,057
 91,518
 106,987
 67,090
 112,402
 70,785
 95,952
 91,239
 68,438
 33,134
 50,510
 101,388
 77,482
 103,459
 76,775
 80,269
 78,376
 58,355
 68,243
 81,798
 79,578
 86,173
 102,097
 58,569
 97,705
 107,482
 93,309
 69,909
 75,975
 99,114
 70,081
 76,665
 80,459
 107,490
 80,643
 84,932
 54,275
 85,128
 73,414
 121,813
 102,245
 80,358
 80,266
 97,618
 87,484
 83,246
 101,976
 70,621
 79,587
 86,086
 101,871
 76,942
 77,521
 58,632
 93,605
 85,721
 101,238
 92,352
 81,534
 128,905
 97,851
 95,249
 88,752
 128,379
 61,930
 92,703
 81,121
 98,875
 62,500
 91,659
 70,416
 109,392
 80,151
 109,057
 84,382
 80,159
 103,670
 71,198
 65,992
 69,545
 80,746
 90,587
 86,307
 83,235
 96,227
 49,159
 83,700
 107,745
 90,629
 105,429
 101,843
 80,028
 85,366
 56,924
 62,864
 98,227
 84,281
 99,694
 78,152
 77,430
 77,415
 100,268
 112,923
 71,302
 90,501
 105,245
 94,092
 98,863
 110,481
 64,171
 58,398
 69,434
 63,105
 83,437
 79,517
 124,811
 87,830
 91,890
 87,590
 92,822
 98,504
 87,843
 94,584
 119,801
 92,891
 64,261
 87,354
 88,467
 75,123
 86,264
 104,076
 96,155
 100,810
 79,410
 86,092
 74,845
 80,686
 87,169
 102,615
 98,959
 78,194
 107,153
 89,003
 67,939
 99,119
 103,618
 91,240
 87,767
 105,742
 69,894
 102,901
 113,039
 95,523
 139,700
 81,931
 110,589
 103,311
 81,669
 54,097
 84,940
 82,981
 87,078
 89,898
 116,985
 66,299
 61,639
 103,156
 124,811
 63,964
 77,528
 75,982
 39,938
 105,029
 91,787
 98,830
 94,593
 99,374
 79,401
 91,516
 89,967
 104,323
 95,164
 102,939
 95,326
 111,959
 90,961
 116,193
 87,501
 77,338
 85,186
 94,488
 103,581
 114,398
 96,736
 86,574
 93,434
 110,197
 124,009
 81,513
 105,860
 108,456
 105,853
 73,352
 108,341
 74,518
 87,251
 68,900
 114,263
 83,681
 64,238
 108,279
 93,137
 88,108
 100,603
 105,391
 74,704
 111,548
 108,972
 95,672
 95,592
 84,482
 78,644
 63,479
 79,064
 107,300
 108,801
 99,599
 87,345
 99,361
 77,289
 88,027
 112,347
 95,643
 108,579
 123,252
 78,672
 96,705
 46,190
 110,463
 83,683
 103,581
 76,734
 111,281
 71,557
 96,650
 69,296
 109,959
 107,934
 65,213
 127,140
 104,723
 100,398
 88,725
 89,003
 104,307
 88,248
 97,275
 96,382
 102,859
 126,421
 89,728
 115,444
 101,998
 128,481
 115,230
 117,325
 76,913
 102,275
 93,973
 94,072
 94,682
 71,050
 106,687
 118,902
 121,896
 128,833
 117,887
 111,048
 88,410
 91,134
 124,010
 116,690
 85,073
 120,615
 110,234
 75,937
 81,674
 98,211
 79,143
 91,890
 101,964
 94,860
 114,004
 86,709
 125,310
 100,439
 106,024
 103,919
 82,553
 114,558
 89,828
 86,650
 107,077
 118,666
 111,733
 91,623
 79,810
 86,113
 116,457
 98,031
 116,036
 116,350
 105,675
 98,495
 110,320
 121,020
 66,981
 89,892
 76,228
 121,023
 55,873
 97,642
 104,385
 125,618
 121,836
 113,543
 95,240
 103,419
 97,936
 88,806
 84,630
 129,878
 115,246
 132,258
 114,441
 113,908
 141,728
 132,612
 96,207
 112,334
 95,144
 101,597
 105,260
 89,615
 126,861
 98,167
 116,720
 104,574
 115,276
 112,655
 103,765
 132,355
 108,950
 114,128
 127,134
 121,366
 91,100
 111,103
 102,200
 92,325
 121,572
 107,296
 138,406
 99,850
 131,503
 132,808
 127,979
 101,569
 72,171
 85,010
 117,733
 61,606
 83,380
 117,299
 132,744
 104,137
 123,910
 90,783
 98,809
 109,284
 106,770
 127,835
 116,516
 82,185
 105,475
 136,877
 144,170
 123,378
 95,819
 129,322
 87,778
 103,178
 117,167
 95,641
 108,760
 113,595
 104,400
 103,856
 113,631
 125,318
 137,623
 98,410
 105,596
 108,004
 69,440
 134,893
 100,900
 150,077
 113,828
 111,871
 107,097
 134,520
 119,126
 123,758
 127,282
 112,434
 121,340
 141,223
 99,148
 136,377
 103,471
 120,127
 114,826
 111,081
 109,224
 106,616
 101,261
 117,484
 114,900
 149,648
 107,145
 104,771
 132,293
 134,416
 122,446
 103,483
 124,395
 100,289
 108,410
 125,108
 112,571
 116,732
 119,865
 139,556
 118,160
 92,116
 149,177
 128,595
 118,279
 119,112
 120,261
 122,999
 110,079
 130,748
 116,247
 112,954
 119,305
 116,740
 137,094
 123,201
 83,419
 112,009
 116,084
 137,324
 108,654
 116,476
 127,447
 141,950
 117,990
 138,812
 113,361
 144,956
 109,907
 148,743
 94,210
 113,800
 109,873
 102,904
 98,185
 124,242
 124,139
 142,539
 123,879
 138,495
 120,494
 121,580
 140,313
 115,318
 154,165
 134,616
 153,147
 138,064
 100,956
 130,842
 139,413
 133,108
 108,344
 122,032
 91,148
 152,139
 151,552
 136,415
 141,054
 121,186
 127,388
 116,625
 145,409
 145,157
 117,941
 129,448
 134,218
 139,096
 126,665
 121,218
 148,595
 137,806
 132,163
 112,037
 128,031
 122,578
 131,490
 141,679
 116,830
 147,648
 111,771
 118,546
 153,672
 135,474
 108,579
 132,230
 100,087
 170,729
 125,923
 130,996
 99,759
 140,166
 148,560
 122,086
 117,651
 108,275
 97,003
 117,272
 120,697
 105,340
 158,891
 152,220
 146,621
 160,737
 154,377
 125,758
 100,363
 134,853
 127,371
 103,055
 132,362
 121,503
 140,857
 123,236
 127,040
 151,329
 131,188
 154,012
 132,768
 137,654
 115,324
 133,435
 128,914
 131,493
 95,382
 134,656
 142,547
 108,650
 106,411
 137,929
 134,934
 152,310
 137,645
 129,501
 149,508
 154,842
 130,705
 135,519
 120,617
 150,347
 118,116
 143,976
 122,505
 155,911
 151,210
 125,465
 125,240
 106,168
 154,533
 99,215
 153,405
 163,122
 114,169
 107,780
 164,438
 135,769
 137,612
 151,396
 137,097
 151,764
 162,084
 120,257
 145,304
 168,296
 114,865
 146,747
 137,813
 142,450
 147,072
 144,881
 137,730
 131,051
 120,145
 139,862
 133,328
 141,276
 129,972
 137,706
 124,611
 153,223
 143,678
 92,598
 111,201
 131,680
 129,352
 115,031
 153,338
 131,869
 130,969
 155,041
 124,492
 152,679
 124,983
 128,527
 146,546
 127,840
 153,804
 137,055
 175,560
 138,668
 118,074
 136,271
 134,929
 149,524
 181,734
 129,461
 139,804
 135,863
 138,011
 158,344
 159,154
 140,338
 142,741
 149,302
 149,568
 158,884
 141,388
 145,286
 159,373
 138,946
 158,040
 138,164
 73,554
 167,140
 136,491
 122,346
 135,994
 162,761
 152,001
 141,555
 159,196
 143,750
 104,280
 118,486
 130,652
 132,710
 128,595
 116,152
 170,855
 157,672
 154,875
 144,829
 112,829
 135,774
 107,113
 153,619
 130,505
 149,673
 169,994
 105,938
 150,169
 154,148
 142,998
 149,155
 146,016
 151,391
 179,432
 120,218
 141,404
 175,109
 124,399
 149,499
 151,348
 151,202
 124,764
 154,168
 162,428
 172,790
 171,514
 149,824
 135,820
 161,626
 160,387
 157,122
 124,580
 152,449
 144,032
 145,284
 162,022
 158,146
 139,211
 131,564
 145,596
 173,439
 138,874
 184,486
 156,214
 144,433
 159,493
 153,963
 148,163
 153,993
 172,368
 103,364
 172,150
 163,504
 172,944
 162,506
 145,094
 188,763
 151,447
 137,869
 137,541
 199,196
 162,090
 140,105
 139,217
 171,646
 135,974
 145,143
 135,079
 157,322
 132,213
 150,612
 172,034
 172,859
 182,314
 141,014
 153,176
 120,345
 154,034
 138,186
 170,092
 162,916
 154,728
 166,852
 144,501
 150,549
 142,657
 153,154
 135,870
 169,423
 182,923
 164,602
 146,871
 164,895
 148,270
 194,714
 147,920
 130,985
 164,786
 155,896
 180,892
 184,454
 159,351
 126,966
 155,297
 156,819
 146,550
 158,636
 155,689
 144,906
 148,645
 165,454
 164,509
 159,616
 167,529
 136,880
 129,216
 152,665
 146,207
 167,331
 180,093
 176,428
 167,932
 142,866
 176,886
 142,501
 156,039
 156,621
 169,994
 165,860
 163,482
 183,336
 146,057
 168,396
 143,583
 156,288
 176,935
 156,190
 172,419
 167,666
 180,002
 152,902
 150,732
 195,073
 154,520
 165,640
 149,896
 180,410
 170,057
 153,503
 163,239
 135,415
 169,407
 174,499
 171,218
 165,225
 134,330
 185,197
 158,806
 170,499
 178,560
 159,272
 153,199
 165,200
 196,981
 174,745
 180,019
 206,536
 189,442
 187,062
 142,907
 186,323
 183,079
 168,830
 178,808
 179,832
 178,368
 173,039
 164,390
 175,316
 167,051
 179,805
 164,615
 190,868
 162,100
 159,496
 189,394
 160,517
 180,414
 174,718
 169,208
 168,669
 145,074
 213,562
 167,233
 185,988
 170,030
 150,159
 184,090
 202,422
 202,140
 181,363
 170,210
 142,470
 177,212
 170,001
 166,244
 187,872
 197,169
 163,922
 173,755
 180,075
 159,166
 160,696
 196,261
 192,327
 177,862
 190,501
 143,338
 181,644
 153,261
 172,196
 165,775
 160,806
 162,101
 168,469
 192,429
 176,110
 214,350
 167,474
 154,055
 203,788
 96,965
 167,462
 157,922
 169,129
 209,792
 191,492
 164,842
 186,989
 179,285
 152,285
 186,710
 182,316
 148,645
 158,887
 180,422
 178,582
 193,136
 180,644
 174,990
 182,483
 188,887
 176,622
 176,511
 195,793
 164,894
 166,061
 201,701
 179,958
 208,211
 197,112
 185,255
 187,160
 185,515
 166,059
 151,038
 194,829
 174,132
 147,977
 165,993
 168,532
 177,255
 195,368
 166,892
 159,430
 173,282
 178,288
 184,558
 173,599
 187,200
 187,694
 176,221
 207,571
 195,570
 200,579
 194,091
 168,963
 185,879
 220,888
 227,994
 171,138
 204,278
 200,556
 184,651
 182,561
 172,119
 213,116
 197,627
 208,737
 177,573
 212,721
 160,272
 205,074
 177,010
 200,698
 199,105
 191,504
 159,545
 199,930
 193,909
 173,629
 203,015
 159,162
 202,984
 199,027
 178,149
 184,215
 188,357
 196,994
 181,745
 178,801
 213,893
 185,876
 179,809
 178,654
 181,321
 194,170
 170,119
 190,898
 166,747
 200,777
 195,310
 187,341
 154,808
 185,394
 187,399
 208,911
 179,223
 188,506
 206,638
 184,014
 183,623
 174,531
 209,522
 218,297
 166,376
 191,924
 198,020
 172,734
 191,688
 160,513
 181,264
 214,265
 199,717
 185,965
 215,366
 208,890
 184,408
 212,478
 195,113
 195,632
 164,560
 170,520
 172,200
 198,526
 163,953
 207,509
 182,298
 183,366
 199,802
 189,296
 206,026
 193,014
 178,735
 197,227
 191,090
 187,204
 185,809
 160,158
 204,836
 186,396
 161,580
 215,132
 208,358
 209,008
 183,774
 162,146
 220,713
 181,451
 201,297
 154,104
 206,679
 194,034
 194,032
 220,711
 162,452
 198,002
 211,913
 177,161
 161,562
 192,479
 187,194
 194,978
 209,080
 200,981
 169,711
 220,597
 200,458
 188,340
 199,768
 179,490
 194,783
 207,201
 193,370
 173,266
 191,143
 177,181
 222,895
 201,200
 204,979
 215,065
 189,965
 203,317
 198,986
 222,138
 189,369
 232,029
 252,358
 187,002
 172,516
 177,705
 194,146
 204,924
 217,523
 196,811
 235,917
 215,616
 223,187
 207,101
 222,646
 229,086
 185,202
 195,461
 208,734
 175,822
 209,200
 186,166
 185,243
 179,964
 214,062
 195,101
 211,510
 198,361
 178,740
 217,973
 202,195
 195,018
 219,123
 215,088
 177,735
 204,158
 211,637
 210,454
 187,639
 194,936
 213,708
 182,652
 210,204
 185,083
 202,587
 223,114
 232,849
 198,896
 207,554
 184,570
 212,036
 206,328
 224,469
 195,776
 199,144
 240,478
 209,608
 176,580
 200,392
 188,936
 213,397
 163,325
 205,662
 203,371
 194,051
 191,275
 74,122
 201,903
 220,208
 225,090
 207,960
 229,046
 225,794
 185,341
 231,981
 250,655
 203,146
 185,873
 203,298
 238,485
 235,953
 202,443
 204,505
 192,173
 203,446
 225,057
 216,437
 224,447
 209,919
 214,426
 192,468
 233,183
 222,153
 211,542
 218,451
 216,570
 201,033
 229,435
 200,220
 237,523
 170,358
 209,478
 185,914
 195,136
 230,934
 236,636
 203,201
 207,335
 210,391
 211,431
 226,358
 215,095
 219,656
 205,076
 204,028
 211,925
 225,409
 191,712
 225,104
 239,819
 230,842
 205,313
 208,999
 199,636
 201,933
 225,164
 232,417
 204,381
 228,369
 236,009
 248,956
 242,278
 210,040
 219,352
 226,604
 205,214
 205,841
 218,656
 218,573
 211,073
 236,811
 222,646
 200,056
 236,987
 223,724
 227,107
 217,436
 228,591
 228,809
 216,277
 173,185
 237,497
 207,510
 240,128
 222,778
 223,929
 221,866
 251,021
 213,109
 220,643
 211,866
 222,633
 182,701
 245,302
 194,543
 198,730
 212,034
 198,725
 246,763
 243,704
 233,674
 251,871
 221,515
 212,953
 195,754
 230,414
 234,170
 222,362
 243,495
 222,119
 213,745
 223,132
 217,139
 230,680
 217,970
 218,184
 233,731
 231,047
 234,542
 236,617
 245,724
 218,712
 231,066
 226,050
 233,708
 217,324
 231,561
 235,733
 238,846
 239,615
 243,567
 221,354
 241,603
 208,104
 224,634
 231,414
 242,544
 208,750
 234,210
 193,049
 258,498
 227,584
 228,885
 234,441
 231,656
 194,449
 230,540
 200,680
 229,985
 247,981
 175,041
 220,293
 226,106
 191,542
 212,505
 253,197
 215,589
 225,194
 216,835
 228,265
 241,501
 187,085
 219,748
 205,397
 219,137
 247,959
 229,280
 228,215
 246,663
 240,192
 227,482
 224,753
 226,864
 227,424
 243,149
 244,508
 206,244
 244,943
 253,035
 223,662
 267,375
 256,348
 237,929
 210,385
 254,890
 212,445
 207,940
 242,409
 218,695
 213,620
 260,014
 214,644
 220,943
 234,318
 247,138
 213,921
 218,689
 251,183
 238,412
 239,799
 242,685
 230,137
 263,629
 221,444
 213,099
 255,350
 241,734
 238,670
 252,575
 239,315
 227,327
 233,136
 258,341
 224,177
 209,572
 226,202
 243,969
 216,835
 221,394
 228,881
 214,423
 215,801
 254,945
 203,126
 229,434
 255,147
 252,067
 229,153
 231,824
 258,298
 254,754
 244,254
 255,292
 256,673
 244,474
 253,522
 221,483
 235,715
 240,011
 248,693
 206,491
 229,013
 227,584
 240,902
 243,113
 252,467
 212,907
 238,884
 237,074
 266,873
 241,158
 232,530
 233,794
 241,005
 236,027
 246,145
 277,131
 209,755
 262,361
 254,834
 258,047
 247,542
 229,190
 270,940
 236,333
 240,610
 258,767
 196,025
 259,575
 240,634
 206,225
 249,150
 246,424
 247,464
 242,221
 238,278
 240,570
 257,164
 251,853
 242,733
 265,709
 242,575
 161,587
 243,507
 208,641
 225,016
 245,376
 244,066
 251,861
 269,261
 257,109
 245,909
 233,673
 250,723
 241,944
 231,009
 238,353
 241,977
 264,144
 258,282
 265,099
 264,291
 268,807
 228,001
 265,739
 277,928
 244,491
 246,684
 284,766
 267,314
 251,181
 233,578
 233,797
 260,587
 218,635
 255,153
 236,336
 246,879
 242,929
 241,646
 243,323
 251,209
 253,388
 275,057
 242,878
 278,905
 238,950
 218,060
 273,858
 268,251
 275,829
 261,791
 220,324
 253,794
 254,051
 239,763
 276,050
 252,151
 253,523
 261,639
 216,919
 242,071
 247,334
 211,039
 240,843
 221,670
 228,539
 257,280
 203,572
 255,059
 274,010
 276,920
 251,387
 254,459
 282,733
 265,038
 258,981
 267,772
 295,141
 252,270
 260,428
 231,050
 241,196
 270,697
 274,747
 269,985
 242,177
 265,384
 229,024
 256,082
 257,547
 245,967
 243,680
 264,369
 261,893
 237,681
 257,645
 216,840
 275,248
 267,418
 257,622
 253,352
 289,405
 268,031
 283,444
 254,959
 263,509
 281,880
 247,492
 257,206
 236,354
 245,581
 253,021
 266,917
 249,115
 239,921
 273,247
 252,087
 239,930
 282,186
 234,592
 274,120
 258,198
 275,634
 246,567
 220,193
 240,876
 257,511
 299,842
 264,398
 232,759
 282,317
 252,149
 243,920
 300,795
 257,749
 273,290
 263,251
 242,857
 235,952
 258,846
 266,473
 246,345
 273,580
 295,524
 252,954
 255,369
 273,178
 255,691
 291,929
 289,681
 264,435
 258,766
 281,205
 253,680
 260,321
 264,589
 256,883
 290,220
 269,027
 273,666
 289,188
 268,775
 284,719
 257,124
 241,395
 261,939
 264,100
 293,546
 251,300
 257,556
 268,152
 262,230
 254,542
 259,442
 268,862
 258,114
 269,199
 262,675
 246,261
 259,478
 250,390
 273,664
 263,638
 244,998
 296,937
 300,421
 276,554
 269,723
 234,239
 283,982
 312,820
 291,919
 270,228
 299,916
 284,143
 260,332
 312,807
 264,977
 264,237
 280,752
 272,893
 257,188
 256,296
 286,894
 267,159
 274,991
 285,280
 308,893
 277,208
 284,106
 265,174
 291,047
 265,320
 264,266
 266,293
 266,147
 241,006
 260,168
 279,227
 295,007
 259,213
 264,497
 240,108
 264,788
 282,917
 292,094
 281,766
 292,559
 300,822
 310,445
 254,938
 282,710
 308,952
 291,962
 294,852
 306,796
 295,263
 284,171
 287,233
 287,500
 292,885
 246,125
 287,046
 256,889
 294,860
 279,650
 246,173
 295,771
 315,067
 291,507
 274,708
 271,191
 262,652
 275,850
 275,804
 272,120
 262,124
 298,603
 288,478
 290,542
 310,163
 288,441
 310,219
 285,358
 280,838
 280,378
 297,323
 282,377
 295,590
 278,179
 295,485
 288,493
 311,971
 283,194
 261,043
 269,089
 300,842
 272,532
 273,451
 276,752
 276,647
 277,902
 303,250
 288,298
 306,828
 295,349
 297,111
 286,036
 279,301
 282,019
 269,894
 303,936
 305,570
 250,545
 285,339
 285,008
 288,323
 288,878
 301,936
 308,070
 311,039
 301,371
 306,170
 291,653
 287,138
 274,632
 318,141
 290,489
 318,687
 321,656
 286,993
 298,428
 280,096
 270,495
 324,554
 313,742
 296,718
 310,169
 309,288
 311,800
 302,696
 306,018
 333,675
 265,342
 292,220
 286,755
 254,380
 292,506
 295,239
 283,476
 274,605
 309,037
 317,237
 300,577
 290,248
 335,043
 305,287
 298,764
 296,478
 299,419
 304,677
 271,266
 312,733
 308,151
 330,646
 301,954
 279,034
 274,407
 274,943
 307,195
 310,774
 307,246
 315,730
 296,489
 296,499
 305,799
 302,983
 291,034
 291,669
 290,161
 275,132
 266,363
 298,441
 312,995
 299,819
 291,226
 315,564
 296,571
 299,958
 300,246
 312,450
 278,547
 310,059
 292,287
 310,800
 293,905
 269,707
 330,808
 314,887
 298,431
 302,532
 324,565
 308,894
 306,378
 276,498
 272,831
 299,673
 325,121
 301,235
 299,877
 318,614
 301,889
 318,727
 327,127
 315,864
 289,156
 333,924
 304,762
 301,632
 306,273
 339,766
 288,756
 288,003
 316,059
 277,365
 301,798
 298,122
 278,088
 321,198
 316,926
 312,593
 320,034
 282,924
 296,078
 305,700
 315,697
 263,450
 329,240
 302,694
 288,427
 293,810
 305,818
 315,524
 328,761
 311,504
 296,674
 309,146
 296,367
 336,253
 332,082
 281,225
 301,905
 313,822
 300,703
 316,517
 278,756
 320,600
 318,785
 304,156
 351,500
 322,451
 300,819
 286,527
 317,113
 328,267
 335,183
 317,739
 306,242
 281,745
 324,957
 303,732
 310,234
 283,738
 309,908
 301,455
 159,549
 323,625
 310,941
 328,400
 327,239
 324,522
 269,353
 315,755
 329,321
 336,155
 304,261
 283,642
 320,048
 301,640
 288,299
 345,769
 332,969
 293,227
 331,132
 337,728
 318,703
 319,417
 318,050
 308,853
 308,504
 308,373
 320,942
 322,251
 272,940
 289,041
 350,929
 296,498
 356,625
 321,001
 348,543
 332,914
 327,111
 343,079
 327,560
 328,712
 337,833
 304,473
 341,075
 339,250
 360,345
 330,054
 299,181
 337,938
 318,360
 348,959
 332,738
 326,996
 345,300
 336,141
 337,574
 318,087
 320,189
 318,148
 328,460
 319,511
 313,589
 320,066
 306,773
 294,738
 306,271
 343,229
 340,182
 307,828
 325,382
 306,584
 335,619
 311,409
 339,342
 342,427
 325,177
 310,343
 318,921
 341,732
 341,156
 336,538
 281,246
 350,885
 341,447
 334,847
 355,236
 327,563
 309,479
 276,148
 325,058
 314,783
 303,198
 353,383
 331,920
 319,266
 338,692
 305,045
 315,169
 340,714
 337,561
 324,804
 322,434
 338,640
 309,249
 329,098
 311,100
 318,810
 327,325
 332,502
 318,505
 358,743
 332,064
 308,574
 340,061
 331,118
 336,727
 323,467
 317,621
 352,454
 325,190
 267,435
 328,680
 349,570
 288,620
 352,768
 307,140
 320,305
 318,793
 341,465
 321,067
 303,177
 315,442
 349,231
 316,528
 278,600
 339,328
 323,473
 330,478
 310,306
 319,921
 336,569
 344,174
 327,849
 296,832
 340,780
 342,667
 326,846
 336,858
 343,385
 329,311
 328,471
 327,949
 317,357
 328,688
 318,181
 318,704
 324,219
 343,143
 335,285
 353,962
 329,018
 337,762
 344,191
 328,685
 274,911
 325,433
 325,117
 323,761
 313,234
 342,826
 328,920
 322,189
 319,310
 337,024
 313,213
 348,471
 313,785
 350,609
 306,820
 346,477
 318,407
 333,612
 330,140
 314,484
 349,803
 330,108
 329,777
 328,991
 338,087
 336,659
 346,946
 372,518
 310,384
 361,443
 327,433
 316,238
 320,463
 334,737
 347,395
 313,745
 320,852
 301,190
 310,451
 341,892
 320,986
 339,926
 333,526
 330,548
 332,417
 346,236
 364,789
 308,201
 325,148
 346,782
 343,227
 333,458
 302,147
 342,246
 352,159
 363,505
 329,050
 331,697
 316,758
 295,615
 332,186
 319,305
 336,943
 355,756
 322,312
 343,843
 360,026
 357,909
 339,152
 330,130
 321,716
 344,516
 297,510
 339,051
 331,043
 306,605
 337,186
 354,271
 319,345
 314,720
 343,323
 377,463
 366,189
 345,322
 364,784
 333,109
 371,478
 353,381
 344,837
 359,167
 337,651
 303,247
 356,784
 325,385
 350,672
 326,807
 349,198
 330,888
 360,979
 360,332
 319,894
 327,220
 348,114
 320,025
 335,356
 345,677
 346,331
 341,613
 349,991
 339,779
 319,563
 354,433
 330,744
 358,338
 359,555
 320,527
 355,973
 340,490
 336,873
 307,017
 338,625
 337,209
 348,382
 348,061
 349,144
 344,767
 326,807
 295,970
 362,930
 333,302
 371,207
 361,502
 313,062
 362,141
 333,347
 338,578
 347,457
 357,478
 338,609
 325,674
 346,088
 334,672
 340,616
 348,711
 332,680
 334,183
 323,338
 332,680
 325,872
 346,893
 342,713
 359,946
 328,235
 343,500
 370,752
 316,999
 330,562
 369,143
 326,142
 357,497
 357,947
 347,642
 345,648
 303,202
 327,059
 386,119
 363,221
 361,053
 337,663
 344,996
 382,061
 344,333
 333,935
 333,841
 379,151
 376,412
 350,281
 360,308
 361,548
 371,317
 378,272
 351,236
 358,304
 344,573
 371,192
 370,153
 360,383
 348,571
 340,266
 354,499
 346,487
 343,373
 338,632
 424,892
 351,882
 349,654
 379,143
 316,715
 357,208
 378,147
 312,342
 350,958
 363,612
 347,721
 357,125
 345,278
 379,895
 346,708
 355,606
 337,233
 350,253
 350,789
 322,865
 348,439
 344,000
 370,352
 344,886
 343,834
 343,459
 380,694
 371,695
 361,323
 352,091
 363,712
 342,787
 336,419
 368,251
 354,552
 351,668
 348,906
 334,682
 356,939
 352,650
 366,793
 322,738
 361,442
 387,510
 374,461
 371,961
 346,094
 360,151
 416,668
 378,624
 390,239
 352,514
 355,950
 353,833
 336,820
 341,309
 387,031
 325,067
 390,339
 331,038
 329,578
 360,090
 383,186
 364,531
 387,405
 386,926
 347,482
 368,527
 331,630
 381,510
 357,088
 351,979
 346,512
 347,905
 349,840
 355,104
 346,491
 370,834
 379,349
 357,559
 376,560
 364,923
 357,110
 381,288
 346,890
 362,897
 408,636
 350,554
 382,821
 367,264
 353,501
 346,503
 375,402
 373,547
 330,606
 378,056
 328,433
 364,104
 349,522
 349,100
 360,391
 365,737
 330,332
 380,088
 341,643
 389,834
 387,727
 325,922
 371,544
 373,097
 375,356
 361,266
 357,570
 363,275
 364,335
 341,149
 369,490
 363,628
 373,208
 344,147
 382,568
 377,769
 347,241
 407,044
 356,639
 368,975
 329,915
 372,452
 337,060
 363,174
 342,111
 327,217
 366,983
 360,366
 396,159
 360,436
 324,499
 358,896
 370,017
 380,099
 355,598
 394,967
 359,760
 376,527
 364,500
 308,719
 325,960
 371,793
 346,548
 372,513
 396,364
 345,655
 335,587
 338,513
 376,205
 370,818
 357,526
 355,986
 366,551
 298,247
 363,694
 375,283
 397,273
 391,785
 341,560
 398,642
 387,258
 392,718
 377,926
 376,962
 385,408
 366,177
 336,655
 374,684
 389,368
 360,406
 375,889
 362,257
 352,287
 365,967
 424,930
 359,295
 371,208
 384,184
 345,799
 356,289
 339,519
 364,883
 376,483
 346,528
 352,489
 361,601
 327,315
 362,436
 355,154
 385,760
 382,167
 414,531
 350,841
 365,481
 362,267
 384,286
 371,021
 366,771
 347,575
 350,140
 369,575
 357,421
 360,536
 388,899
 364,534
 379,493
 351,757
 358,199
 371,664
 379,735
 379,002
 342,968
 372,531
 345,634
 373,027
 363,026
 370,959
 337,768
 363,423
 348,157
 335,423
 348,840
 378,326
 357,707
 323,752
 369,428
 365,886
 367,433
 335,742
 376,788
 389,591
 350,974
 341,026
 387,725
 351,654
 384,395
 370,198
 356,563
 353,724
 374,897
 344,640
 373,279
 350,296
 354,852
 378,255
 398,340
 363,140
 380,151
 326,642
 348,067
 366,856
 342,235
 338,229
 343,642
 360,683
 378,249
 368,458
 338,690
 385,711
 363,300
 333,262
 326,952
 348,345
 368,111
 351,609
 347,078
 360,553
 355,649
 345,718
 374,628
 332,973
 371,653
 389,242
 366,632
 360,668
 361,585
 353,917
 364,583
 356,320
 312,691
 379,596
 335,747
 350,232
 334,973
 364,966
 393,320
 315,900
 325,562
 377,660
 383,812
 377,841
 354,718
 358,236
 375,012
 358,093
 352,742
 349,227
 358,784
 374,238
 325,934
 359,545
 350,440
 329,675
 345,063
 353,538
 360,841
 357,052
 350,708
 366,330
 369,090
 343,302
 371,606
 367,763
 326,254
 341,575
 324,906
 330,432
 351,410
 326,029
 372,901
 348,436
 352,063
 348,272
 327,688
 313,933
 345,735
 365,669
 357,043
 339,801
 355,175
 298,859
 361,509
 360,240
 370,993
 340,328
 342,004
 363,739
 349,119
 344,247
 371,035
 368,983
 356,259
 371,059
 363,557
 392,436
 357,296
 376,991
 375,161
 342,012
 360,421
 349,505
 337,669
 365,097
 353,886
 358,371
 352,028
 346,268
 351,139
 324,959
 347,566
 381,156
 343,611
 355,724
 364,419
 374,912
 371,320
 355,279
 341,863
 311,853
 339,512
 354,853
 350,631
 352,355
 342,090
 349,045
 364,507
 315,774
 357,769
 354,781
 345,033
 342,379
 325,618
 349,987
 317,947
 302,016
 359,589
 376,303
 346,085
 355,614
 367,180
 378,457
 343,145
 349,118
 341,794
 328,243
 345,526
 335,327
 305,941
 344,033
 313,394
 334,304
 357,193
 342,009
 371,238
 332,918
 352,519
 351,159
 315,747
 383,302
 381,688
 341,256
 325,532
 350,174
 336,084
 339,429
 343,608
 351,277
 355,875
 351,689
 362,909
 383,798
 345,725
 316,335
 346,653
 338,658
 335,344
 337,428
 327,812
 346,573
 356,923
 346,919
 334,886
 326,163
 336,199
 330,503
 346,651
 330,977
 333,803
 336,152
 305,299
 345,994
 325,079
 361,109
 333,114
 343,622
 337,673
 332,029
 371,198
 353,359
 326,798
 281,322
 304,176
 314,345
 341,653
 325,492
 346,422
 334,296
 343,848
 327,901
 345,670
 318,677
 342,897
 335,281
 338,891
 357,075
 361,597
 313,959
 332,558
 328,376
 342,704
 347,998
 346,517
 355,301
 333,574
 330,147
 328,636
 343,702
 338,203
 334,800
 342,015
 341,117
 341,756
 308,131
 324,745
 351,853
 336,492
 320,329
 333,440
 343,776
 332,099
 270,247
 353,603
 347,273
 356,955
 352,054
 353,150
 284,831
 346,867
 361,086
 345,521
 319,812
 325,263
 346,056
 349,831
 336,329
 321,414
 321,150
 306,396
 354,078
 365,347
 325,384
 337,840
 348,352
 317,162
 337,543
 346,052
 357,458
 336,614
 331,352
 336,231
 324,987
 338,115
 326,665
 361,798
 347,139
 309,825
 315,996
 377,667
 330,048
 330,596
 327,982
 350,766
 325,864
 327,376
 339,633
 352,316
 359,663
 334,161
 335,301
 365,900
 323,766
 343,442
 311,767
 346,492
 338,832
 342,093
 363,992
 325,195
 351,471
 296,343
 342,160
 371,721
 309,022
 363,534
 310,381
 323,438
 318,384
 347,801
 346,514
 312,498
 345,862
 305,227
 304,567
 360,541
 335,583
 333,711
 353,931
 314,072
 350,663
 322,252
 355,955
 363,027
 335,297
 358,033
 324,095
 348,589
 321,074
 311,775
 329,551
 361,843
 353,777
 380,640
 342,279
 361,184
 330,900
 343,072
 345,243
 343,213
 353,761
 363,061
 293,326
 334,238
 338,127
 293,752
 341,154
 341,580
 340,721
 297,270
 307,416
 316,059
 327,215
 304,337
 349,414
 325,337
 320,134
 355,968
 344,829
 325,850
 323,409
 338,840
 319,374
 314,469
 327,572
 327,537
 325,204
 346,963
 278,947
 331,511
 304,788
 321,989
 360,356
 325,769
 326,187
 324,753
 344,259
 328,233
 296,581
 347,380
 356,766
 343,595
 345,092
 335,673
 335,582
 314,326
 329,191
 330,106
 288,972
 330,739
 339,045
 325,102
 329,895
 312,573
 284,262
 327,004
 292,039
 304,447
 312,106
 307,699
 318,067
 319,002
 331,662
 339,421
 313,566
 331,731
 311,536
 332,542
 328,676
 322,323
 308,737
 340,869
 302,795
 339,134
 327,478
 327,000
 337,547
 335,506
 300,971
 341,930
 283,019
 342,176
 316,766
 343,620
 313,687
 360,891
 339,950
 301,133
 323,934
 318,754
 343,045
 336,275
 288,458
 319,680
 326,081
 319,078
 322,389
 329,433
 328,574
 286,866
 311,802
 327,302
 349,043
 314,974
 326,439
 313,904
 305,930
 345,352
 295,407
 292,529
 325,309
 307,150
 314,396
 309,220
 355,874
 351,734
 299,134
 320,812
 315,890
 288,274
 333,094
 343,261
 294,712
 326,511
 331,586
 271,447
 313,233
 319,540
 349,720
 322,075
 257,814
 307,227
 297,309
 302,986
 302,611
 315,980
 278,595
 311,158
 329,534
 332,504
 296,017
 317,386
 271,427
 319,884
 327,350
 297,131
 324,212
 316,233
 333,412
 317,923
 315,478
 322,034
 322,628
 302,743
 324,051
 269,163
 308,728
 270,273
 319,301
 319,109
 280,540
 298,747
 308,701
 316,485
 336,558
 339,948
 277,487
 309,829
 290,932
 270,465
 294,644
 285,778
 319,944
 261,545
 319,575
 322,467
 306,765
 333,343
 274,007
 292,798
 292,736
 302,221
 287,280
 276,058
 289,053
 294,464
 308,992
 294,497
 298,272
 308,540
 293,038
 309,112
 290,065
 301,948
 290,516
 304,274
 314,684




























































































































































































































































































































































































































































































































































































































































































































































































































































































































































































































































































































































































































































































































































































































































































































































































































































































































































































































































































































































































































































































































































































































































































































































































































































































































































































































































































































































































































































































































































































































































































































































































































































































































































































































































































































































































































































































































































































































































































































































































































































































































































































































































































































































































































































































































































































































































































































































































































































































































































































































































































































































































































































































































































































































































































































































































































































































































































































































































































































































































































































































































































































































































































































































































































































































































































































































































































































































































































































































































































































































































































































































































































































































































































































































































































































































































































































































































































































































































































































































































































































































































































































































































































































































































































































































































































































































































































































































































































































































































































































































































































































































































































































































































































































































































































































































































































































































































































































































































































































































































































































































































































































































































































































































































































































































































































































































































































































































































































































































































































































































































































































































































































































































































































































































































































































































































































































































































































































































































































































































































































































































































































































































































































































































































































































































































































































































































































































































































































































































































































































































































































































































































































































































































































































































































































































































































































































































































































































































































































































































































































































































































































































































































































































































































































































































































































































































































































































































































































































































































































































































































































































































































































































































































































































































































































































































































































































































































































































































































































































































































































































































































































































































































































































































































































































































































































































































































































































































































































































































































































































































































































































































































































































































































































































































































































































































































































































































































































































































































































































































































































































































































































































































































































































































































































































































































































































































































































































































































































































































































































































































































































































































































































































































































































































































































































































































































































































































































































































































































































































































































































































































































































































































































































































































































































































































































































































































































































































































































































































































































































































































































































































































































































































































































































































































































































































































































































































































































































































































































































































































































































































































































































































































































































































































































































































































































































































































































































































































































































































































































































































































































































































































































































































































































































































































































































































































































































































































































































































































































































































































































































































































































































































































































































































































































































































































































































































































































































































































































































































































































































































































































































































































































































































































































































































































































































































































































































































































































































































































































































































































































































































































































































































































































































































































































































































































































































































































































































































































































































































































































































































































































































































































































































































































































































































































































































































































































































































































































































































































































































































































































































































































































































































































































































































































































































































































































































































































































































































































































































































































































































































































































































































































































































































































































































































































































































































































































































































































































































































































































































































































































































































































































































































































































































































































































